"export-world data (NetLogo 6.2.2)"
"cog-cascades-trust.nlogo"
"02/25/2023 03:05:17:451 -0500"

"RANDOM STATE"
"0 0 -1727483681 23 0.0 false -944428950 447897275 -1663113957 -1711843465 545773473 2006052820 1951605989 388789871 -1031938788 -1433716915 -1351243423 -1678966675 -944640335 -583152845 2075587782 -2108553977 -413274288 1417135531 -838566643 350573807 32211388 -1215335070 -418955952 -573101270 790007515 1689880293 -1546337884 693646939 -377657219 -358543748 -1580719118 -508006565 -1575363314 2137988586 -1619248174 1335999616 -1895133834 1736321639 -1138433509 -944058916 -1662133892 1403617146 -520183848 696958871 75270731 -1412373497 -1489058719 -1053639422 20856052 -440069583 1196642741 1055498387 -1355644389 647177317 1280490347 1957062399 -1792953658 -15304870 -495903873 -729953399 1980712512 686254906 1445272171 1790161794 1990759820 1024781747 883143032 -214865787 429679112 -799689873 -298648004 790036095 -1375469397 -879951607 -953997703 -174136586 435988306 -587565275 56067026 670604894 -635605146 -207346066 -1705852956 -1415552360 2134445370 1080852306 -1816968829 -228955700 1398667099 1341264124 606876886 -909147326 1167663431 1732068460 421608963 -1788615075 2101068812 -1055613076 -411359978 -662520084 -1654256402 1272728864 -426887529 717168085 1033030609 -797952132 88770780 -363672662 -789332431 -1551739429 -724473939 -538583349 -1529689022 1229326786 -1702638214 1525903445 903474062 -1018055071 -1929445545 604504074 1594527000 -1510796823 24864600 -2029705688 1474521829 -1006375280 1427094262 -734967110 1617013888 1607862148 1715233662 -1863106974 699138303 -1260022761 -2075580033 -1907659548 1799552830 1986940787 -1694193439 329293422 1585618690 -110410804 -533836286 250117153 -206799905 2063551391 -1395146701 1494235246 -498895679 -335763020 -87486320 2089833682 1121616433 2123594620 1297269771 -1751017898 -111171768 1006311147 -1640956576 1277307539 -1466397738 -954729225 1205201908 2096676616 -801118880 -743570041 470933678 118931542 -87632376 67525331 -420096625 454385181 1912789437 -1444511908 993334171 -669998721 -726151830 1033698284 575283206 -975838833 1019923250 231023879 1445845375 829848584 -1295819100 -1106222911 -2032761709 -624874675 -1851289573 892774613 -1592778939 -587705029 619165643 23297532 -225537541 -427190329 815904648 -1930826150 -31470265 607441194 -1357970601 -1721571931 887734615 587471770 403198799 -1553332116 -1532068254 1722182360 2081592741 749745659 1212715699 2046981105 728393544 -685138364 -2023012625 843336625 1261468873 -289555150 578731575 491247929 1598015433 -53436240 -576966928 1925104713 -1817938517 -495740979 753739294 -1497189153 503378515 -996494935 965759021 -1336852982 -2121753667 1165174936 -237488503 -3930275 1390422163 -251869915 1508528676 1340359942 716448432 -1870260042 270687068 1075299596 1624146527 -1839981745 -474849256 1633051081 245048857 -1708760768 -1395150035 1360404609 -164539019 -1759446395 1099458002 -687208315 -1390875694 -1238676865 -457940391 1590864261 -1851392129 1673179960 -903396259 1123710614 70353358 -1775546025 201926396 730000919 1934484510 1229927234 97493718 1756653415 -1234413461 -2079480687 2031168891 -2087117040 -292018240 -580045200 -1327697741 1273978419 -725773368 66701073 307210033 1002428569 1138075392 -164305573 -1015265916 -1992181967 -1169945751 1362001509 495340808 -234978441 28357020 -88757745 559588730 -1122783547 945815969 2033388088 -859280149 1740901847 353660728 -53118323 1155432828 1222526168 691313622 2089179912 1941688950 1498348630 -696628942 -392638999 1818953312 -16531957 -1689121675 2018755970 1534133179 1446328548 -1397638333 1052118142 547237371 -847300632 975888716 1980292593 2044308101 1468044214 1031358476 -1795496792 -1955338615 -1424439326 -1017516698 -1040150990 668602054 674240983 409085183 -1967899173 -258968962 -1573690521 635814134 1597287430 1356346138 -1336233460 1265613445 -1032716328 -1991616580 1596345233 -2107792822 -1946726629 -2086465836 1786664834 -1912917875 1981984431 1862355414 356732471 -494363219 -1303520565 1160189817 -1121755448 -1819124803 -1354433839 -2040283812 1547379248 -275593398 -1571252152 -1679159045 659488571 -721965319 -93333321 -1731949945 -607879188 -362159637 -517746109 -113691348 -1104684738 1087494022 -1237832978 -1827423797 -1099975507 -1956464187 794051938 -386642428 -195274286 -1215321545 882029028 -874680289 97533576 1923827202 -832609522 1528720249 1045951688 919945541 2133863087 814032856 -628512758 394721435 815589969 -771575343 1587131951 -1084728048 -1671184762 365567915 -606100934 -604123791 2118232060 -1871614224 1036961651 -816838559 -2060553550 57558247 651210028 -813873950 2120060780 1351781575 -1725275595 594969461 841618642 -1518318289 922422542 1998015098 1726641816 1458697724 -271681811 138191424 -890082981 919246189 -2129305957 -646261701 -85626870 2095730072 -1531332900 1303031945 2011516591 27744168 -988804672 -1151727819 -839399796 1883197430 -913773667 1632285069 -1134996453 -338282540 1827033555 -445470516 702512431 -1656693880 2094588518 -1387528301 -164714015 238081028 721292783 -1907012532 830635766 1783603546 -281456575 1923217650 1098740075 -1181619398 -1201009743 -615626941 -1382818532 -835309616 1295592055 -1799589523 2123049232 -211020943 1933814383 350998151 387303402 -481370546 -1681823730 320617815 -2051002262 -392998020 1358564354 -1086954944 292715836 545701418 -1557839526 -731266952 2045515529 -1256771692 1859969269 -866446441 -908113904 -1219962740 -1627322298 -1075524668 -1197604821 1562751756 -638028428 1058186750 -900431458 -2061284840 -1253496026 -400402469 -384377034 -1955786576 1611815534 -654658892 178228865 698916629 -87528578 -1411343497 -956207490 430703297 188827208 -1647527856 1299052393 -408650193 133460808 -1390217551 630395673 -1734218366 -1407435229 -1051880872 799952333 821478965 -1898506369 -530514323 -1807447469 2107378277 590281173 -434475975 139694512 499743185 -1744326577 2007356045 1843559380 -410273590 -1793967875 -1380991672 1242119203 1746531322 -738158087 -593673117 -328602814 675698135 432741558 -798692646 -367981666 1284355750 585001859 743079198 -1721082699 -989189492 -1887690949 -1604195709 1907262140 -1801405543 8888586 -1241257327 -1795420775 -1690312325 -1954437651 -1086323382 -897828621 -825162102 -1057185228 1570149014 -1933805226 78743017 142893107 645934162 905892032 1281289961 -14030636 -349359501 1663281718 -1742594983 1259652104 -774330409 2115430075 1471205990 1057084937 2138841997 -1911958796 -1459592492 1700309623 -807610818 -1709351565 -176198955 -1915719238 -1366411335 663090908 56001819 793650271 -1942591891 -1912826308 -1985268055 687820059 516331754 -1235777532 1191354341 1040236365 499171805 -1465722479 -1957714373 1195923815 923851823 -973820329 -1942867961 -926849865 -107543045 1558137961 -1787529995 1358812438 1215125471 662826057 -651972519 -1111556965 631068275 -1217066460 -296711805 465436606 1624491522 771847653 775534816 -736917786 -1613662375 526357152 -489942011 -2055109667 -375621047 -438085753 697504234 -595408603"

"GLOBALS"
"min-pxcor","max-pxcor","min-pycor","max-pycor","perspective","subject","nextIndex","directed-links","ticks","ba-m","behavior-rand","belief-resolution","beliefs-over-time","brain-type","cit-init-normal-mean","cit-init-normal-std","cit-memory-len","citizen-citizen-influence","citizen-citizen-trust?","citizen-init-dist","citizen-malleables","citizen-media-influence","citizen-media-trust?","citizen-priors","citizen-trust-fn","cits-hear-from-path?","cognitive-exponent","cognitive-exponent?","cognitive-fn","cognitive-scalar","cognitive-scalar?","cognitive-translate","cognitive-translate?","complex-spread-ratio","contagion-dir","contagion-on?","cur-message-id","epsilon","erdos-renyi-p","graph-homophily?","graph-type","institution-tactic","kronecker-k","kronecker-seed","load-graph-path","load-graph?","mag-g","mag-style","matrix-spread?","matrix-trust-conn?","media-agents?","media-citizen-influence","media-dist-normal-mean","media-dist-normal-std","media-ecosystem","media-ecosystem-dist","media-ecosystem-file","media-ecosystem-n","media-ecosystem-path","message-file","message-repeats","messages-data-path","messages-over-time","n","repetition","save-graph-path","selected-turtle","show-citizen-political?","show-media-connections?","show-social-friends?","sim-output-dir","simple-spread-chance","spread-type","threshold","tick-end","topics","watts-strogatz-k","watts-strogatz-p","zeta-cit","zeta-media"
"-16","16","-16","16","0","nobody","65","""NEITHER""","100","3","4653","7","[[0 [[[""A"" 2]] [[""A"" 1]] [[""A"" 1]] [[""A"" 0]] [[""A"" 1]] [[""A"" 1]] [[""A"" 1]] [[""A"" 1]] [[""A"" 2]] [[""A"" 0]] [[""A"" 1]] [[""A"" 1]] [[""A"" 1]] [[""A"" 1]] [[""A"" 0]] [[""A"" 1]] [[""A"" 1]] [[""A"" 0]] [[""A"" 1]] [[""A"" 1]] [[""A"" 0]] [[""A"" 1]] [[""A"" 2]] [[""A"" 0]] [[""A"" 0]] [[""A"" 4]] [[""A"" 5]] [[""A"" 6]] [[""A"" 5]] [[""A"" 5]] [[""A"" 5]] [[""A"" 5]] [[""A"" 5]] [[""A"" 5]] [[""A"" 5]] [[""A"" 6]] [[""A"" 5]] [[""A"" 5]] [[""A"" 5]] [[""A"" 5]] [[""A"" 5]] [[""A"" 6]] [[""A"" 4]] [[""A"" 5]] [[""A"" 5]] [[""A"" 5]] [[""A"" 6]] [[""A"" 5]] [[""A"" 4]] [[""A"" 5]]]] [1 [[[""A"" 4]] [[""A"" 1]] [[""A"" 1]] [[""A"" 1]] [[""A"" 1]] [[""A"" 1]] [[""A"" 1]] [[""A"" 1]] [[""A"" 1]] [[""A"" 1]] [[""A"" 1]] [[""A"" 1]] [[""A"" 2]] [[""A"" 1]] [[""A"" 1]] [[""A"" 1]] [[""A"" 1]] [[""A"" 1]] [[""A"" 1]] [[""A"" 1]] [[""A"" 1]] [[""A"" 1]] [[""A"" 4]] [[""A"" 1]] [[""A"" 1]] [[""A"" 1]] [[""A"" 5]] [[""A"" 1]] [[""A"" 2]] [[""A"" 1]] [[""A"" 5]] [[""A"" 1]] [[""A"" 5]] [[""A"" 1]] [[""A"" 1]] [[""A"" 5]] [[""A"" 1]] [[""A"" 5]] [[""A"" 5]] [[""A"" 5]] [[""A"" 1]] [[""A"" 1]] [[""A"" 1]] [[""A"" 1]] [[""A"" 1]] [[""A"" 1]] [[""A"" 5]] [[""A"" 5]] [[""A"" 5]] [[""A"" 2]]]] [2 [[[""A"" 1]] [[""A"" 1]] [[""A"" 1]] [[""A"" 1]] [[""A"" 1]] [[""A"" 1]] [[""A"" 4]] [[""A"" 1]] [[""A"" 1]] [[""A"" 1]] [[""A"" 1]] [[""A"" 4]] [[""A"" 1]] [[""A"" 1]] [[""A"" 1]] [[""A"" 4]] [[""A"" 1]] [[""A"" 4]] [[""A"" 1]] [[""A"" 1]] [[""A"" 1]] [[""A"" 1]] [[""A"" 1]] [[""A"" 1]] [[""A"" 4]] [[""A"" 1]] [[""A"" 5]] [[""A"" 4]] [[""A"" 1]] [[""A"" 1]] [[""A"" 5]] [[""A"" 1]] [[""A"" 5]] [[""A"" 1]] [[""A"" 1]] [[""A"" 5]] [[""A"" 1]] [[""A"" 5]] [[""A"" 5]] [[""A"" 5]] [[""A"" 1]] [[""A"" 1]] [[""A"" 1]] [[""A"" 1]] [[""A"" 1]] [[""A"" 1]] [[""A"" 5]] [[""A"" 5]] [[""A"" 5]] [[""A"" 1]]]] [3 [[[""A"" 0]] [[""A"" 3]] [[""A"" 3]] [[""A"" 3]] [[""A"" 0]] [[""A"" 0]] [[""A"" 3]] [[""A"" 0]] [[""A"" 3]] [[""A"" 0]] [[""A"" 3]] [[""A"" 3]] [[""A"" 0]] [[""A"" 3]] [[""A"" 0]] [[""A"" 3]] [[""A"" 0]] [[""A"" 4]] [[""A"" 0]] [[""A"" 0]] [[""A"" 3]] [[""A"" 0]] [[""A"" 0]] [[""A"" 0]] [[""A"" 3]] [[""A"" 3]] [[""A"" 3]] [[""A"" 3]] [[""A"" 3]] [[""A"" 0]] [[""A"" 3]] [[""A"" 3]] [[""A"" 3]] [[""A"" 0]] [[""A"" 3]] [[""A"" 3]] [[""A"" 3]] [[""A"" 3]] [[""A"" 3]] [[""A"" 3]] [[""A"" 0]] [[""A"" 0]] [[""A"" 3]] [[""A"" 3]] [[""A"" 0]] [[""A"" 0]] [[""A"" 3]] [[""A"" 3]] [[""A"" 3]] [[""A"" 3]]]] [4 [[[""A"" 3]] [[""A"" 3]] [[""A"" 5]] [[""A"" 5]] [[""A"" 3]] [[""A"" 3]] [[""A"" 3]] [[""A"" 5]] [[""A"" 3]] [[""A"" 1]] [[""A"" 3]] [[""A"" 3]] [[""A"" 3]] [[""A"" 1]] [[""A"" 3]] [[""A"" 3]] [[""A"" 3]] [[""A"" 3]] [[""A"" 3]] [[""A"" 3]] [[""A"" 3]] [[""A"" 1]] [[""A"" 1]] [[""A"" 1]] [[""A"" 3]] [[""A"" 3]] [[""A"" 3]] [[""A"" 3]] [[""A"" 3]] [[""A"" 5]] [[""A"" 5]] [[""A"" 3]] [[""A"" 3]] [[""A"" 5]] [[""A"" 5]] [[""A"" 5]] [[""A"" 5]] [[""A"" 5]] [[""A"" 5]] [[""A"" 3]] [[""A"" 5]] [[""A"" 3]] [[""A"" 3]] [[""A"" 3]] [[""A"" 5]] [[""A"" 1]] [[""A"" 5]] [[""A"" 1]] [[""A"" 1]] [[""A"" 3]]]] [5 [[[""A"" 1]] [[""A"" 5]] [[""A"" 5]] [[""A"" 5]] [[""A"" 1]] [[""A"" 5]] [[""A"" 1]] [[""A"" 1]] [[""A"" 1]] [[""A"" 1]] [[""A"" 1]] [[""A"" 5]] [[""A"" 1]] [[""A"" 1]] [[""A"" 1]] [[""A"" 1]] [[""A"" 1]] [[""A"" 5]] [[""A"" 1]] [[""A"" 5]] [[""A"" 5]] [[""A"" 1]] [[""A"" 1]] [[""A"" 1]] [[""A"" 5]] [[""A"" 1]] [[""A"" 1]] [[""A"" 1]] [[""A"" 1]] [[""A"" 5]] [[""A"" 1]] [[""A"" 1]] [[""A"" 1]] [[""A"" 1]] [[""A"" 5]] [[""A"" 5]] [[""A"" 1]] [[""A"" 5]] [[""A"" 1]] [[""A"" 5]] [[""A"" 1]] [[""A"" 1]] [[""A"" 1]] [[""A"" 1]] [[""A"" 1]] [[""A"" 1]] [[""A"" 5]] [[""A"" 1]] [[""A"" 1]] [[""A"" 1]]]] [6 [[[""A"" 1]] [[""A"" 6]] [[""A"" 4]] [[""A"" 4]] [[""A"" 1]] [[""A"" 6]] [[""A"" 4]] [[""A"" 1]] [[""A"" 1]] [[""A"" 4]] [[""A"" 4]] [[""A"" 6]] [[""A"" 4]] [[""A"" 1]] [[""A"" 1]] [[""A"" 1]] [[""A"" 4]] [[""A"" 4]] [[""A"" 4]] [[""A"" 4]] [[""A"" 6]] [[""A"" 4]] [[""A"" 4]] [[""A"" 4]] [[""A"" 6]] [[""A"" 1]] [[""A"" 4]] [[""A"" 4]] [[""A"" 4]] [[""A"" 4]] [[""A"" 1]] [[""A"" 1]] [[""A"" 4]] [[""A"" 4]] [[""A"" 6]] [[""A"" 4]] [[""A"" 1]] [[""A"" 4]] [[""A"" 1]] [[""A"" 4]] [[""A"" 1]] [[""A"" 1]] [[""A"" 4]] [[""A"" 1]] [[""A"" 4]] [[""A"" 4]] [[""A"" 4]] [[""A"" 4]] [[""A"" 4]] [[""A"" 4]]]] [7 [[[""A"" 2]] [[""A"" 5]] [[""A"" 2]] [[""A"" 5]] [[""A"" 2]] [[""A"" 5]] [[""A"" 5]] [[""A"" 2]] [[""A"" 2]] [[""A"" 5]] [[""A"" 5]] [[""A"" 5]] [[""A"" 5]] [[""A"" 2]] [[""A"" 2]] [[""A"" 1]] [[""A"" 5]] [[""A"" 5]] [[""A"" 5]] [[""A"" 5]] [[""A"" 5]] [[""A"" 5]] [[""A"" 5]] [[""A"" 5]] [[""A"" 5]] [[""A"" 2]] [[""A"" 5]] [[""A"" 5]] [[""A"" 2]] [[""A"" 5]] [[""A"" 2]] [[""A"" 2]] [[""A"" 2]] [[""A"" 5]] [[""A"" 5]] [[""A"" 5]] [[""A"" 2]] [[""A"" 5]] [[""A"" 2]] [[""A"" 5]] [[""A"" 2]] [[""A"" 2]] [[""A"" 2]] [[""A"" 0]] [[""A"" 5]] [[""A"" 5]] [[""A"" 2]] [[""A"" 5]] [[""A"" 5]] [[""A"" 5]]]] [8 [[[""A"" 5]] [[""A"" 5]] [[""A"" 5]] [[""A"" 5]] [[""A"" 5]] [[""A"" 5]] [[""A"" 5]] [[""A"" 5]] [[""A"" 1]] [[""A"" 5]] [[""A"" 4]] [[""A"" 5]] [[""A"" 5]] [[""A"" 1]] [[""A"" 5]] [[""A"" 5]] [[""A"" 5]] [[""A"" 5]] [[""A"" 5]] [[""A"" 5]] [[""A"" 5]] [[""A"" 5]] [[""A"" 5]] [[""A"" 5]] [[""A"" 5]] [[""A"" 1]] [[""A"" 1]] [[""A"" 5]] [[""A"" 5]] [[""A"" 1]] [[""A"" 5]] [[""A"" 5]] [[""A"" 1]] [[""A"" 5]] [[""A"" 5]] [[""A"" 5]] [[""A"" 5]] [[""A"" 5]] [[""A"" 1]] [[""A"" 5]] [[""A"" 5]] [[""A"" 5]] [[""A"" 1]] [[""A"" 1]] [[""A"" 5]] [[""A"" 5]] [[""A"" 5]] [[""A"" 5]] [[""A"" 1]] [[""A"" 5]]]] [9 [[[""A"" 6]] [[""A"" 6]] [[""A"" 6]] [[""A"" 6]] [[""A"" 6]] [[""A"" 6]] [[""A"" 6]] [[""A"" 6]] [[""A"" 6]] [[""A"" 6]] [[""A"" 6]] [[""A"" 6]] [[""A"" 6]] [[""A"" 1]] [[""A"" 6]] [[""A"" 6]] [[""A"" 6]] [[""A"" 4]] [[""A"" 6]] [[""A"" 6]] [[""A"" 6]] [[""A"" 6]] [[""A"" 6]] [[""A"" 6]] [[""A"" 6]] [[""A"" 6]] [[""A"" 6]] [[""A"" 6]] [[""A"" 6]] [[""A"" 6]] [[""A"" 6]] [[""A"" 6]] [[""A"" 6]] [[""A"" 6]] [[""A"" 6]] [[""A"" 6]] [[""A"" 5]] [[""A"" 6]] [[""A"" 6]] [[""A"" 6]] [[""A"" 6]] [[""A"" 6]] [[""A"" 6]] [[""A"" 6]] [[""A"" 6]] [[""A"" 6]] [[""A"" 6]] [[""A"" 5]] [[""A"" 5]] [[""A"" 6]]]] [10 [[[""A"" 3]] [[""A"" 6]] [[""A"" 6]] [[""A"" 3]] [[""A"" 3]] [[""A"" 3]] [[""A"" 3]] [[""A"" 6]] [[""A"" 3]] [[""A"" 3]] [[""A"" 3]] [[""A"" 6]] [[""A"" 3]] [[""A"" 3]] [[""A"" 3]] [[""A"" 3]] [[""A"" 6]] [[""A"" 3]] [[""A"" 3]] [[""A"" 6]] [[""A"" 3]] [[""A"" 3]] [[""A"" 6]] [[""A"" 3]] [[""A"" 3]] [[""A"" 3]] [[""A"" 6]] [[""A"" 3]] [[""A"" 6]] [[""A"" 6]] [[""A"" 3]] [[""A"" 3]] [[""A"" 6]] [[""A"" 3]] [[""A"" 6]] [[""A"" 3]] [[""A"" 3]] [[""A"" 6]] [[""A"" 6]] [[""A"" 6]] [[""A"" 3]] [[""A"" 3]] [[""A"" 3]] [[""A"" 3]] [[""A"" 3]] [[""A"" 3]] [[""A"" 3]] [[""A"" 3]] [[""A"" 3]] [[""A"" 3]]]] [11 [[[""A"" 3]] [[""A"" 3]] [[""A"" 3]] [[""A"" 3]] [[""A"" 3]] [[""A"" 3]] [[""A"" 3]] [[""A"" 3]] [[""A"" 3]] [[""A"" 3]] [[""A"" 3]] [[""A"" 3]] [[""A"" 3]] [[""A"" 1]] [[""A"" 3]] [[""A"" 3]] [[""A"" 3]] [[""A"" 3]] [[""A"" 3]] [[""A"" 3]] [[""A"" 3]] [[""A"" 3]] [[""A"" 3]] [[""A"" 3]] [[""A"" 3]] [[""A"" 3]] [[""A"" 3]] [[""A"" 3]] [[""A"" 3]] [[""A"" 3]] [[""A"" 3]] [[""A"" 3]] [[""A"" 3]] [[""A"" 3]] [[""A"" 3]] [[""A"" 3]] [[""A"" 3]] [[""A"" 3]] [[""A"" 3]] [[""A"" 3]] [[""A"" 3]] [[""A"" 3]] [[""A"" 3]] [[""A"" 3]] [[""A"" 3]] [[""A"" 3]] [[""A"" 3]] [[""A"" 3]] [[""A"" 3]] [[""A"" 3]]]] [12 [[[""A"" 1]] [[""A"" 1]] [[""A"" 1]] [[""A"" 5]] [[""A"" 5]] [[""A"" 5]] [[""A"" 1]] [[""A"" 5]] [[""A"" 5]] [[""A"" 1]] [[""A"" 5]] [[""A"" 1]] [[""A"" 5]] [[""A"" 1]] [[""A"" 5]] [[""A"" 2]] [[""A"" 5]] [[""A"" 5]] [[""A"" 5]] [[""A"" 5]] [[""A"" 5]] [[""A"" 1]] [[""A"" 1]] [[""A"" 1]] [[""A"" 1]] [[""A"" 5]] [[""A"" 5]] [[""A"" 5]] [[""A"" 1]] [[""A"" 5]] [[""A"" 1]] [[""A"" 5]] [[""A"" 1]] [[""A"" 5]] [[""A"" 1]] [[""A"" 1]] [[""A"" 5]] [[""A"" 5]] [[""A"" 1]] [[""A"" 1]] [[""A"" 1]] [[""A"" 5]] [[""A"" 1]] [[""A"" 5]] [[""A"" 5]] [[""A"" 1]] [[""A"" 1]] [[""A"" 5]] [[""A"" 5]] [[""A"" 1]]]] [13 [[[""A"" 0]] [[""A"" 2]] [[""A"" 4]] [[""A"" 4]] [[""A"" 4]] [[""A"" 4]] [[""A"" 2]] [[""A"" 4]] [[""A"" 4]] [[""A"" 2]] [[""A"" 4]] [[""A"" 4]] [[""A"" 4]] [[""A"" 4]] [[""A"" 4]] [[""A"" 4]] [[""A"" 4]] [[""A"" 4]] [[""A"" 4]] [[""A"" 4]] [[""A"" 0]] [[""A"" 2]] [[""A"" 2]] [[""A"" 0]] [[""A"" 4]] [[""A"" 0]] [[""A"" 0]] [[""A"" 4]] [[""A"" 4]] [[""A"" 4]] [[""A"" 0]] [[""A"" 4]] [[""A"" 4]] [[""A"" 4]] [[""A"" 4]] [[""A"" 5]] [[""A"" 4]] [[""A"" 4]] [[""A"" 0]] [[""A"" 0]] [[""A"" 5]] [[""A"" 4]] [[""A"" 4]] [[""A"" 4]] [[""A"" 4]] [[""A"" 2]] [[""A"" 2]] [[""A"" 4]] [[""A"" 4]] [[""A"" 4]]]] [14 [[[""A"" 2]] [[""A"" 5]] [[""A"" 5]] [[""A"" 2]] [[""A"" 5]] [[""A"" 5]] [[""A"" 5]] [[""A"" 2]] [[""A"" 5]] [[""A"" 5]] [[""A"" 5]] [[""A"" 5]] [[""A"" 5]] [[""A"" 5]] [[""A"" 5]] [[""A"" 5]] [[""A"" 5]] [[""A"" 5]] [[""A"" 5]] [[""A"" 5]] [[""A"" 2]] [[""A"" 5]] [[""A"" 5]] [[""A"" 2]] [[""A"" 5]] [[""A"" 2]] [[""A"" 2]] [[""A"" 5]] [[""A"" 5]] [[""A"" 5]] [[""A"" 2]] [[""A"" 5]] [[""A"" 5]] [[""A"" 5]] [[""A"" 2]] [[""A"" 5]] [[""A"" 5]] [[""A"" 5]] [[""A"" 2]] [[""A"" 2]] [[""A"" 2]] [[""A"" 5]] [[""A"" 5]] [[""A"" 5]] [[""A"" 5]] [[""A"" 5]] [[""A"" 5]] [[""A"" 5]] [[""A"" 5]] [[""A"" 5]]]] [15 [[[""A"" 1]] [[""A"" 1]] [[""A"" 1]] [[""A"" 6]] [[""A"" 1]] [[""A"" 4]] [[""A"" 1]] [[""A"" 1]] [[""A"" 1]] [[""A"" 1]] [[""A"" 1]] [[""A"" 4]] [[""A"" 1]] [[""A"" 4]] [[""A"" 1]] [[""A"" 1]] [[""A"" 5]] [[""A"" 4]] [[""A"" 1]] [[""A"" 1]] [[""A"" 1]] [[""A"" 1]] [[""A"" 4]] [[""A"" 1]] [[""A"" 6]] [[""A"" 1]] [[""A"" 1]] [[""A"" 1]] [[""A"" 1]] [[""A"" 1]] [[""A"" 1]] [[""A"" 4]] [[""A"" 6]] [[""A"" 1]] [[""A"" 1]] [[""A"" 4]] [[""A"" 1]] [[""A"" 4]] [[""A"" 1]] [[""A"" 1]] [[""A"" 1]] [[""A"" 1]] [[""A"" 1]] [[""A"" 1]] [[""A"" 4]] [[""A"" 1]] [[""A"" 1]] [[""A"" 1]] [[""A"" 1]] [[""A"" 6]]]] [16 [[[""A"" 4]] [[""A"" 4]] [[""A"" 4]] [[""A"" 4]] [[""A"" 1]] [[""A"" 1]] [[""A"" 4]] [[""A"" 1]] [[""A"" 4]] [[""A"" 1]] [[""A"" 4]] [[""A"" 1]] [[""A"" 4]] [[""A"" 4]] [[""A"" 4]] [[""A"" 4]] [[""A"" 4]] [[""A"" 4]] [[""A"" 1]] [[""A"" 4]] [[""A"" 4]] [[""A"" 4]] [[""A"" 4]] [[""A"" 4]] [[""A"" 4]] [[""A"" 1]] [[""A"" 1]] [[""A"" 4]] [[""A"" 4]] [[""A"" 1]] [[""A"" 1]] [[""A"" 4]] [[""A"" 4]] [[""A"" 1]] [[""A"" 1]] [[""A"" 4]] [[""A"" 1]] [[""A"" 1]] [[""A"" 1]] [[""A"" 1]] [[""A"" 1]] [[""A"" 4]] [[""A"" 1]] [[""A"" 4]] [[""A"" 4]] [[""A"" 4]] [[""A"" 4]] [[""A"" 4]] [[""A"" 1]] [[""A"" 4]]]] [17 [[[""A"" 5]] [[""A"" 1]] [[""A"" 5]] [[""A"" 1]] [[""A"" 3]] [[""A"" 1]] [[""A"" 3]] [[""A"" 5]] [[""A"" 1]] [[""A"" 0]] [[""A"" 5]] [[""A"" 5]] [[""A"" 5]] [[""A"" 3]] [[""A"" 5]] [[""A"" 5]] [[""A"" 5]] [[""A"" 5]] [[""A"" 1]] [[""A"" 3]] [[""A"" 5]] [[""A"" 5]] [[""A"" 1]] [[""A"" 3]] [[""A"" 5]] [[""A"" 5]] [[""A"" 3]] [[""A"" 5]] [[""A"" 3]] [[""A"" 1]] [[""A"" 5]] [[""A"" 5]] [[""A"" 1]] [[""A"" 1]] [[""A"" 3]] [[""A"" 3]] [[""A"" 1]] [[""A"" 1]] [[""A"" 1]] [[""A"" 1]] [[""A"" 1]] [[""A"" 1]] [[""A"" 3]] [[""A"" 5]] [[""A"" 5]] [[""A"" 1]] [[""A"" 1]] [[""A"" 5]] [[""A"" 1]] [[""A"" 3]]]] [18 [[[""A"" 1]] [[""A"" 1]] [[""A"" 1]] [[""A"" 1]] [[""A"" 1]] [[""A"" 1]] [[""A"" 1]] [[""A"" 1]] [[""A"" 1]] [[""A"" 1]] [[""A"" 1]] [[""A"" 4]] [[""A"" 1]] [[""A"" 1]] [[""A"" 1]] [[""A"" 4]] [[""A"" 1]] [[""A"" 1]] [[""A"" 1]] [[""A"" 4]] [[""A"" 1]] [[""A"" 4]] [[""A"" 1]] [[""A"" 1]] [[""A"" 1]] [[""A"" 1]] [[""A"" 1]] [[""A"" 1]] [[""A"" 4]] [[""A"" 1]] [[""A"" 1]] [[""A"" 1]] [[""A"" 4]] [[""A"" 1]] [[""A"" 1]] [[""A"" 1]] [[""A"" 1]] [[""A"" 1]] [[""A"" 1]] [[""A"" 1]] [[""A"" 1]] [[""A"" 1]] [[""A"" 1]] [[""A"" 2]] [[""A"" 4]] [[""A"" 1]] [[""A"" 1]] [[""A"" 1]] [[""A"" 1]] [[""A"" 1]]]] [19 [[[""A"" 0]] [[""A"" 5]] [[""A"" 5]] [[""A"" 5]] [[""A"" 5]] [[""A"" 5]] [[""A"" 3]] [[""A"" 5]] [[""A"" 5]] [[""A"" 3]] [[""A"" 5]] [[""A"" 3]] [[""A"" 0]] [[""A"" 0]] [[""A"" 3]] [[""A"" 3]] [[""A"" 0]] [[""A"" 0]] [[""A"" 5]] [[""A"" 5]] [[""A"" 5]] [[""A"" 3]] [[""A"" 3]] [[""A"" 3]] [[""A"" 0]] [[""A"" 0]] [[""A"" 3]] [[""A"" 3]] [[""A"" 5]] [[""A"" 5]] [[""A"" 5]] [[""A"" 5]] [[""A"" 5]] [[""A"" 5]] [[""A"" 0]] [[""A"" 0]] [[""A"" 5]] [[""A"" 5]] [[""A"" 0]] [[""A"" 5]] [[""A"" 3]] [[""A"" 5]] [[""A"" 0]] [[""A"" 5]] [[""A"" 5]] [[""A"" 3]] [[""A"" 0]] [[""A"" 5]] [[""A"" 5]] [[""A"" 5]]]] [20 [[[""A"" 4]] [[""A"" 4]] [[""A"" 1]] [[""A"" 4]] [[""A"" 4]] [[""A"" 4]] [[""A"" 4]] [[""A"" 1]] [[""A"" 1]] [[""A"" 4]] [[""A"" 1]] [[""A"" 1]] [[""A"" 1]] [[""A"" 1]] [[""A"" 4]] [[""A"" 4]] [[""A"" 4]] [[""A"" 1]] [[""A"" 4]] [[""A"" 1]] [[""A"" 4]] [[""A"" 4]] [[""A"" 4]] [[""A"" 1]] [[""A"" 4]] [[""A"" 1]] [[""A"" 1]] [[""A"" 4]] [[""A"" 4]] [[""A"" 4]] [[""A"" 1]] [[""A"" 1]] [[""A"" 4]] [[""A"" 1]] [[""A"" 1]] [[""A"" 1]] [[""A"" 1]] [[""A"" 4]] [[""A"" 4]] [[""A"" 4]] [[""A"" 4]] [[""A"" 4]] [[""A"" 4]] [[""A"" 4]] [[""A"" 4]] [[""A"" 4]] [[""A"" 1]] [[""A"" 1]] [[""A"" 4]] [[""A"" 4]]]] [21 [[[""A"" 5]] [[""A"" 5]] [[""A"" 2]] [[""A"" 5]] [[""A"" 5]] [[""A"" 5]] [[""A"" 5]] [[""A"" 2]] [[""A"" 5]] [[""A"" 5]] [[""A"" 5]] [[""A"" 5]] [[""A"" 4]] [[""A"" 5]] [[""A"" 5]] [[""A"" 5]] [[""A"" 5]] [[""A"" 5]] [[""A"" 2]] [[""A"" 2]] [[""A"" 5]] [[""A"" 2]] [[""A"" 2]] [[""A"" 5]] [[""A"" 5]] [[""A"" 5]] [[""A"" 5]] [[""A"" 2]] [[""A"" 5]] [[""A"" 2]] [[""A"" 5]] [[""A"" 5]] [[""A"" 2]] [[""A"" 5]] [[""A"" 5]] [[""A"" 5]] [[""A"" 5]] [[""A"" 5]] [[""A"" 5]] [[""A"" 4]] [[""A"" 5]] [[""A"" 2]] [[""A"" 5]] [[""A"" 2]] [[""A"" 2]] [[""A"" 5]] [[""A"" 5]] [[""A"" 2]] [[""A"" 5]] [[""A"" 5]]]] [22 [[[""A"" 5]] [[""A"" 5]] [[""A"" 5]] [[""A"" 5]] [[""A"" 1]] [[""A"" 5]] [[""A"" 5]] [[""A"" 5]] [[""A"" 5]] [[""A"" 5]] [[""A"" 1]] [[""A"" 1]] [[""A"" 1]] [[""A"" 5]] [[""A"" 5]] [[""A"" 1]] [[""A"" 1]] [[""A"" 5]] [[""A"" 1]] [[""A"" 1]] [[""A"" 4]] [[""A"" 5]] [[""A"" 1]] [[""A"" 5]] [[""A"" 5]] [[""A"" 1]] [[""A"" 5]] [[""A"" 1]] [[""A"" 5]] [[""A"" 5]] [[""A"" 1]] [[""A"" 5]] [[""A"" 1]] [[""A"" 5]] [[""A"" 5]] [[""A"" 1]] [[""A"" 5]] [[""A"" 5]] [[""A"" 1]] [[""A"" 5]] [[""A"" 5]] [[""A"" 5]] [[""A"" 5]] [[""A"" 5]] [[""A"" 5]] [[""A"" 5]] [[""A"" 5]] [[""A"" 1]] [[""A"" 5]] [[""A"" 5]]]] [23 [[[""A"" 0]] [[""A"" 0]] [[""A"" 0]] [[""A"" 5]] [[""A"" 0]] [[""A"" 0]] [[""A"" 0]] [[""A"" 0]] [[""A"" 0]] [[""A"" 0]] [[""A"" 3]] [[""A"" 0]] [[""A"" 1]] [[""A"" 0]] [[""A"" 5]] [[""A"" 0]] [[""A"" 0]] [[""A"" 5]] [[""A"" 0]] [[""A"" 0]] [[""A"" 3]] [[""A"" 0]] [[""A"" 0]] [[""A"" 0]] [[""A"" 0]] [[""A"" 0]] [[""A"" 0]] [[""A"" 0]] [[""A"" 3]] [[""A"" 0]] [[""A"" 3]] [[""A"" 5]] [[""A"" 0]] [[""A"" 0]] [[""A"" 0]] [[""A"" 3]] [[""A"" 0]] [[""A"" 3]] [[""A"" 0]] [[""A"" 3]] [[""A"" 3]] [[""A"" 0]] [[""A"" 5]] [[""A"" 5]] [[""A"" 5]] [[""A"" 3]] [[""A"" 3]] [[""A"" 0]] [[""A"" 1]] [[""A"" 0]]]] [24 [[[""A"" 6]] [[""A"" 6]] [[""A"" 6]] [[""A"" 6]] [[""A"" 1]] [[""A"" 5]] [[""A"" 6]] [[""A"" 6]] [[""A"" 1]] [[""A"" 6]] [[""A"" 1]] [[""A"" 6]] [[""A"" 6]] [[""A"" 6]] [[""A"" 6]] [[""A"" 6]] [[""A"" 6]] [[""A"" 6]] [[""A"" 1]] [[""A"" 6]] [[""A"" 6]] [[""A"" 1]] [[""A"" 6]] [[""A"" 6]] [[""A"" 6]] [[""A"" 1]] [[""A"" 6]] [[""A"" 6]] [[""A"" 6]] [[""A"" 6]] [[""A"" 6]] [[""A"" 6]] [[""A"" 1]] [[""A"" 6]] [[""A"" 6]] [[""A"" 6]] [[""A"" 6]] [[""A"" 6]] [[""A"" 1]] [[""A"" 1]] [[""A"" 6]] [[""A"" 6]] [[""A"" 6]] [[""A"" 6]] [[""A"" 6]] [[""A"" 6]] [[""A"" 6]] [[""A"" 6]] [[""A"" 6]] [[""A"" 6]]]] [25 [[[""A"" 4]] [[""A"" 4]] [[""A"" 4]] [[""A"" 4]] [[""A"" 4]] [[""A"" 4]] [[""A"" 4]] [[""A"" 4]] [[""A"" 1]] [[""A"" 4]] [[""A"" 4]] [[""A"" 4]] [[""A"" 4]] [[""A"" 4]] [[""A"" 4]] [[""A"" 4]] [[""A"" 4]] [[""A"" 4]] [[""A"" 4]] [[""A"" 4]] [[""A"" 4]] [[""A"" 4]] [[""A"" 4]] [[""A"" 4]] [[""A"" 4]] [[""A"" 4]] [[""A"" 4]] [[""A"" 4]] [[""A"" 4]] [[""A"" 4]] [[""A"" 4]] [[""A"" 4]] [[""A"" 1]] [[""A"" 4]] [[""A"" 4]] [[""A"" 4]] [[""A"" 4]] [[""A"" 4]] [[""A"" 1]] [[""A"" 1]] [[""A"" 4]] [[""A"" 4]] [[""A"" 4]] [[""A"" 4]] [[""A"" 4]] [[""A"" 4]] [[""A"" 4]] [[""A"" 4]] [[""A"" 4]] [[""A"" 4]]]] [26 [[[""A"" 1]] [[""A"" 1]] [[""A"" 5]] [[""A"" 5]] [[""A"" 1]] [[""A"" 5]] [[""A"" 1]] [[""A"" 1]] [[""A"" 1]] [[""A"" 1]] [[""A"" 5]] [[""A"" 5]] [[""A"" 1]] [[""A"" 1]] [[""A"" 5]] [[""A"" 5]] [[""A"" 1]] [[""A"" 5]] [[""A"" 5]] [[""A"" 1]] [[""A"" 5]] [[""A"" 1]] [[""A"" 1]] [[""A"" 5]] [[""A"" 1]] [[""A"" 1]] [[""A"" 5]] [[""A"" 5]] [[""A"" 5]] [[""A"" 1]] [[""A"" 5]] [[""A"" 1]] [[""A"" 1]] [[""A"" 1]] [[""A"" 5]] [[""A"" 5]] [[""A"" 5]] [[""A"" 1]] [[""A"" 1]] [[""A"" 1]] [[""A"" 1]] [[""A"" 1]] [[""A"" 1]] [[""A"" 1]] [[""A"" 5]] [[""A"" 1]] [[""A"" 1]] [[""A"" 5]] [[""A"" 1]] [[""A"" 5]]]] [27 [[[""A"" 4]] [[""A"" 0]] [[""A"" 0]] [[""A"" 4]] [[""A"" 0]] [[""A"" 0]] [[""A"" 0]] [[""A"" 0]] [[""A"" 0]] [[""A"" 0]] [[""A"" 4]] [[""A"" 4]] [[""A"" 4]] [[""A"" 4]] [[""A"" 0]] [[""A"" 0]] [[""A"" 0]] [[""A"" 0]] [[""A"" 0]] [[""A"" 0]] [[""A"" 4]] [[""A"" 0]] [[""A"" 0]] [[""A"" 4]] [[""A"" 0]] [[""A"" 4]] [[""A"" 0]] [[""A"" 0]] [[""A"" 0]] [[""A"" 0]] [[""A"" 5]] [[""A"" 0]] [[""A"" 0]] [[""A"" 0]] [[""A"" 0]] [[""A"" 0]] [[""A"" 0]] [[""A"" 4]] [[""A"" 0]] [[""A"" 0]] [[""A"" 0]] [[""A"" 0]] [[""A"" 0]] [[""A"" 0]] [[""A"" 4]] [[""A"" 0]] [[""A"" 0]] [[""A"" 0]] [[""A"" 0]] [[""A"" 0]]]] [28 [[[""A"" 1]] [[""A"" 1]] [[""A"" 1]] [[""A"" 1]] [[""A"" 1]] [[""A"" 1]] [[""A"" 3]] [[""A"" 3]] [[""A"" 1]] [[""A"" 1]] [[""A"" 3]] [[""A"" 5]] [[""A"" 5]] [[""A"" 3]] [[""A"" 1]] [[""A"" 1]] [[""A"" 1]] [[""A"" 1]] [[""A"" 1]] [[""A"" 3]] [[""A"" 1]] [[""A"" 1]] [[""A"" 1]] [[""A"" 3]] [[""A"" 1]] [[""A"" 3]] [[""A"" 1]] [[""A"" 1]] [[""A"" 1]] [[""A"" 3]] [[""A"" 3]] [[""A"" 1]] [[""A"" 1]] [[""A"" 1]] [[""A"" 1]] [[""A"" 1]] [[""A"" 1]] [[""A"" 5]] [[""A"" 3]] [[""A"" 1]] [[""A"" 1]] [[""A"" 1]] [[""A"" 3]] [[""A"" 1]] [[""A"" 1]] [[""A"" 1]] [[""A"" 3]] [[""A"" 3]] [[""A"" 3]] [[""A"" 1]]]] [29 [[[""A"" 0]] [[""A"" 4]] [[""A"" 4]] [[""A"" 4]] [[""A"" 4]] [[""A"" 0]] [[""A"" 4]] [[""A"" 4]] [[""A"" 4]] [[""A"" 0]] [[""A"" 0]] [[""A"" 4]] [[""A"" 4]] [[""A"" 0]] [[""A"" 4]] [[""A"" 0]] [[""A"" 0]] [[""A"" 0]] [[""A"" 0]] [[""A"" 0]] [[""A"" 0]] [[""A"" 4]] [[""A"" 4]] [[""A"" 4]] [[""A"" 4]] [[""A"" 4]] [[""A"" 0]] [[""A"" 4]] [[""A"" 0]] [[""A"" 4]] [[""A"" 4]] [[""A"" 0]] [[""A"" 4]] [[""A"" 4]] [[""A"" 0]] [[""A"" 4]] [[""A"" 4]] [[""A"" 0]] [[""A"" 0]] [[""A"" 4]] [[""A"" 4]] [[""A"" 0]] [[""A"" 4]] [[""A"" 0]] [[""A"" 4]] [[""A"" 4]] [[""A"" 0]] [[""A"" 4]] [[""A"" 0]] [[""A"" 4]]]] [30 [[[""A"" 5]] [[""A"" 5]] [[""A"" 5]] [[""A"" 5]] [[""A"" 5]] [[""A"" 1]] [[""A"" 5]] [[""A"" 5]] [[""A"" 1]] [[""A"" 5]] [[""A"" 5]] [[""A"" 5]] [[""A"" 1]] [[""A"" 1]] [[""A"" 5]] [[""A"" 5]] [[""A"" 5]] [[""A"" 1]] [[""A"" 5]] [[""A"" 5]] [[""A"" 5]] [[""A"" 5]] [[""A"" 5]] [[""A"" 1]] [[""A"" 5]] [[""A"" 5]] [[""A"" 5]] [[""A"" 5]] [[""A"" 5]] [[""A"" 1]] [[""A"" 5]] [[""A"" 5]] [[""A"" 5]] [[""A"" 5]] [[""A"" 5]] [[""A"" 5]] [[""A"" 5]] [[""A"" 5]] [[""A"" 5]] [[""A"" 5]] [[""A"" 5]] [[""A"" 5]] [[""A"" 5]] [[""A"" 5]] [[""A"" 5]] [[""A"" 5]] [[""A"" 5]] [[""A"" 5]] [[""A"" 1]] [[""A"" 5]]]] [31 [[[""A"" 5]] [[""A"" 5]] [[""A"" 5]] [[""A"" 5]] [[""A"" 5]] [[""A"" 2]] [[""A"" 5]] [[""A"" 5]] [[""A"" 2]] [[""A"" 5]] [[""A"" 5]] [[""A"" 5]] [[""A"" 2]] [[""A"" 2]] [[""A"" 2]] [[""A"" 5]] [[""A"" 5]] [[""A"" 2]] [[""A"" 5]] [[""A"" 2]] [[""A"" 5]] [[""A"" 5]] [[""A"" 5]] [[""A"" 2]] [[""A"" 5]] [[""A"" 5]] [[""A"" 5]] [[""A"" 5]] [[""A"" 5]] [[""A"" 0]] [[""A"" 5]] [[""A"" 5]] [[""A"" 5]] [[""A"" 5]] [[""A"" 5]] [[""A"" 5]] [[""A"" 5]] [[""A"" 5]] [[""A"" 5]] [[""A"" 5]] [[""A"" 5]] [[""A"" 2]] [[""A"" 5]] [[""A"" 5]] [[""A"" 5]] [[""A"" 5]] [[""A"" 5]] [[""A"" 5]] [[""A"" 2]] [[""A"" 5]]]] [32 [[[""A"" 4]] [[""A"" 1]] [[""A"" 4]] [[""A"" 1]] [[""A"" 1]] [[""A"" 1]] [[""A"" 1]] [[""A"" 1]] [[""A"" 0]] [[""A"" 4]] [[""A"" 4]] [[""A"" 4]] [[""A"" 1]] [[""A"" 1]] [[""A"" 1]] [[""A"" 1]] [[""A"" 1]] [[""A"" 1]] [[""A"" 1]] [[""A"" 4]] [[""A"" 4]] [[""A"" 1]] [[""A"" 1]] [[""A"" 1]] [[""A"" 1]] [[""A"" 4]] [[""A"" 1]] [[""A"" 4]] [[""A"" 1]] [[""A"" 1]] [[""A"" 1]] [[""A"" 4]] [[""A"" 1]] [[""A"" 1]] [[""A"" 4]] [[""A"" 1]] [[""A"" 1]] [[""A"" 1]] [[""A"" 4]] [[""A"" 1]] [[""A"" 4]] [[""A"" 4]] [[""A"" 1]] [[""A"" 4]] [[""A"" 4]] [[""A"" 1]] [[""A"" 1]] [[""A"" 4]] [[""A"" 1]] [[""A"" 1]]]] [33 [[[""A"" 6]] [[""A"" 6]] [[""A"" 6]] [[""A"" 0]] [[""A"" 0]] [[""A"" 0]] [[""A"" 0]] [[""A"" 0]] [[""A"" 0]] [[""A"" 6]] [[""A"" 0]] [[""A"" 6]] [[""A"" 0]] [[""A"" 0]] [[""A"" 0]] [[""A"" 0]] [[""A"" 6]] [[""A"" 0]] [[""A"" 0]] [[""A"" 0]] [[""A"" 0]] [[""A"" 0]] [[""A"" 0]] [[""A"" 0]] [[""A"" 6]] [[""A"" 6]] [[""A"" 0]] [[""A"" 0]] [[""A"" 0]] [[""A"" 0]] [[""A"" 0]] [[""A"" 6]] [[""A"" 6]] [[""A"" 0]] [[""A"" 0]] [[""A"" 0]] [[""A"" 0]] [[""A"" 0]] [[""A"" 0]] [[""A"" 6]] [[""A"" 6]] [[""A"" 0]] [[""A"" 0]] [[""A"" 6]] [[""A"" 0]] [[""A"" 0]] [[""A"" 0]] [[""A"" 6]] [[""A"" 0]] [[""A"" 0]]]] [34 [[[""A"" 4]] [[""A"" 4]] [[""A"" 4]] [[""A"" 4]] [[""A"" 4]] [[""A"" 4]] [[""A"" 4]] [[""A"" 2]] [[""A"" 2]] [[""A"" 4]] [[""A"" 2]] [[""A"" 4]] [[""A"" 2]] [[""A"" 1]] [[""A"" 2]] [[""A"" 2]] [[""A"" 4]] [[""A"" 4]] [[""A"" 4]] [[""A"" 4]] [[""A"" 2]] [[""A"" 2]] [[""A"" 4]] [[""A"" 2]] [[""A"" 4]] [[""A"" 4]] [[""A"" 4]] [[""A"" 4]] [[""A"" 4]] [[""A"" 2]] [[""A"" 4]] [[""A"" 4]] [[""A"" 4]] [[""A"" 4]] [[""A"" 4]] [[""A"" 4]] [[""A"" 4]] [[""A"" 1]] [[""A"" 2]] [[""A"" 4]] [[""A"" 4]] [[""A"" 2]] [[""A"" 2]] [[""A"" 4]] [[""A"" 2]] [[""A"" 2]] [[""A"" 2]] [[""A"" 4]] [[""A"" 2]] [[""A"" 2]]]] [35 [[[""A"" 4]] [[""A"" 4]] [[""A"" 4]] [[""A"" 4]] [[""A"" 6]] [[""A"" 6]] [[""A"" 4]] [[""A"" 6]] [[""A"" 4]] [[""A"" 6]] [[""A"" 1]] [[""A"" 4]] [[""A"" 1]] [[""A"" 1]] [[""A"" 1]] [[""A"" 1]] [[""A"" 4]] [[""A"" 4]] [[""A"" 1]] [[""A"" 6]] [[""A"" 4]] [[""A"" 6]] [[""A"" 1]] [[""A"" 4]] [[""A"" 6]] [[""A"" 4]] [[""A"" 6]] [[""A"" 1]] [[""A"" 1]] [[""A"" 1]] [[""A"" 1]] [[""A"" 6]] [[""A"" 6]] [[""A"" 4]] [[""A"" 1]] [[""A"" 1]] [[""A"" 1]] [[""A"" 4]] [[""A"" 1]] [[""A"" 4]] [[""A"" 4]] [[""A"" 1]] [[""A"" 1]] [[""A"" 1]] [[""A"" 6]] [[""A"" 1]] [[""A"" 6]] [[""A"" 4]] [[""A"" 1]] [[""A"" 1]]]] [36 [[[""A"" 1]] [[""A"" 3]] [[""A"" 5]] [[""A"" 5]] [[""A"" 3]] [[""A"" 1]] [[""A"" 5]] [[""A"" 1]] [[""A"" 1]] [[""A"" 1]] [[""A"" 1]] [[""A"" 1]] [[""A"" 5]] [[""A"" 1]] [[""A"" 1]] [[""A"" 1]] [[""A"" 1]] [[""A"" 1]] [[""A"" 1]] [[""A"" 1]] [[""A"" 1]] [[""A"" 5]] [[""A"" 1]] [[""A"" 5]] [[""A"" 5]] [[""A"" 5]] [[""A"" 1]] [[""A"" 1]] [[""A"" 5]] [[""A"" 1]] [[""A"" 1]] [[""A"" 1]] [[""A"" 5]] [[""A"" 1]] [[""A"" 1]] [[""A"" 1]] [[""A"" 1]] [[""A"" 1]] [[""A"" 1]] [[""A"" 5]] [[""A"" 5]] [[""A"" 1]] [[""A"" 5]] [[""A"" 1]] [[""A"" 5]] [[""A"" 1]] [[""A"" 5]] [[""A"" 3]] [[""A"" 5]] [[""A"" 5]]]] [37 [[[""A"" 5]] [[""A"" 5]] [[""A"" 5]] [[""A"" 5]] [[""A"" 1]] [[""A"" 5]] [[""A"" 5]] [[""A"" 1]] [[""A"" 1]] [[""A"" 1]] [[""A"" 5]] [[""A"" 1]] [[""A"" 1]] [[""A"" 5]] [[""A"" 5]] [[""A"" 5]] [[""A"" 5]] [[""A"" 5]] [[""A"" 5]] [[""A"" 1]] [[""A"" 5]] [[""A"" 5]] [[""A"" 1]] [[""A"" 5]] [[""A"" 5]] [[""A"" 1]] [[""A"" 1]] [[""A"" 1]] [[""A"" 5]] [[""A"" 1]] [[""A"" 5]] [[""A"" 1]] [[""A"" 1]] [[""A"" 1]] [[""A"" 1]] [[""A"" 5]] [[""A"" 5]] [[""A"" 1]] [[""A"" 1]] [[""A"" 5]] [[""A"" 1]] [[""A"" 1]] [[""A"" 5]] [[""A"" 1]] [[""A"" 5]] [[""A"" 5]] [[""A"" 5]] [[""A"" 5]] [[""A"" 1]] [[""A"" 5]]]] [38 [[[""A"" 5]] [[""A"" 5]] [[""A"" 5]] [[""A"" 5]] [[""A"" 1]] [[""A"" 5]] [[""A"" 5]] [[""A"" 5]] [[""A"" 5]] [[""A"" 1]] [[""A"" 5]] [[""A"" 5]] [[""A"" 5]] [[""A"" 5]] [[""A"" 5]] [[""A"" 5]] [[""A"" 5]] [[""A"" 5]] [[""A"" 5]] [[""A"" 5]] [[""A"" 5]] [[""A"" 5]] [[""A"" 5]] [[""A"" 5]] [[""A"" 5]] [[""A"" 1]] [[""A"" 1]] [[""A"" 1]] [[""A"" 5]] [[""A"" 5]] [[""A"" 5]] [[""A"" 5]] [[""A"" 5]] [[""A"" 1]] [[""A"" 5]] [[""A"" 5]] [[""A"" 5]] [[""A"" 5]] [[""A"" 1]] [[""A"" 5]] [[""A"" 5]] [[""A"" 5]] [[""A"" 5]] [[""A"" 1]] [[""A"" 5]] [[""A"" 5]] [[""A"" 5]] [[""A"" 5]] [[""A"" 1]] [[""A"" 1]]]] [39 [[[""A"" 5]] [[""A"" 2]] [[""A"" 5]] [[""A"" 5]] [[""A"" 5]] [[""A"" 0]] [[""A"" 5]] [[""A"" 0]] [[""A"" 5]] [[""A"" 5]] [[""A"" 5]] [[""A"" 5]] [[""A"" 5]] [[""A"" 5]] [[""A"" 5]] [[""A"" 5]] [[""A"" 5]] [[""A"" 2]] [[""A"" 5]] [[""A"" 5]] [[""A"" 5]] [[""A"" 2]] [[""A"" 0]] [[""A"" 0]] [[""A"" 5]] [[""A"" 0]] [[""A"" 2]] [[""A"" 5]] [[""A"" 5]] [[""A"" 5]] [[""A"" 2]] [[""A"" 2]] [[""A"" 5]] [[""A"" 0]] [[""A"" 5]] [[""A"" 0]] [[""A"" 0]] [[""A"" 5]] [[""A"" 2]] [[""A"" 0]] [[""A"" 0]] [[""A"" 5]] [[""A"" 5]] [[""A"" 2]] [[""A"" 0]] [[""A"" 2]] [[""A"" 5]] [[""A"" 0]] [[""A"" 0]] [[""A"" 5]]]] [40 [[[""A"" 1]] [[""A"" 5]] [[""A"" 5]] [[""A"" 5]] [[""A"" 5]] [[""A"" 5]] [[""A"" 5]] [[""A"" 1]] [[""A"" 5]] [[""A"" 5]] [[""A"" 5]] [[""A"" 5]] [[""A"" 5]] [[""A"" 5]] [[""A"" 5]] [[""A"" 5]] [[""A"" 5]] [[""A"" 5]] [[""A"" 5]] [[""A"" 1]] [[""A"" 5]] [[""A"" 1]] [[""A"" 5]] [[""A"" 5]] [[""A"" 1]] [[""A"" 1]] [[""A"" 1]] [[""A"" 5]] [[""A"" 5]] [[""A"" 5]] [[""A"" 1]] [[""A"" 5]] [[""A"" 5]] [[""A"" 5]] [[""A"" 5]] [[""A"" 1]] [[""A"" 1]] [[""A"" 5]] [[""A"" 5]] [[""A"" 1]] [[""A"" 1]] [[""A"" 5]] [[""A"" 5]] [[""A"" 1]] [[""A"" 1]] [[""A"" 1]] [[""A"" 5]] [[""A"" 1]] [[""A"" 5]] [[""A"" 5]]]] [41 [[[""A"" 5]] [[""A"" 5]] [[""A"" 2]] [[""A"" 5]] [[""A"" 5]] [[""A"" 5]] [[""A"" 2]] [[""A"" 2]] [[""A"" 5]] [[""A"" 5]] [[""A"" 2]] [[""A"" 5]] [[""A"" 5]] [[""A"" 5]] [[""A"" 5]] [[""A"" 5]] [[""A"" 5]] [[""A"" 2]] [[""A"" 2]] [[""A"" 2]] [[""A"" 2]] [[""A"" 2]] [[""A"" 2]] [[""A"" 5]] [[""A"" 5]] [[""A"" 5]] [[""A"" 2]] [[""A"" 5]] [[""A"" 5]] [[""A"" 5]] [[""A"" 5]] [[""A"" 5]] [[""A"" 5]] [[""A"" 2]] [[""A"" 5]] [[""A"" 5]] [[""A"" 2]] [[""A"" 2]] [[""A"" 5]] [[""A"" 2]] [[""A"" 5]] [[""A"" 5]] [[""A"" 5]] [[""A"" 2]] [[""A"" 5]] [[""A"" 2]] [[""A"" 5]] [[""A"" 2]] [[""A"" 5]] [[""A"" 5]]]] [42 [[[""A"" 5]] [[""A"" 5]] [[""A"" 1]] [[""A"" 5]] [[""A"" 5]] [[""A"" 5]] [[""A"" 1]] [[""A"" 5]] [[""A"" 1]] [[""A"" 1]] [[""A"" 1]] [[""A"" 1]] [[""A"" 5]] [[""A"" 5]] [[""A"" 5]] [[""A"" 5]] [[""A"" 1]] [[""A"" 5]] [[""A"" 1]] [[""A"" 5]] [[""A"" 1]] [[""A"" 5]] [[""A"" 1]] [[""A"" 5]] [[""A"" 5]] [[""A"" 5]] [[""A"" 5]] [[""A"" 1]] [[""A"" 5]] [[""A"" 5]] [[""A"" 5]] [[""A"" 5]] [[""A"" 5]] [[""A"" 1]] [[""A"" 1]] [[""A"" 5]] [[""A"" 5]] [[""A"" 5]] [[""A"" 5]] [[""A"" 1]] [[""A"" 5]] [[""A"" 5]] [[""A"" 5]] [[""A"" 1]] [[""A"" 5]] [[""A"" 1]] [[""A"" 5]] [[""A"" 5]] [[""A"" 5]] [[""A"" 5]]]] [43 [[[""A"" 4]] [[""A"" 4]] [[""A"" 0]] [[""A"" 0]] [[""A"" 4]] [[""A"" 4]] [[""A"" 4]] [[""A"" 0]] [[""A"" 2]] [[""A"" 0]] [[""A"" 4]] [[""A"" 2]] [[""A"" 2]] [[""A"" 4]] [[""A"" 2]] [[""A"" 4]] [[""A"" 2]] [[""A"" 4]] [[""A"" 4]] [[""A"" 2]] [[""A"" 4]] [[""A"" 4]] [[""A"" 2]] [[""A"" 2]] [[""A"" 4]] [[""A"" 4]] [[""A"" 0]] [[""A"" 2]] [[""A"" 4]] [[""A"" 4]] [[""A"" 2]] [[""A"" 4]] [[""A"" 0]] [[""A"" 0]] [[""A"" 2]] [[""A"" 4]] [[""A"" 4]] [[""A"" 4]] [[""A"" 2]] [[""A"" 0]] [[""A"" 4]] [[""A"" 2]] [[""A"" 4]] [[""A"" 4]] [[""A"" 0]] [[""A"" 2]] [[""A"" 4]] [[""A"" 4]] [[""A"" 4]] [[""A"" 2]]]] [44 [[[""A"" 1]] [[""A"" 1]] [[""A"" 1]] [[""A"" 4]] [[""A"" 1]] [[""A"" 4]] [[""A"" 1]] [[""A"" 1]] [[""A"" 1]] [[""A"" 1]] [[""A"" 4]] [[""A"" 1]] [[""A"" 1]] [[""A"" 1]] [[""A"" 1]] [[""A"" 4]] [[""A"" 1]] [[""A"" 4]] [[""A"" 4]] [[""A"" 1]] [[""A"" 1]] [[""A"" 4]] [[""A"" 1]] [[""A"" 1]] [[""A"" 1]] [[""A"" 1]] [[""A"" 1]] [[""A"" 1]] [[""A"" 1]] [[""A"" 1]] [[""A"" 1]] [[""A"" 4]] [[""A"" 1]] [[""A"" 1]] [[""A"" 1]] [[""A"" 4]] [[""A"" 4]] [[""A"" 4]] [[""A"" 1]] [[""A"" 1]] [[""A"" 1]] [[""A"" 1]] [[""A"" 4]] [[""A"" 1]] [[""A"" 1]] [[""A"" 1]] [[""A"" 1]] [[""A"" 1]] [[""A"" 1]] [[""A"" 1]]]] [45 [[[""A"" 2]] [[""A"" 2]] [[""A"" 5]] [[""A"" 2]] [[""A"" 2]] [[""A"" 5]] [[""A"" 5]] [[""A"" 2]] [[""A"" 5]] [[""A"" 5]] [[""A"" 5]] [[""A"" 5]] [[""A"" 2]] [[""A"" 0]] [[""A"" 2]] [[""A"" 0]] [[""A"" 2]] [[""A"" 2]] [[""A"" 5]] [[""A"" 5]] [[""A"" 0]] [[""A"" 5]] [[""A"" 2]] [[""A"" 2]] [[""A"" 2]] [[""A"" 2]] [[""A"" 5]] [[""A"" 2]] [[""A"" 2]] [[""A"" 2]] [[""A"" 2]] [[""A"" 2]] [[""A"" 2]] [[""A"" 2]] [[""A"" 0]] [[""A"" 2]] [[""A"" 0]] [[""A"" 5]] [[""A"" 2]] [[""A"" 0]] [[""A"" 2]] [[""A"" 2]] [[""A"" 0]] [[""A"" 5]] [[""A"" 5]] [[""A"" 2]] [[""A"" 2]] [[""A"" 5]] [[""A"" 0]] [[""A"" 2]]]] [46 [[[""A"" 0]] [[""A"" 2]] [[""A"" 5]] [[""A"" 0]] [[""A"" 2]] [[""A"" 2]] [[""A"" 0]] [[""A"" 5]] [[""A"" 5]] [[""A"" 5]] [[""A"" 5]] [[""A"" 5]] [[""A"" 5]] [[""A"" 2]] [[""A"" 2]] [[""A"" 5]] [[""A"" 2]] [[""A"" 5]] [[""A"" 5]] [[""A"" 2]] [[""A"" 5]] [[""A"" 2]] [[""A"" 5]] [[""A"" 5]] [[""A"" 5]] [[""A"" 2]] [[""A"" 5]] [[""A"" 5]] [[""A"" 5]] [[""A"" 2]] [[""A"" 5]] [[""A"" 5]] [[""A"" 0]] [[""A"" 5]] [[""A"" 5]] [[""A"" 5]] [[""A"" 0]] [[""A"" 5]] [[""A"" 5]] [[""A"" 5]] [[""A"" 4]] [[""A"" 5]] [[""A"" 0]] [[""A"" 5]] [[""A"" 0]] [[""A"" 5]] [[""A"" 0]] [[""A"" 4]] [[""A"" 2]] [[""A"" 5]]]] [47 [[[""A"" 2]] [[""A"" 4]] [[""A"" 4]] [[""A"" 2]] [[""A"" 4]] [[""A"" 2]] [[""A"" 1]] [[""A"" 4]] [[""A"" 4]] [[""A"" 2]] [[""A"" 2]] [[""A"" 2]] [[""A"" 2]] [[""A"" 2]] [[""A"" 4]] [[""A"" 4]] [[""A"" 0]] [[""A"" 4]] [[""A"" 4]] [[""A"" 4]] [[""A"" 2]] [[""A"" 4]] [[""A"" 2]] [[""A"" 2]] [[""A"" 4]] [[""A"" 4]] [[""A"" 4]] [[""A"" 4]] [[""A"" 4]] [[""A"" 4]] [[""A"" 4]] [[""A"" 2]] [[""A"" 2]] [[""A"" 2]] [[""A"" 4]] [[""A"" 4]] [[""A"" 4]] [[""A"" 4]] [[""A"" 4]] [[""A"" 4]] [[""A"" 1]] [[""A"" 4]] [[""A"" 4]] [[""A"" 4]] [[""A"" 4]] [[""A"" 4]] [[""A"" 2]] [[""A"" 4]] [[""A"" 2]] [[""A"" 2]]]] [48 [[[""A"" 3]] [[""A"" 3]] [[""A"" 5]] [[""A"" 5]] [[""A"" 5]] [[""A"" 5]] [[""A"" 3]] [[""A"" 5]] [[""A"" 3]] [[""A"" 5]] [[""A"" 5]] [[""A"" 5]] [[""A"" 5]] [[""A"" 5]] [[""A"" 5]] [[""A"" 5]] [[""A"" 5]] [[""A"" 5]] [[""A"" 3]] [[""A"" 3]] [[""A"" 3]] [[""A"" 3]] [[""A"" 5]] [[""A"" 3]] [[""A"" 5]] [[""A"" 5]] [[""A"" 5]] [[""A"" 3]] [[""A"" 3]] [[""A"" 3]] [[""A"" 5]] [[""A"" 5]] [[""A"" 5]] [[""A"" 5]] [[""A"" 5]] [[""A"" 5]] [[""A"" 3]] [[""A"" 5]] [[""A"" 5]] [[""A"" 5]] [[""A"" 5]] [[""A"" 3]] [[""A"" 5]] [[""A"" 5]] [[""A"" 5]] [[""A"" 5]] [[""A"" 5]] [[""A"" 5]] [[""A"" 3]] [[""A"" 2]]]] [49 [[[""A"" 5]] [[""A"" 5]] [[""A"" 5]] [[""A"" 5]] [[""A"" 5]] [[""A"" 2]] [[""A"" 5]] [[""A"" 5]] [[""A"" 2]] [[""A"" 5]] [[""A"" 2]] [[""A"" 5]] [[""A"" 5]] [[""A"" 5]] [[""A"" 5]] [[""A"" 2]] [[""A"" 5]] [[""A"" 5]] [[""A"" 5]] [[""A"" 5]] [[""A"" 5]] [[""A"" 5]] [[""A"" 5]] [[""A"" 5]] [[""A"" 5]] [[""A"" 5]] [[""A"" 5]] [[""A"" 5]] [[""A"" 5]] [[""A"" 2]] [[""A"" 5]] [[""A"" 5]] [[""A"" 5]] [[""A"" 5]] [[""A"" 5]] [[""A"" 5]] [[""A"" 5]] [[""A"" 5]] [[""A"" 5]] [[""A"" 5]] [[""A"" 5]] [[""A"" 5]] [[""A"" 5]] [[""A"" 5]] [[""A"" 5]] [[""A"" 2]] [[""A"" 5]] [[""A"" 5]] [[""A"" 5]] [[""A"" 5]]]] [50 [[[""A"" 5]] [[""A"" 5]] [[""A"" 5]] [[""A"" 5]] [[""A"" 5]] [[""A"" 5]] [[""A"" 5]] [[""A"" 5]] [[""A"" 5]] [[""A"" 5]] [[""A"" 5]] [[""A"" 5]] [[""A"" 5]] [[""A"" 5]] [[""A"" 5]] [[""A"" 5]] [[""A"" 5]] [[""A"" 5]] [[""A"" 5]] [[""A"" 5]] [[""A"" 5]] [[""A"" 5]] [[""A"" 5]] [[""A"" 5]] [[""A"" 5]] [[""A"" 5]] [[""A"" 5]] [[""A"" 5]] [[""A"" 5]] [[""A"" 5]] [[""A"" 5]] [[""A"" 4]] [[""A"" 5]] [[""A"" 5]] [[""A"" 5]] [[""A"" 5]] [[""A"" 5]] [[""A"" 5]] [[""A"" 5]] [[""A"" 5]] [[""A"" 5]] [[""A"" 5]] [[""A"" 5]] [[""A"" 5]] [[""A"" 5]] [[""A"" 1]] [[""A"" 5]] [[""A"" 5]] [[""A"" 5]] [[""A"" 5]]]] [51 [[[""A"" 5]] [[""A"" 5]] [[""A"" 1]] [[""A"" 5]] [[""A"" 5]] [[""A"" 5]] [[""A"" 5]] [[""A"" 5]] [[""A"" 5]] [[""A"" 1]] [[""A"" 5]] [[""A"" 5]] [[""A"" 5]] [[""A"" 1]] [[""A"" 1]] [[""A"" 5]] [[""A"" 5]] [[""A"" 5]] [[""A"" 5]] [[""A"" 5]] [[""A"" 5]] [[""A"" 1]] [[""A"" 1]] [[""A"" 1]] [[""A"" 5]] [[""A"" 1]] [[""A"" 1]] [[""A"" 1]] [[""A"" 1]] [[""A"" 5]] [[""A"" 1]] [[""A"" 1]] [[""A"" 1]] [[""A"" 5]] [[""A"" 5]] [[""A"" 1]] [[""A"" 5]] [[""A"" 5]] [[""A"" 1]] [[""A"" 1]] [[""A"" 5]] [[""A"" 1]] [[""A"" 5]] [[""A"" 1]] [[""A"" 1]] [[""A"" 1]] [[""A"" 5]] [[""A"" 5]] [[""A"" 1]] [[""A"" 1]]]] [52 [[[""A"" 6]] [[""A"" 0]] [[""A"" 6]] [[""A"" 6]] [[""A"" 6]] [[""A"" 6]] [[""A"" 1]] [[""A"" 6]] [[""A"" 6]] [[""A"" 6]] [[""A"" 6]] [[""A"" 1]] [[""A"" 6]] [[""A"" 1]] [[""A"" 1]] [[""A"" 6]] [[""A"" 1]] [[""A"" 6]] [[""A"" 6]] [[""A"" 1]] [[""A"" 1]] [[""A"" 6]] [[""A"" 1]] [[""A"" 1]] [[""A"" 1]] [[""A"" 5]] [[""A"" 1]] [[""A"" 1]] [[""A"" 6]] [[""A"" 6]] [[""A"" 1]] [[""A"" 6]] [[""A"" 6]] [[""A"" 6]] [[""A"" 6]] [[""A"" 1]] [[""A"" 6]] [[""A"" 6]] [[""A"" 1]] [[""A"" 1]] [[""A"" 6]] [[""A"" 6]] [[""A"" 6]] [[""A"" 6]] [[""A"" 1]] [[""A"" 6]] [[""A"" 6]] [[""A"" 6]] [[""A"" 6]] [[""A"" 1]]]] [53 [[[""A"" 4]] [[""A"" 2]] [[""A"" 4]] [[""A"" 2]] [[""A"" 4]] [[""A"" 2]] [[""A"" 2]] [[""A"" 4]] [[""A"" 2]] [[""A"" 2]] [[""A"" 2]] [[""A"" 2]] [[""A"" 4]] [[""A"" 2]] [[""A"" 2]] [[""A"" 2]] [[""A"" 2]] [[""A"" 2]] [[""A"" 4]] [[""A"" 2]] [[""A"" 2]] [[""A"" 2]] [[""A"" 2]] [[""A"" 2]] [[""A"" 2]] [[""A"" 2]] [[""A"" 2]] [[""A"" 2]] [[""A"" 2]] [[""A"" 2]] [[""A"" 2]] [[""A"" 2]] [[""A"" 4]] [[""A"" 2]] [[""A"" 4]] [[""A"" 2]] [[""A"" 4]] [[""A"" 4]] [[""A"" 2]] [[""A"" 2]] [[""A"" 4]] [[""A"" 2]] [[""A"" 4]] [[""A"" 2]] [[""A"" 2]] [[""A"" 2]] [[""A"" 2]] [[""A"" 4]] [[""A"" 4]] [[""A"" 2]]]] [54 [[[""A"" 3]] [[""A"" 3]] [[""A"" 3]] [[""A"" 3]] [[""A"" 3]] [[""A"" 0]] [[""A"" 3]] [[""A"" 3]] [[""A"" 3]] [[""A"" 3]] [[""A"" 3]] [[""A"" 3]] [[""A"" 0]] [[""A"" 3]] [[""A"" 3]] [[""A"" 3]] [[""A"" 3]] [[""A"" 3]] [[""A"" 3]] [[""A"" 3]] [[""A"" 3]] [[""A"" 3]] [[""A"" 3]] [[""A"" 3]] [[""A"" 3]] [[""A"" 3]] [[""A"" 3]] [[""A"" 3]] [[""A"" 3]] [[""A"" 3]] [[""A"" 3]] [[""A"" 3]] [[""A"" 3]] [[""A"" 0]] [[""A"" 3]] [[""A"" 3]] [[""A"" 3]] [[""A"" 3]] [[""A"" 3]] [[""A"" 0]] [[""A"" 3]] [[""A"" 3]] [[""A"" 3]] [[""A"" 3]] [[""A"" 4]] [[""A"" 3]] [[""A"" 3]] [[""A"" 3]] [[""A"" 3]] [[""A"" 3]]]] [55 [[[""A"" 5]] [[""A"" 5]] [[""A"" 3]] [[""A"" 5]] [[""A"" 3]] [[""A"" 5]] [[""A"" 3]] [[""A"" 5]] [[""A"" 3]] [[""A"" 5]] [[""A"" 5]] [[""A"" 5]] [[""A"" 3]] [[""A"" 5]] [[""A"" 3]] [[""A"" 5]] [[""A"" 3]] [[""A"" 5]] [[""A"" 5]] [[""A"" 5]] [[""A"" 5]] [[""A"" 3]] [[""A"" 5]] [[""A"" 5]] [[""A"" 3]] [[""A"" 5]] [[""A"" 3]] [[""A"" 3]] [[""A"" 3]] [[""A"" 3]] [[""A"" 3]] [[""A"" 3]] [[""A"" 3]] [[""A"" 3]] [[""A"" 5]] [[""A"" 5]] [[""A"" 5]] [[""A"" 5]] [[""A"" 3]] [[""A"" 3]] [[""A"" 5]] [[""A"" 5]] [[""A"" 3]] [[""A"" 3]] [[""A"" 5]] [[""A"" 3]] [[""A"" 5]] [[""A"" 3]] [[""A"" 3]] [[""A"" 3]]]] [56 [[[""A"" 5]] [[""A"" 5]] [[""A"" 5]] [[""A"" 1]] [[""A"" 1]] [[""A"" 5]] [[""A"" 1]] [[""A"" 1]] [[""A"" 1]] [[""A"" 1]] [[""A"" 1]] [[""A"" 5]] [[""A"" 1]] [[""A"" 1]] [[""A"" 1]] [[""A"" 5]] [[""A"" 1]] [[""A"" 5]] [[""A"" 5]] [[""A"" 5]] [[""A"" 5]] [[""A"" 1]] [[""A"" 5]] [[""A"" 1]] [[""A"" 1]] [[""A"" 1]] [[""A"" 1]] [[""A"" 1]] [[""A"" 1]] [[""A"" 1]] [[""A"" 1]] [[""A"" 1]] [[""A"" 1]] [[""A"" 1]] [[""A"" 5]] [[""A"" 1]] [[""A"" 5]] [[""A"" 5]] [[""A"" 1]] [[""A"" 1]] [[""A"" 1]] [[""A"" 1]] [[""A"" 1]] [[""A"" 1]] [[""A"" 1]] [[""A"" 1]] [[""A"" 1]] [[""A"" 1]] [[""A"" 1]] [[""A"" 1]]]] [57 [[[""A"" 5]] [[""A"" 5]] [[""A"" 0]] [[""A"" 0]] [[""A"" 5]] [[""A"" 0]] [[""A"" 0]] [[""A"" 5]] [[""A"" 0]] [[""A"" 5]] [[""A"" 0]] [[""A"" 5]] [[""A"" 5]] [[""A"" 0]] [[""A"" 5]] [[""A"" 5]] [[""A"" 0]] [[""A"" 5]] [[""A"" 5]] [[""A"" 5]] [[""A"" 0]] [[""A"" 5]] [[""A"" 5]] [[""A"" 5]] [[""A"" 5]] [[""A"" 5]] [[""A"" 5]] [[""A"" 5]] [[""A"" 5]] [[""A"" 5]] [[""A"" 0]] [[""A"" 5]] [[""A"" 5]] [[""A"" 5]] [[""A"" 5]] [[""A"" 0]] [[""A"" 0]] [[""A"" 5]] [[""A"" 0]] [[""A"" 0]] [[""A"" 0]] [[""A"" 0]] [[""A"" 5]] [[""A"" 0]] [[""A"" 5]] [[""A"" 0]] [[""A"" 0]] [[""A"" 0]] [[""A"" 0]] [[""A"" 5]]]] [58 [[[""A"" 3]] [[""A"" 3]] [[""A"" 1]] [[""A"" 1]] [[""A"" 5]] [[""A"" 1]] [[""A"" 3]] [[""A"" 5]] [[""A"" 1]] [[""A"" 5]] [[""A"" 1]] [[""A"" 3]] [[""A"" 5]] [[""A"" 1]] [[""A"" 5]] [[""A"" 5]] [[""A"" 1]] [[""A"" 3]] [[""A"" 3]] [[""A"" 3]] [[""A"" 3]] [[""A"" 5]] [[""A"" 3]] [[""A"" 3]] [[""A"" 5]] [[""A"" 1]] [[""A"" 5]] [[""A"" 3]] [[""A"" 3]] [[""A"" 3]] [[""A"" 1]] [[""A"" 5]] [[""A"" 1]] [[""A"" 3]] [[""A"" 3]] [[""A"" 1]] [[""A"" 1]] [[""A"" 5]] [[""A"" 3]] [[""A"" 3]] [[""A"" 3]] [[""A"" 1]] [[""A"" 5]] [[""A"" 3]] [[""A"" 3]] [[""A"" 3]] [[""A"" 3]] [[""A"" 3]] [[""A"" 1]] [[""A"" 3]]]] [59 [[[""A"" 4]] [[""A"" 4]] [[""A"" 4]] [[""A"" 2]] [[""A"" 4]] [[""A"" 4]] [[""A"" 4]] [[""A"" 4]] [[""A"" 4]] [[""A"" 4]] [[""A"" 1]] [[""A"" 2]] [[""A"" 4]] [[""A"" 4]] [[""A"" 4]] [[""A"" 4]] [[""A"" 2]] [[""A"" 4]] [[""A"" 2]] [[""A"" 4]] [[""A"" 4]] [[""A"" 4]] [[""A"" 2]] [[""A"" 2]] [[""A"" 4]] [[""A"" 2]] [[""A"" 4]] [[""A"" 4]] [[""A"" 4]] [[""A"" 4]] [[""A"" 4]] [[""A"" 4]] [[""A"" 4]] [[""A"" 2]] [[""A"" 4]] [[""A"" 4]] [[""A"" 4]] [[""A"" 5]] [[""A"" 4]] [[""A"" 2]] [[""A"" 2]] [[""A"" 4]] [[""A"" 4]] [[""A"" 4]] [[""A"" 2]] [[""A"" 2]] [[""A"" 4]] [[""A"" 4]] [[""A"" 4]] [[""A"" 2]]]] [60 [[[""A"" 2]] [[""A"" 6]] [[""A"" 6]] [[""A"" 2]] [[""A"" 2]] [[""A"" 6]] [[""A"" 2]] [[""A"" 2]] [[""A"" 2]] [[""A"" 6]] [[""A"" 2]] [[""A"" 2]] [[""A"" 6]] [[""A"" 2]] [[""A"" 6]] [[""A"" 6]] [[""A"" 2]] [[""A"" 2]] [[""A"" 6]] [[""A"" 1]] [[""A"" 6]] [[""A"" 6]] [[""A"" 2]] [[""A"" 2]] [[""A"" 2]] [[""A"" 2]] [[""A"" 2]] [[""A"" 2]] [[""A"" 2]] [[""A"" 5]] [[""A"" 6]] [[""A"" 6]] [[""A"" 2]] [[""A"" 5]] [[""A"" 2]] [[""A"" 2]] [[""A"" 6]] [[""A"" 5]] [[""A"" 2]] [[""A"" 6]] [[""A"" 2]] [[""A"" 2]] [[""A"" 2]] [[""A"" 2]] [[""A"" 6]] [[""A"" 2]] [[""A"" 2]] [[""A"" 6]] [[""A"" 6]] [[""A"" 2]]]] [61 [[[""A"" 1]] [[""A"" 6]] [[""A"" 6]] [[""A"" 1]] [[""A"" 1]] [[""A"" 6]] [[""A"" 1]] [[""A"" 1]] [[""A"" 6]] [[""A"" 6]] [[""A"" 1]] [[""A"" 1]] [[""A"" 6]] [[""A"" 6]] [[""A"" 1]] [[""A"" 1]] [[""A"" 1]] [[""A"" 1]] [[""A"" 1]] [[""A"" 1]] [[""A"" 6]] [[""A"" 6]] [[""A"" 1]] [[""A"" 1]] [[""A"" 6]] [[""A"" 1]] [[""A"" 1]] [[""A"" 1]] [[""A"" 1]] [[""A"" 6]] [[""A"" 6]] [[""A"" 1]] [[""A"" 6]] [[""A"" 1]] [[""A"" 1]] [[""A"" 1]] [[""A"" 6]] [[""A"" 1]] [[""A"" 6]] [[""A"" 6]] [[""A"" 1]] [[""A"" 1]] [[""A"" 1]] [[""A"" 1]] [[""A"" 6]] [[""A"" 1]] [[""A"" 1]] [[""A"" 1]] [[""A"" 6]] [[""A"" 6]]]] [62 [[[""A"" 5]] [[""A"" 5]] [[""A"" 5]] [[""A"" 5]] [[""A"" 5]] [[""A"" 5]] [[""A"" 5]] [[""A"" 5]] [[""A"" 5]] [[""A"" 5]] [[""A"" 5]] [[""A"" 5]] [[""A"" 5]] [[""A"" 5]] [[""A"" 5]] [[""A"" 5]] [[""A"" 5]] [[""A"" 5]] [[""A"" 5]] [[""A"" 5]] [[""A"" 5]] [[""A"" 5]] [[""A"" 5]] [[""A"" 5]] [[""A"" 5]] [[""A"" 5]] [[""A"" 5]] [[""A"" 5]] [[""A"" 5]] [[""A"" 5]] [[""A"" 5]] [[""A"" 5]] [[""A"" 5]] [[""A"" 5]] [[""A"" 5]] [[""A"" 5]] [[""A"" 5]] [[""A"" 5]] [[""A"" 5]] [[""A"" 5]] [[""A"" 5]] [[""A"" 5]] [[""A"" 5]] [[""A"" 5]] [[""A"" 5]] [[""A"" 5]] [[""A"" 5]] [[""A"" 5]] [[""A"" 5]] [[""A"" 5]]]] [63 [[[""A"" 5]] [[""A"" 5]] [[""A"" 5]] [[""A"" 5]] [[""A"" 5]] [[""A"" 5]] [[""A"" 5]] [[""A"" 5]] [[""A"" 5]] [[""A"" 5]] [[""A"" 5]] [[""A"" 5]] [[""A"" 5]] [[""A"" 5]] [[""A"" 5]] [[""A"" 5]] [[""A"" 5]] [[""A"" 5]] [[""A"" 5]] [[""A"" 5]] [[""A"" 5]] [[""A"" 5]] [[""A"" 5]] [[""A"" 5]] [[""A"" 5]] [[""A"" 5]] [[""A"" 5]] [[""A"" 5]] [[""A"" 5]] [[""A"" 5]] [[""A"" 5]] [[""A"" 5]] [[""A"" 5]] [[""A"" 5]] [[""A"" 5]] [[""A"" 5]] [[""A"" 5]] [[""A"" 5]] [[""A"" 5]] [[""A"" 5]] [[""A"" 6]] [[""A"" 5]] [[""A"" 5]] [[""A"" 5]] [[""A"" 5]] [[""A"" 5]] [[""A"" 5]] [[""A"" 5]] [[""A"" 5]] [[""A"" 5]]]] [64 [[[""A"" 5]] [[""A"" 5]] [[""A"" 5]] [[""A"" 5]] [[""A"" 5]] [[""A"" 5]] [[""A"" 5]] [[""A"" 5]] [[""A"" 5]] [[""A"" 5]] [[""A"" 5]] [[""A"" 5]] [[""A"" 5]] [[""A"" 5]] [[""A"" 5]] [[""A"" 5]] [[""A"" 5]] [[""A"" 5]] [[""A"" 5]] [[""A"" 5]] [[""A"" 5]] [[""A"" 5]] [[""A"" 5]] [[""A"" 5]] [[""A"" 5]] [[""A"" 5]] [[""A"" 5]] [[""A"" 5]] [[""A"" 5]] [[""A"" 5]] [[""A"" 5]] [[""A"" 5]] [[""A"" 5]] [[""A"" 5]] [[""A"" 5]] [[""A"" 5]] [[""A"" 5]] [[""A"" 5]] [[""A"" 5]] [[""A"" 5]] [[""A"" 5]] [[""A"" 5]] [[""A"" 5]] [[""A"" 5]] [[""A"" 5]] [[""A"" 5]] [[""A"" 5]] [[""A"" 5]] [[""A"" 5]] [[""A"" 5]]]] [65 [[[""A"" 6]] [[""A"" 6]] [[""A"" 3]] [[""A"" 6]] [[""A"" 6]] [[""A"" 3]] [[""A"" 6]] [[""A"" 6]] [[""A"" 6]] [[""A"" 6]] [[""A"" 6]] [[""A"" 6]] [[""A"" 6]] [[""A"" 6]] [[""A"" 6]] [[""A"" 6]] [[""A"" 3]] [[""A"" 6]] [[""A"" 6]] [[""A"" 6]] [[""A"" 6]] [[""A"" 3]] [[""A"" 6]] [[""A"" 6]] [[""A"" 3]] [[""A"" 6]] [[""A"" 6]] [[""A"" 6]] [[""A"" 6]] [[""A"" 6]] [[""A"" 3]] [[""A"" 3]] [[""A"" 6]] [[""A"" 6]] [[""A"" 6]] [[""A"" 6]] [[""A"" 3]] [[""A"" 3]] [[""A"" 6]] [[""A"" 6]] [[""A"" 6]] [[""A"" 6]] [[""A"" 3]] [[""A"" 6]] [[""A"" 6]] [[""A"" 6]] [[""A"" 3]] [[""A"" 6]] [[""A"" 6]] [[""A"" 6]]]] [66 [[[""A"" 4]] [[""A"" 1]] [[""A"" 1]] [[""A"" 4]] [[""A"" 1]] [[""A"" 1]] [[""A"" 1]] [[""A"" 1]] [[""A"" 1]] [[""A"" 1]] [[""A"" 1]] [[""A"" 4]] [[""A"" 1]] [[""A"" 1]] [[""A"" 1]] [[""A"" 1]] [[""A"" 1]] [[""A"" 4]] [[""A"" 1]] [[""A"" 1]] [[""A"" 4]] [[""A"" 4]] [[""A"" 1]] [[""A"" 1]] [[""A"" 1]] [[""A"" 1]] [[""A"" 1]] [[""A"" 1]] [[""A"" 1]] [[""A"" 4]] [[""A"" 1]] [[""A"" 1]] [[""A"" 1]] [[""A"" 1]] [[""A"" 1]] [[""A"" 1]] [[""A"" 1]] [[""A"" 1]] [[""A"" 1]] [[""A"" 1]] [[""A"" 1]] [[""A"" 4]] [[""A"" 1]] [[""A"" 1]] [[""A"" 4]] [[""A"" 1]] [[""A"" 1]] [[""A"" 1]] [[""A"" 1]] [[""A"" 4]]]] [67 [[[""A"" 4]] [[""A"" 4]] [[""A"" 4]] [[""A"" 4]] [[""A"" 4]] [[""A"" 2]] [[""A"" 2]] [[""A"" 4]] [[""A"" 4]] [[""A"" 2]] [[""A"" 4]] [[""A"" 4]] [[""A"" 2]] [[""A"" 2]] [[""A"" 4]] [[""A"" 4]] [[""A"" 4]] [[""A"" 4]] [[""A"" 4]] [[""A"" 4]] [[""A"" 4]] [[""A"" 4]] [[""A"" 4]] [[""A"" 4]] [[""A"" 4]] [[""A"" 4]] [[""A"" 4]] [[""A"" 2]] [[""A"" 2]] [[""A"" 2]] [[""A"" 2]] [[""A"" 4]] [[""A"" 4]] [[""A"" 4]] [[""A"" 4]] [[""A"" 2]] [[""A"" 4]] [[""A"" 2]] [[""A"" 2]] [[""A"" 4]] [[""A"" 4]] [[""A"" 4]] [[""A"" 2]] [[""A"" 4]] [[""A"" 4]] [[""A"" 4]] [[""A"" 4]] [[""A"" 4]] [[""A"" 2]] [[""A"" 2]]]] [68 [[[""A"" 4]] [[""A"" 4]] [[""A"" 4]] [[""A"" 4]] [[""A"" 4]] [[""A"" 4]] [[""A"" 4]] [[""A"" 4]] [[""A"" 4]] [[""A"" 4]] [[""A"" 4]] [[""A"" 4]] [[""A"" 4]] [[""A"" 4]] [[""A"" 4]] [[""A"" 4]] [[""A"" 4]] [[""A"" 4]] [[""A"" 4]] [[""A"" 4]] [[""A"" 4]] [[""A"" 4]] [[""A"" 4]] [[""A"" 4]] [[""A"" 4]] [[""A"" 3]] [[""A"" 4]] [[""A"" 4]] [[""A"" 4]] [[""A"" 4]] [[""A"" 4]] [[""A"" 4]] [[""A"" 4]] [[""A"" 4]] [[""A"" 4]] [[""A"" 4]] [[""A"" 4]] [[""A"" 4]] [[""A"" 4]] [[""A"" 4]] [[""A"" 4]] [[""A"" 4]] [[""A"" 4]] [[""A"" 4]] [[""A"" 4]] [[""A"" 4]] [[""A"" 4]] [[""A"" 4]] [[""A"" 4]] [[""A"" 4]]]] [69 [[[""A"" 2]] [[""A"" 4]] [[""A"" 4]] [[""A"" 2]] [[""A"" 4]] [[""A"" 4]] [[""A"" 4]] [[""A"" 4]] [[""A"" 4]] [[""A"" 4]] [[""A"" 4]] [[""A"" 4]] [[""A"" 4]] [[""A"" 4]] [[""A"" 4]] [[""A"" 2]] [[""A"" 4]] [[""A"" 4]] [[""A"" 4]] [[""A"" 4]] [[""A"" 4]] [[""A"" 4]] [[""A"" 4]] [[""A"" 4]] [[""A"" 4]] [[""A"" 2]] [[""A"" 4]] [[""A"" 4]] [[""A"" 4]] [[""A"" 4]] [[""A"" 4]] [[""A"" 4]] [[""A"" 4]] [[""A"" 4]] [[""A"" 4]] [[""A"" 4]] [[""A"" 4]] [[""A"" 2]] [[""A"" 4]] [[""A"" 2]] [[""A"" 4]] [[""A"" 4]] [[""A"" 4]] [[""A"" 2]] [[""A"" 4]] [[""A"" 4]] [[""A"" 4]] [[""A"" 4]] [[""A"" 4]] [[""A"" 4]]]] [70 [[[""A"" 6]] [[""A"" 6]] [[""A"" 6]] [[""A"" 6]] [[""A"" 6]] [[""A"" 6]] [[""A"" 3]] [[""A"" 6]] [[""A"" 6]] [[""A"" 6]] [[""A"" 1]] [[""A"" 6]] [[""A"" 3]] [[""A"" 6]] [[""A"" 6]] [[""A"" 1]] [[""A"" 6]] [[""A"" 6]] [[""A"" 1]] [[""A"" 6]] [[""A"" 6]] [[""A"" 6]] [[""A"" 6]] [[""A"" 6]] [[""A"" 6]] [[""A"" 6]] [[""A"" 3]] [[""A"" 3]] [[""A"" 1]] [[""A"" 1]] [[""A"" 6]] [[""A"" 1]] [[""A"" 6]] [[""A"" 1]] [[""A"" 3]] [[""A"" 6]] [[""A"" 6]] [[""A"" 6]] [[""A"" 6]] [[""A"" 1]] [[""A"" 6]] [[""A"" 3]] [[""A"" 6]] [[""A"" 3]] [[""A"" 6]] [[""A"" 1]] [[""A"" 6]] [[""A"" 6]] [[""A"" 6]] [[""A"" 6]]]] [71 [[[""A"" 3]] [[""A"" 3]] [[""A"" 3]] [[""A"" 5]] [[""A"" 3]] [[""A"" 3]] [[""A"" 3]] [[""A"" 5]] [[""A"" 3]] [[""A"" 3]] [[""A"" 3]] [[""A"" 3]] [[""A"" 5]] [[""A"" 3]] [[""A"" 3]] [[""A"" 3]] [[""A"" 3]] [[""A"" 3]] [[""A"" 3]] [[""A"" 3]] [[""A"" 3]] [[""A"" 3]] [[""A"" 3]] [[""A"" 3]] [[""A"" 3]] [[""A"" 3]] [[""A"" 3]] [[""A"" 3]] [[""A"" 3]] [[""A"" 3]] [[""A"" 3]] [[""A"" 3]] [[""A"" 3]] [[""A"" 3]] [[""A"" 3]] [[""A"" 5]] [[""A"" 5]] [[""A"" 3]] [[""A"" 5]] [[""A"" 3]] [[""A"" 5]] [[""A"" 3]] [[""A"" 5]] [[""A"" 3]] [[""A"" 5]] [[""A"" 3]] [[""A"" 3]] [[""A"" 3]] [[""A"" 5]] [[""A"" 3]]]] [72 [[[""A"" 2]] [[""A"" 2]] [[""A"" 2]] [[""A"" 2]] [[""A"" 2]] [[""A"" 2]] [[""A"" 3]] [[""A"" 2]] [[""A"" 2]] [[""A"" 2]] [[""A"" 2]] [[""A"" 2]] [[""A"" 2]] [[""A"" 2]] [[""A"" 2]] [[""A"" 2]] [[""A"" 2]] [[""A"" 2]] [[""A"" 2]] [[""A"" 2]] [[""A"" 2]] [[""A"" 2]] [[""A"" 2]] [[""A"" 5]] [[""A"" 1]] [[""A"" 2]] [[""A"" 2]] [[""A"" 2]] [[""A"" 2]] [[""A"" 2]] [[""A"" 2]] [[""A"" 5]] [[""A"" 2]] [[""A"" 2]] [[""A"" 2]] [[""A"" 2]] [[""A"" 2]] [[""A"" 2]] [[""A"" 2]] [[""A"" 2]] [[""A"" 2]] [[""A"" 2]] [[""A"" 5]] [[""A"" 2]] [[""A"" 2]] [[""A"" 2]] [[""A"" 2]] [[""A"" 2]] [[""A"" 2]] [[""A"" 2]]]] [73 [[[""A"" 1]] [[""A"" 1]] [[""A"" 1]] [[""A"" 1]] [[""A"" 1]] [[""A"" 1]] [[""A"" 1]] [[""A"" 1]] [[""A"" 1]] [[""A"" 1]] [[""A"" 1]] [[""A"" 1]] [[""A"" 1]] [[""A"" 1]] [[""A"" 1]] [[""A"" 1]] [[""A"" 1]] [[""A"" 1]] [[""A"" 1]] [[""A"" 1]] [[""A"" 1]] [[""A"" 1]] [[""A"" 1]] [[""A"" 1]] [[""A"" 1]] [[""A"" 1]] [[""A"" 1]] [[""A"" 1]] [[""A"" 1]] [[""A"" 1]] [[""A"" 1]] [[""A"" 1]] [[""A"" 1]] [[""A"" 1]] [[""A"" 1]] [[""A"" 1]] [[""A"" 1]] [[""A"" 1]] [[""A"" 1]] [[""A"" 1]] [[""A"" 1]] [[""A"" 1]] [[""A"" 1]] [[""A"" 1]] [[""A"" 1]] [[""A"" 1]] [[""A"" 1]] [[""A"" 1]] [[""A"" 1]] [[""A"" 1]]]] [74 [[[""A"" 3]] [[""A"" 3]] [[""A"" 3]] [[""A"" 3]] [[""A"" 2]] [[""A"" 3]] [[""A"" 3]] [[""A"" 3]] [[""A"" 3]] [[""A"" 3]] [[""A"" 3]] [[""A"" 3]] [[""A"" 3]] [[""A"" 3]] [[""A"" 3]] [[""A"" 3]] [[""A"" 3]] [[""A"" 3]] [[""A"" 3]] [[""A"" 3]] [[""A"" 3]] [[""A"" 3]] [[""A"" 3]] [[""A"" 3]] [[""A"" 3]] [[""A"" 3]] [[""A"" 3]] [[""A"" 3]] [[""A"" 3]] [[""A"" 3]] [[""A"" 3]] [[""A"" 3]] [[""A"" 3]] [[""A"" 3]] [[""A"" 3]] [[""A"" 3]] [[""A"" 3]] [[""A"" 3]] [[""A"" 3]] [[""A"" 3]] [[""A"" 3]] [[""A"" 3]] [[""A"" 3]] [[""A"" 3]] [[""A"" 3]] [[""A"" 3]] [[""A"" 3]] [[""A"" 3]] [[""A"" 3]] [[""A"" 3]]]] [75 [[[""A"" 1]] [[""A"" 1]] [[""A"" 1]] [[""A"" 1]] [[""A"" 1]] [[""A"" 1]] [[""A"" 1]] [[""A"" 1]] [[""A"" 1]] [[""A"" 1]] [[""A"" 1]] [[""A"" 1]] [[""A"" 1]] [[""A"" 1]] [[""A"" 5]] [[""A"" 3]] [[""A"" 1]] [[""A"" 1]] [[""A"" 1]] [[""A"" 1]] [[""A"" 1]] [[""A"" 1]] [[""A"" 1]] [[""A"" 1]] [[""A"" 1]] [[""A"" 1]] [[""A"" 1]] [[""A"" 1]] [[""A"" 1]] [[""A"" 1]] [[""A"" 1]] [[""A"" 1]] [[""A"" 1]] [[""A"" 1]] [[""A"" 1]] [[""A"" 1]] [[""A"" 1]] [[""A"" 1]] [[""A"" 5]] [[""A"" 1]] [[""A"" 1]] [[""A"" 1]] [[""A"" 1]] [[""A"" 1]] [[""A"" 1]] [[""A"" 1]] [[""A"" 1]] [[""A"" 1]] [[""A"" 1]] [[""A"" 1]]]] [76 [[[""A"" 1]] [[""A"" 1]] [[""A"" 5]] [[""A"" 5]] [[""A"" 1]] [[""A"" 1]] [[""A"" 5]] [[""A"" 5]] [[""A"" 1]] [[""A"" 5]] [[""A"" 1]] [[""A"" 5]] [[""A"" 5]] [[""A"" 1]] [[""A"" 5]] [[""A"" 5]] [[""A"" 1]] [[""A"" 1]] [[""A"" 1]] [[""A"" 1]] [[""A"" 5]] [[""A"" 1]] [[""A"" 5]] [[""A"" 5]] [[""A"" 5]] [[""A"" 5]] [[""A"" 5]] [[""A"" 1]] [[""A"" 5]] [[""A"" 5]] [[""A"" 5]] [[""A"" 1]] [[""A"" 5]] [[""A"" 5]] [[""A"" 1]] [[""A"" 1]] [[""A"" 5]] [[""A"" 1]] [[""A"" 5]] [[""A"" 5]] [[""A"" 1]] [[""A"" 5]] [[""A"" 1]] [[""A"" 5]] [[""A"" 5]] [[""A"" 1]] [[""A"" 5]] [[""A"" 1]] [[""A"" 1]] [[""A"" 5]]]] [77 [[[""A"" 1]] [[""A"" 1]] [[""A"" 1]] [[""A"" 1]] [[""A"" 1]] [[""A"" 1]] [[""A"" 1]] [[""A"" 5]] [[""A"" 1]] [[""A"" 1]] [[""A"" 1]] [[""A"" 5]] [[""A"" 5]] [[""A"" 1]] [[""A"" 5]] [[""A"" 1]] [[""A"" 1]] [[""A"" 1]] [[""A"" 1]] [[""A"" 1]] [[""A"" 1]] [[""A"" 1]] [[""A"" 1]] [[""A"" 1]] [[""A"" 5]] [[""A"" 1]] [[""A"" 5]] [[""A"" 1]] [[""A"" 1]] [[""A"" 1]] [[""A"" 1]] [[""A"" 1]] [[""A"" 5]] [[""A"" 5]] [[""A"" 1]] [[""A"" 1]] [[""A"" 1]] [[""A"" 1]] [[""A"" 1]] [[""A"" 1]] [[""A"" 1]] [[""A"" 5]] [[""A"" 1]] [[""A"" 1]] [[""A"" 1]] [[""A"" 1]] [[""A"" 1]] [[""A"" 1]] [[""A"" 1]] [[""A"" 5]]]] [78 [[[""A"" 1]] [[""A"" 1]] [[""A"" 1]] [[""A"" 4]] [[""A"" 4]] [[""A"" 1]] [[""A"" 1]] [[""A"" 4]] [[""A"" 1]] [[""A"" 1]] [[""A"" 1]] [[""A"" 4]] [[""A"" 1]] [[""A"" 4]] [[""A"" 1]] [[""A"" 1]] [[""A"" 1]] [[""A"" 1]] [[""A"" 1]] [[""A"" 1]] [[""A"" 4]] [[""A"" 1]] [[""A"" 1]] [[""A"" 1]] [[""A"" 1]] [[""A"" 1]] [[""A"" 4]] [[""A"" 4]] [[""A"" 1]] [[""A"" 1]] [[""A"" 1]] [[""A"" 1]] [[""A"" 1]] [[""A"" 1]] [[""A"" 1]] [[""A"" 1]] [[""A"" 1]] [[""A"" 1]] [[""A"" 1]] [[""A"" 1]] [[""A"" 1]] [[""A"" 4]] [[""A"" 1]] [[""A"" 1]] [[""A"" 4]] [[""A"" 1]] [[""A"" 1]] [[""A"" 1]] [[""A"" 1]] [[""A"" 4]]]] [79 [[[""A"" 1]] [[""A"" 1]] [[""A"" 1]] [[""A"" 1]] [[""A"" 5]] [[""A"" 1]] [[""A"" 1]] [[""A"" 1]] [[""A"" 1]] [[""A"" 1]] [[""A"" 1]] [[""A"" 5]] [[""A"" 5]] [[""A"" 5]] [[""A"" 1]] [[""A"" 1]] [[""A"" 5]] [[""A"" 1]] [[""A"" 1]] [[""A"" 5]] [[""A"" 5]] [[""A"" 1]] [[""A"" 1]] [[""A"" 1]] [[""A"" 1]] [[""A"" 1]] [[""A"" 5]] [[""A"" 1]] [[""A"" 1]] [[""A"" 5]] [[""A"" 5]] [[""A"" 1]] [[""A"" 1]] [[""A"" 1]] [[""A"" 1]] [[""A"" 1]] [[""A"" 1]] [[""A"" 5]] [[""A"" 1]] [[""A"" 1]] [[""A"" 1]] [[""A"" 5]] [[""A"" 1]] [[""A"" 1]] [[""A"" 1]] [[""A"" 1]] [[""A"" 1]] [[""A"" 1]] [[""A"" 1]] [[""A"" 1]]]] [80 [[[""A"" 2]] [[""A"" 2]] [[""A"" 2]] [[""A"" 2]] [[""A"" 5]] [[""A"" 5]] [[""A"" 2]] [[""A"" 5]] [[""A"" 2]] [[""A"" 5]] [[""A"" 2]] [[""A"" 5]] [[""A"" 5]] [[""A"" 5]] [[""A"" 2]] [[""A"" 2]] [[""A"" 2]] [[""A"" 5]] [[""A"" 2]] [[""A"" 5]] [[""A"" 5]] [[""A"" 2]] [[""A"" 2]] [[""A"" 2]] [[""A"" 2]] [[""A"" 1]] [[""A"" 5]] [[""A"" 2]] [[""A"" 2]] [[""A"" 2]] [[""A"" 5]] [[""A"" 2]] [[""A"" 2]] [[""A"" 5]] [[""A"" 2]] [[""A"" 2]] [[""A"" 1]] [[""A"" 5]] [[""A"" 2]] [[""A"" 2]] [[""A"" 2]] [[""A"" 5]] [[""A"" 2]] [[""A"" 2]] [[""A"" 2]] [[""A"" 2]] [[""A"" 5]] [[""A"" 1]] [[""A"" 5]] [[""A"" 2]]]] [81 [[[""A"" 4]] [[""A"" 4]] [[""A"" 0]] [[""A"" 4]] [[""A"" 4]] [[""A"" 4]] [[""A"" 0]] [[""A"" 4]] [[""A"" 4]] [[""A"" 4]] [[""A"" 4]] [[""A"" 4]] [[""A"" 4]] [[""A"" 4]] [[""A"" 0]] [[""A"" 0]] [[""A"" 4]] [[""A"" 4]] [[""A"" 4]] [[""A"" 4]] [[""A"" 4]] [[""A"" 0]] [[""A"" 4]] [[""A"" 4]] [[""A"" 0]] [[""A"" 4]] [[""A"" 4]] [[""A"" 4]] [[""A"" 0]] [[""A"" 4]] [[""A"" 4]] [[""A"" 4]] [[""A"" 4]] [[""A"" 4]] [[""A"" 4]] [[""A"" 0]] [[""A"" 0]] [[""A"" 4]] [[""A"" 0]] [[""A"" 0]] [[""A"" 4]] [[""A"" 4]] [[""A"" 0]] [[""A"" 0]] [[""A"" 4]] [[""A"" 4]] [[""A"" 4]] [[""A"" 4]] [[""A"" 4]] [[""A"" 4]]]] [82 [[[""A"" 5]] [[""A"" 5]] [[""A"" 0]] [[""A"" 5]] [[""A"" 5]] [[""A"" 5]] [[""A"" 0]] [[""A"" 3]] [[""A"" 5]] [[""A"" 5]] [[""A"" 3]] [[""A"" 5]] [[""A"" 5]] [[""A"" 5]] [[""A"" 3]] [[""A"" 5]] [[""A"" 5]] [[""A"" 5]] [[""A"" 5]] [[""A"" 5]] [[""A"" 3]] [[""A"" 0]] [[""A"" 3]] [[""A"" 5]] [[""A"" 5]] [[""A"" 3]] [[""A"" 5]] [[""A"" 5]] [[""A"" 5]] [[""A"" 5]] [[""A"" 5]] [[""A"" 5]] [[""A"" 3]] [[""A"" 3]] [[""A"" 5]] [[""A"" 3]] [[""A"" 5]] [[""A"" 5]] [[""A"" 5]] [[""A"" 3]] [[""A"" 5]] [[""A"" 5]] [[""A"" 5]] [[""A"" 5]] [[""A"" 5]] [[""A"" 5]] [[""A"" 5]] [[""A"" 3]] [[""A"" 3]] [[""A"" 5]]]] [83 [[[""A"" 6]] [[""A"" 1]] [[""A"" 1]] [[""A"" 6]] [[""A"" 6]] [[""A"" 6]] [[""A"" 6]] [[""A"" 1]] [[""A"" 1]] [[""A"" 6]] [[""A"" 3]] [[""A"" 1]] [[""A"" 1]] [[""A"" 6]] [[""A"" 1]] [[""A"" 6]] [[""A"" 6]] [[""A"" 1]] [[""A"" 6]] [[""A"" 1]] [[""A"" 1]] [[""A"" 1]] [[""A"" 1]] [[""A"" 1]] [[""A"" 6]] [[""A"" 6]] [[""A"" 6]] [[""A"" 1]] [[""A"" 1]] [[""A"" 6]] [[""A"" 1]] [[""A"" 6]] [[""A"" 6]] [[""A"" 1]] [[""A"" 6]] [[""A"" 6]] [[""A"" 6]] [[""A"" 6]] [[""A"" 6]] [[""A"" 6]] [[""A"" 6]] [[""A"" 6]] [[""A"" 6]] [[""A"" 6]] [[""A"" 6]] [[""A"" 1]] [[""A"" 1]] [[""A"" 1]] [[""A"" 6]] [[""A"" 6]]]] [84 [[[""A"" 6]] [[""A"" 6]] [[""A"" 4]] [[""A"" 4]] [[""A"" 1]] [[""A"" 4]] [[""A"" 4]] [[""A"" 4]] [[""A"" 1]] [[""A"" 4]] [[""A"" 1]] [[""A"" 1]] [[""A"" 4]] [[""A"" 1]] [[""A"" 1]] [[""A"" 4]] [[""A"" 6]] [[""A"" 4]] [[""A"" 6]] [[""A"" 4]] [[""A"" 4]] [[""A"" 6]] [[""A"" 6]] [[""A"" 4]] [[""A"" 4]] [[""A"" 4]] [[""A"" 6]] [[""A"" 6]] [[""A"" 4]] [[""A"" 6]] [[""A"" 6]] [[""A"" 4]] [[""A"" 6]] [[""A"" 4]] [[""A"" 1]] [[""A"" 4]] [[""A"" 6]] [[""A"" 4]] [[""A"" 1]] [[""A"" 4]] [[""A"" 1]] [[""A"" 4]] [[""A"" 4]] [[""A"" 4]] [[""A"" 6]] [[""A"" 4]] [[""A"" 4]] [[""A"" 1]] [[""A"" 4]] [[""A"" 4]]]] [85 [[[""A"" 5]] [[""A"" 3]] [[""A"" 3]] [[""A"" 3]] [[""A"" 3]] [[""A"" 3]] [[""A"" 3]] [[""A"" 3]] [[""A"" 3]] [[""A"" 3]] [[""A"" 3]] [[""A"" 3]] [[""A"" 3]] [[""A"" 3]] [[""A"" 3]] [[""A"" 3]] [[""A"" 3]] [[""A"" 3]] [[""A"" 5]] [[""A"" 3]] [[""A"" 3]] [[""A"" 3]] [[""A"" 3]] [[""A"" 5]] [[""A"" 3]] [[""A"" 3]] [[""A"" 3]] [[""A"" 3]] [[""A"" 3]] [[""A"" 3]] [[""A"" 3]] [[""A"" 3]] [[""A"" 3]] [[""A"" 5]] [[""A"" 3]] [[""A"" 3]] [[""A"" 3]] [[""A"" 5]] [[""A"" 3]] [[""A"" 3]] [[""A"" 3]] [[""A"" 3]] [[""A"" 3]] [[""A"" 3]] [[""A"" 3]] [[""A"" 3]] [[""A"" 3]] [[""A"" 3]] [[""A"" 3]] [[""A"" 3]]]] [86 [[[""A"" 4]] [[""A"" 4]] [[""A"" 4]] [[""A"" 1]] [[""A"" 4]] [[""A"" 1]] [[""A"" 4]] [[""A"" 1]] [[""A"" 4]] [[""A"" 4]] [[""A"" 4]] [[""A"" 4]] [[""A"" 4]] [[""A"" 4]] [[""A"" 1]] [[""A"" 4]] [[""A"" 4]] [[""A"" 4]] [[""A"" 4]] [[""A"" 4]] [[""A"" 1]] [[""A"" 4]] [[""A"" 1]] [[""A"" 4]] [[""A"" 4]] [[""A"" 4]] [[""A"" 4]] [[""A"" 3]] [[""A"" 4]] [[""A"" 4]] [[""A"" 4]] [[""A"" 1]] [[""A"" 1]] [[""A"" 4]] [[""A"" 1]] [[""A"" 4]] [[""A"" 4]] [[""A"" 1]] [[""A"" 4]] [[""A"" 4]] [[""A"" 4]] [[""A"" 4]] [[""A"" 4]] [[""A"" 4]] [[""A"" 4]] [[""A"" 4]] [[""A"" 4]] [[""A"" 4]] [[""A"" 4]] [[""A"" 4]]]] [87 [[[""A"" 2]] [[""A"" 2]] [[""A"" 5]] [[""A"" 2]] [[""A"" 5]] [[""A"" 2]] [[""A"" 5]] [[""A"" 2]] [[""A"" 2]] [[""A"" 2]] [[""A"" 2]] [[""A"" 5]] [[""A"" 2]] [[""A"" 5]] [[""A"" 2]] [[""A"" 5]] [[""A"" 1]] [[""A"" 5]] [[""A"" 2]] [[""A"" 2]] [[""A"" 2]] [[""A"" 5]] [[""A"" 2]] [[""A"" 5]] [[""A"" 2]] [[""A"" 2]] [[""A"" 5]] [[""A"" 5]] [[""A"" 2]] [[""A"" 5]] [[""A"" 2]] [[""A"" 2]] [[""A"" 2]] [[""A"" 2]] [[""A"" 2]] [[""A"" 2]] [[""A"" 5]] [[""A"" 2]] [[""A"" 5]] [[""A"" 5]] [[""A"" 1]] [[""A"" 5]] [[""A"" 2]] [[""A"" 2]] [[""A"" 2]] [[""A"" 2]] [[""A"" 5]] [[""A"" 5]] [[""A"" 5]] [[""A"" 2]]]] [88 [[[""A"" 1]] [[""A"" 6]] [[""A"" 1]] [[""A"" 6]] [[""A"" 6]] [[""A"" 6]] [[""A"" 6]] [[""A"" 1]] [[""A"" 1]] [[""A"" 6]] [[""A"" 6]] [[""A"" 6]] [[""A"" 6]] [[""A"" 6]] [[""A"" 1]] [[""A"" 6]] [[""A"" 6]] [[""A"" 6]] [[""A"" 6]] [[""A"" 1]] [[""A"" 1]] [[""A"" 6]] [[""A"" 1]] [[""A"" 6]] [[""A"" 6]] [[""A"" 1]] [[""A"" 6]] [[""A"" 6]] [[""A"" 1]] [[""A"" 6]] [[""A"" 1]] [[""A"" 1]] [[""A"" 1]] [[""A"" 6]] [[""A"" 6]] [[""A"" 6]] [[""A"" 6]] [[""A"" 6]] [[""A"" 6]] [[""A"" 5]] [[""A"" 6]] [[""A"" 6]] [[""A"" 6]] [[""A"" 1]] [[""A"" 6]] [[""A"" 6]] [[""A"" 6]] [[""A"" 6]] [[""A"" 6]] [[""A"" 1]]]] [89 [[[""A"" 2]] [[""A"" 2]] [[""A"" 2]] [[""A"" 4]] [[""A"" 6]] [[""A"" 4]] [[""A"" 4]] [[""A"" 2]] [[""A"" 4]] [[""A"" 4]] [[""A"" 6]] [[""A"" 4]] [[""A"" 2]] [[""A"" 4]] [[""A"" 2]] [[""A"" 2]] [[""A"" 2]] [[""A"" 6]] [[""A"" 4]] [[""A"" 2]] [[""A"" 2]] [[""A"" 4]] [[""A"" 2]] [[""A"" 6]] [[""A"" 4]] [[""A"" 2]] [[""A"" 4]] [[""A"" 6]] [[""A"" 2]] [[""A"" 2]] [[""A"" 2]] [[""A"" 2]] [[""A"" 4]] [[""A"" 6]] [[""A"" 2]] [[""A"" 2]] [[""A"" 6]] [[""A"" 4]] [[""A"" 2]] [[""A"" 4]] [[""A"" 4]] [[""A"" 2]] [[""A"" 2]] [[""A"" 2]] [[""A"" 2]] [[""A"" 6]] [[""A"" 2]] [[""A"" 2]] [[""A"" 2]] [[""A"" 2]]]] [90 [[[""A"" 0]] [[""A"" 2]] [[""A"" 4]] [[""A"" 4]] [[""A"" 4]] [[""A"" 0]] [[""A"" 2]] [[""A"" 0]] [[""A"" 4]] [[""A"" 0]] [[""A"" 0]] [[""A"" 0]] [[""A"" 2]] [[""A"" 4]] [[""A"" 0]] [[""A"" 0]] [[""A"" 0]] [[""A"" 4]] [[""A"" 4]] [[""A"" 0]] [[""A"" 0]] [[""A"" 4]] [[""A"" 4]] [[""A"" 2]] [[""A"" 4]] [[""A"" 4]] [[""A"" 4]] [[""A"" 4]] [[""A"" 2]] [[""A"" 0]] [[""A"" 4]] [[""A"" 2]] [[""A"" 0]] [[""A"" 4]] [[""A"" 4]] [[""A"" 0]] [[""A"" 0]] [[""A"" 4]] [[""A"" 0]] [[""A"" 0]] [[""A"" 2]] [[""A"" 2]] [[""A"" 4]] [[""A"" 0]] [[""A"" 4]] [[""A"" 2]] [[""A"" 2]] [[""A"" 2]] [[""A"" 4]] [[""A"" 4]]]] [91 [[[""A"" 5]] [[""A"" 1]] [[""A"" 1]] [[""A"" 6]] [[""A"" 5]] [[""A"" 5]] [[""A"" 1]] [[""A"" 1]] [[""A"" 5]] [[""A"" 5]] [[""A"" 5]] [[""A"" 5]] [[""A"" 5]] [[""A"" 5]] [[""A"" 5]] [[""A"" 1]] [[""A"" 5]] [[""A"" 5]] [[""A"" 1]] [[""A"" 5]] [[""A"" 1]] [[""A"" 1]] [[""A"" 5]] [[""A"" 1]] [[""A"" 1]] [[""A"" 5]] [[""A"" 1]] [[""A"" 5]] [[""A"" 1]] [[""A"" 1]] [[""A"" 5]] [[""A"" 5]] [[""A"" 5]] [[""A"" 1]] [[""A"" 5]] [[""A"" 1]] [[""A"" 5]] [[""A"" 1]] [[""A"" 5]] [[""A"" 1]] [[""A"" 5]] [[""A"" 1]] [[""A"" 5]] [[""A"" 1]] [[""A"" 5]] [[""A"" 5]] [[""A"" 5]] [[""A"" 5]] [[""A"" 1]] [[""A"" 5]]]] [92 [[[""A"" 5]] [[""A"" 1]] [[""A"" 5]] [[""A"" 5]] [[""A"" 5]] [[""A"" 5]] [[""A"" 1]] [[""A"" 1]] [[""A"" 1]] [[""A"" 5]] [[""A"" 5]] [[""A"" 5]] [[""A"" 1]] [[""A"" 1]] [[""A"" 1]] [[""A"" 1]] [[""A"" 5]] [[""A"" 1]] [[""A"" 1]] [[""A"" 1]] [[""A"" 1]] [[""A"" 1]] [[""A"" 5]] [[""A"" 1]] [[""A"" 5]] [[""A"" 5]] [[""A"" 1]] [[""A"" 5]] [[""A"" 1]] [[""A"" 5]] [[""A"" 1]] [[""A"" 1]] [[""A"" 5]] [[""A"" 1]] [[""A"" 1]] [[""A"" 1]] [[""A"" 5]] [[""A"" 4]] [[""A"" 5]] [[""A"" 5]] [[""A"" 5]] [[""A"" 1]] [[""A"" 5]] [[""A"" 5]] [[""A"" 1]] [[""A"" 5]] [[""A"" 1]] [[""A"" 5]] [[""A"" 1]] [[""A"" 5]]]] [93 [[[""A"" 5]] [[""A"" 1]] [[""A"" 1]] [[""A"" 1]] [[""A"" 1]] [[""A"" 1]] [[""A"" 5]] [[""A"" 1]] [[""A"" 5]] [[""A"" 1]] [[""A"" 5]] [[""A"" 5]] [[""A"" 1]] [[""A"" 1]] [[""A"" 5]] [[""A"" 5]] [[""A"" 1]] [[""A"" 5]] [[""A"" 5]] [[""A"" 1]] [[""A"" 1]] [[""A"" 1]] [[""A"" 5]] [[""A"" 1]] [[""A"" 1]] [[""A"" 1]] [[""A"" 1]] [[""A"" 1]] [[""A"" 5]] [[""A"" 5]] [[""A"" 5]] [[""A"" 1]] [[""A"" 1]] [[""A"" 1]] [[""A"" 5]] [[""A"" 5]] [[""A"" 5]] [[""A"" 5]] [[""A"" 1]] [[""A"" 1]] [[""A"" 5]] [[""A"" 5]] [[""A"" 1]] [[""A"" 1]] [[""A"" 1]] [[""A"" 1]] [[""A"" 1]] [[""A"" 1]] [[""A"" 5]] [[""A"" 1]]]] [94 [[[""A"" 5]] [[""A"" 5]] [[""A"" 5]] [[""A"" 2]] [[""A"" 5]] [[""A"" 2]] [[""A"" 5]] [[""A"" 2]] [[""A"" 5]] [[""A"" 5]] [[""A"" 5]] [[""A"" 5]] [[""A"" 0]] [[""A"" 5]] [[""A"" 5]] [[""A"" 5]] [[""A"" 0]] [[""A"" 5]] [[""A"" 5]] [[""A"" 0]] [[""A"" 5]] [[""A"" 5]] [[""A"" 5]] [[""A"" 0]] [[""A"" 0]] [[""A"" 5]] [[""A"" 0]] [[""A"" 2]] [[""A"" 2]] [[""A"" 5]] [[""A"" 5]] [[""A"" 0]] [[""A"" 5]] [[""A"" 5]] [[""A"" 5]] [[""A"" 5]] [[""A"" 5]] [[""A"" 5]] [[""A"" 5]] [[""A"" 5]] [[""A"" 5]] [[""A"" 5]] [[""A"" 2]] [[""A"" 5]] [[""A"" 5]] [[""A"" 5]] [[""A"" 5]] [[""A"" 0]] [[""A"" 5]] [[""A"" 2]]]] [95 [[[""A"" 4]] [[""A"" 4]] [[""A"" 4]] [[""A"" 4]] [[""A"" 4]] [[""A"" 4]] [[""A"" 4]] [[""A"" 4]] [[""A"" 4]] [[""A"" 4]] [[""A"" 4]] [[""A"" 4]] [[""A"" 4]] [[""A"" 4]] [[""A"" 4]] [[""A"" 4]] [[""A"" 4]] [[""A"" 5]] [[""A"" 4]] [[""A"" 4]] [[""A"" 4]] [[""A"" 4]] [[""A"" 4]] [[""A"" 4]] [[""A"" 4]] [[""A"" 4]] [[""A"" 4]] [[""A"" 4]] [[""A"" 4]] [[""A"" 4]] [[""A"" 4]] [[""A"" 4]] [[""A"" 4]] [[""A"" 4]] [[""A"" 4]] [[""A"" 4]] [[""A"" 4]] [[""A"" 4]] [[""A"" 4]] [[""A"" 4]] [[""A"" 4]] [[""A"" 4]] [[""A"" 4]] [[""A"" 4]] [[""A"" 4]] [[""A"" 4]] [[""A"" 4]] [[""A"" 4]] [[""A"" 4]] [[""A"" 4]]]] [96 [[[""A"" 5]] [[""A"" 5]] [[""A"" 5]] [[""A"" 5]] [[""A"" 5]] [[""A"" 5]] [[""A"" 5]] [[""A"" 5]] [[""A"" 5]] [[""A"" 5]] [[""A"" 5]] [[""A"" 5]] [[""A"" 5]] [[""A"" 5]] [[""A"" 5]] [[""A"" 5]] [[""A"" 5]] [[""A"" 5]] [[""A"" 5]] [[""A"" 5]] [[""A"" 5]] [[""A"" 5]] [[""A"" 5]] [[""A"" 5]] [[""A"" 5]] [[""A"" 5]] [[""A"" 5]] [[""A"" 5]] [[""A"" 5]] [[""A"" 5]] [[""A"" 5]] [[""A"" 5]] [[""A"" 5]] [[""A"" 5]] [[""A"" 5]] [[""A"" 5]] [[""A"" 5]] [[""A"" 5]] [[""A"" 5]] [[""A"" 5]] [[""A"" 5]] [[""A"" 5]] [[""A"" 5]] [[""A"" 5]] [[""A"" 5]] [[""A"" 5]] [[""A"" 2]] [[""A"" 5]] [[""A"" 5]] [[""A"" 5]]]] [97 [[[""A"" 1]] [[""A"" 1]] [[""A"" 1]] [[""A"" 1]] [[""A"" 1]] [[""A"" 1]] [[""A"" 1]] [[""A"" 1]] [[""A"" 1]] [[""A"" 1]] [[""A"" 1]] [[""A"" 1]] [[""A"" 1]] [[""A"" 1]] [[""A"" 1]] [[""A"" 1]] [[""A"" 1]] [[""A"" 1]] [[""A"" 5]] [[""A"" 1]] [[""A"" 1]] [[""A"" 1]] [[""A"" 1]] [[""A"" 1]] [[""A"" 1]] [[""A"" 1]] [[""A"" 1]] [[""A"" 1]] [[""A"" 1]] [[""A"" 1]] [[""A"" 1]] [[""A"" 1]] [[""A"" 1]] [[""A"" 1]] [[""A"" 1]] [[""A"" 1]] [[""A"" 1]] [[""A"" 1]] [[""A"" 1]] [[""A"" 1]] [[""A"" 1]] [[""A"" 1]] [[""A"" 1]] [[""A"" 1]] [[""A"" 1]] [[""A"" 1]] [[""A"" 1]] [[""A"" 1]] [[""A"" 1]] [[""A"" 1]]]] [98 [[[""A"" 1]] [[""A"" 1]] [[""A"" 1]] [[""A"" 1]] [[""A"" 1]] [[""A"" 1]] [[""A"" 1]] [[""A"" 1]] [[""A"" 5]] [[""A"" 1]] [[""A"" 1]] [[""A"" 1]] [[""A"" 1]] [[""A"" 1]] [[""A"" 1]] [[""A"" 1]] [[""A"" 1]] [[""A"" 1]] [[""A"" 5]] [[""A"" 1]] [[""A"" 1]] [[""A"" 1]] [[""A"" 1]] [[""A"" 1]] [[""A"" 1]] [[""A"" 1]] [[""A"" 1]] [[""A"" 1]] [[""A"" 1]] [[""A"" 5]] [[""A"" 1]] [[""A"" 1]] [[""A"" 1]] [[""A"" 1]] [[""A"" 1]] [[""A"" 1]] [[""A"" 1]] [[""A"" 1]] [[""A"" 1]] [[""A"" 1]] [[""A"" 1]] [[""A"" 5]] [[""A"" 1]] [[""A"" 1]] [[""A"" 1]] [[""A"" 1]] [[""A"" 1]] [[""A"" 1]] [[""A"" 1]] [[""A"" 1]]]] [99 [[[""A"" 1]] [[""A"" 1]] [[""A"" 1]] [[""A"" 1]] [[""A"" 4]] [[""A"" 1]] [[""A"" 4]] [[""A"" 1]] [[""A"" 1]] [[""A"" 1]] [[""A"" 1]] [[""A"" 1]] [[""A"" 1]] [[""A"" 1]] [[""A"" 1]] [[""A"" 1]] [[""A"" 1]] [[""A"" 1]] [[""A"" 1]] [[""A"" 1]] [[""A"" 4]] [[""A"" 1]] [[""A"" 1]] [[""A"" 1]] [[""A"" 1]] [[""A"" 1]] [[""A"" 1]] [[""A"" 1]] [[""A"" 4]] [[""A"" 1]] [[""A"" 1]] [[""A"" 1]] [[""A"" 1]] [[""A"" 1]] [[""A"" 1]] [[""A"" 1]] [[""A"" 4]] [[""A"" 1]] [[""A"" 1]] [[""A"" 1]] [[""A"" 4]] [[""A"" 1]] [[""A"" 1]] [[""A"" 1]] [[""A"" 1]] [[""A"" 1]] [[""A"" 1]] [[""A"" 1]] [[""A"" 1]] [[""A"" 1]]]]]","""discrete""","3","1","10","1","true","""polarized""","[""A""]","0.1","true","[]","""average-bel""","true","4","true","""sigmoid-stubborn""","20","false","2","true","0.35","""C:/Users/cknox02/Documents/nicks outputs25-Feb-2023-parameter-sweep-low-res/2/broadcast-brain/uniform/15/polarized/0.5/0.25/10/4""","false","1500","0","0.05","false","""barabasi-albert""","""broadcast-brain""","5","""[[0.6,0.16,0.24],\n  [0.40,0.2,0.4],\n  [0.21,0.14,0.65]]""","""C:/Users/cknox02/Documents/nicks outputs25-Feb-2023-parameter-sweep-low-res/graphs/2-broadcast-brain-uniform-15-polarized-0.5-0.25-10-1.csv""","false","0","""default""","false","true","true","1","3","1","""distribution""","""uniform""","""three-polarized""","15","""D:/school/grad-school/Tufts/research/cog-contagion-media-ecosystem/ecosystems/""","""gradual""","1","""D:/school/grad-school/Tufts/research/cog-contagion-media-ecosystem/messaging-data/""","0","50","4","""C:/Users/cknox02/Documents/nicks outputs25-Feb-2023-parameter-sweep-low-res/graphs/2-broadcast-brain-uniform-15-polarized-0.5-0.25-10-4.csv""","0","true","true","true","""C:/Users/cknox02/Documents/nicks outputs""","0.15","""cognitive""","20","100","[[""Q1"" [""A""]]]","5","0.5","0.5","0.25"

"TURTLES"
"who","color","heading","xcor","ycor","shape","label","label-color","breed","hidden?","size","pen-size","pen-mode","idee","brain","messages-heard","messages-believed","messages-sent","agent-messages-memory"
"0","[213 0 42]","180","0.7843755568813263","-0.582761282436991","""circle""","""""","9.9","{breed citizens}","false","0.5","1","""up""",,"[[""ID"" 0] [""alpha"" 1] [""beta"" 1] [""malleable"" [""A""]] [""prior"" []] [""cont_tokens"" []] [""A"" 1]]","[[0 [0 1 2 3 4 5 8 9 11 13]] [1 [15 16 17 18 19 20 21 23 24 25 26 27 28 29]] [2 [30 31 32 33 34 35 36 37 38 39 40 41 42 43 44]] [3 [45 46 47 48 49 50 51 52 53 54 55 56 57 58]] [4 [60 61 62 63 64 65 66 67 68 69 70 71 72 73 74]] [5 [75 76 77 78 79 80 81 82 83 84 85 86 87 88 89]] [6 [90 91 92 93 94 95 96 97 98 99 100 101 102 103 104]] [7 [105 106 107 108 109 110 111 112 113 114 115 116 117 118 119]] [8 [120 121 122 123 124 125 126 127 128 129 130 131 132 133 134]] [9 [136 137 138 139 142 145 146 147 149]] [10 [150 151 152 153 154 155 156 158 159 160 161 162 163 164]] [11 [166 167 169 170 171 172 173 174 175 176 177 178 179]] [12 [180 181 182 183 184 185 186 187 188 189 190 191 192 193 194]] [13 [195 196 197 198 199 200 201 202 203 204 205 206 207 208 209]] [14 [210 211 212 213 214 215 216 217 218 219 220 221 222 223 224]] [15 [225 227 228 229 230 231 232 233 234 235 236 237 238 239]] [16 [240 241 242 243 244 245 246 247 248 249 250 251 252 253 254]] [17 [255 256 257 258 259 260 261 262 263 264 265 266 267 268 269]] [18 [270 271 272 273 274 275 276 277 278 279 280 281 282 283 284]] [19 [285 286 287 288 289 290 291 292 293 294 295 296 297 298 299]] [20 [300 301 302 303 304 305 306 307 308 309 310 311 312 313 314]] [21 [315 316 317 318 319 320 321 322 323 324 325 326 327 328 329]] [22 [330 331 332 333 334 335 336 337 338 339 340 341 342 343 344]] [23 [345 346 347 348 349 350 351 352 353 354 355 356 357 358]] [24 [361 362 366 367 368 369 371 374]] [25 [375 376 377 378 379 380 381 382 383 384 385 386 387 388 389]] [26 [390 391 392 393 394 395 396 397 398 399 400 401 402 403 404]] [27 [405 406 407 408 409 410 411 412 413 414 415 416 417 418 419]] [28 [420 421 422 423 424 425 426 427 428 429 430 431 432 433 434]] [29 [435 436 437 438 439 440 441 442 443 444 445 446 447 448 449]] [30 [450 451 452 453 454 455 456 457 458 459 460 461 462 463 464]] [31 [465 466 467 468 469 470 471 472 473 474 475 476 477 478 479]] [32 [480 481 482 483 484 485 486 487 488 489 490 491 492 493 494]] [33 [495 496 497 498 499 501 502 503 504 505 506 507 508 509]] [34 [510 511 512 513 514 515 516 517 518 519 520 521 522 523 524]] [35 [525 526 527 528 529 530 531 532 533 534 535 536 537 538 539]] [36 [540 541 542 543 544 545 546 547 548 549 550 551 552 553 554]] [37 [555 556 557 558 559 560 561 562 563 564 565 566 567 568 569]] [38 [570 571 572 573 574 575 576 577 578 579 580 581 582 583 584]] [39 [585 586 587 588 589 590 591 592 593 594 595 596 597 598 599]] [40 [600 601 602 603 604 605 606 607 608 609 610 611 612 613 614]] [41 [615 616 617 618 619 620 621 622 623 624 625 626 627 628 629]] [42 [630 631 632 633 634 635 636 637 638 639 640 641 642 643 644]] [43 [645 646 647 648 649 650 651 652 653 654 655 656 657 658 659]] [44 [660 661 662 663 664 665 666 667 668 669 670 671 672 673 674]] [45 [675 676 677 678 679 680 681 682 683 684 685 686 687 688 689]] [46 [690 691 692 693 694 695 696 697 698 699 700 701 702 703 704]] [47 [705 706 707 708 709 710 711 712 713 714 715 716 717 718 719]] [48 [720 721 722 723 724 725 726 727 728 729 730 731 732 734]] [49 [735 736 737 738 739 740 741 742 743 744 745 746 747 748 749]] [50 [750 751 752 753 755 757 758 759 760 761 762 763 764]] [51 [765 766 767 768 769 770 771 772 773 774 775 776 777 778 779]] [52 [780 781 782 783 784 785 786 787 788 789 790 791 792 793 794]] [53 [795 796 797 798 799 800 801 802 803 804 805 806 807 808 809]] [54 [810 811 812 813 814 815 816 817 818 819 820 821 822 824]] [55 [826 827 828 829 830 831 832 833 834 835 836 837 838 839]] [56 [840 841 842 843 844 845 846 847 848 849 850 851 852 853 854]] [57 [855 856 857 858 859 860 861 862 863 864 865 866 867 868 869]] [58 [870 871 872 873 874 875 876 877 878 879 881 882 883 884]] [59 [885 886 887 888 889 890 891 892 893 894 895 896 897 898 899]] [60 [900 901 902 903 904 905 906 907 908 909 910 911 912 913 914]] [61 [915 916 917 918 919 920 921 922 923 924 925 926 927 928 929]] [62 [930 931 934 935 936 938 939 941]] [63 [948 949 951 954 955 957 958 959]] [64 [960 961 963 964 968 969 971 972]] [65 [975 976 977 978 980 981 982 983 984 985 986 987 988 989]] [66 [990 991 992 993 994 995 996 997 998 999 1000 1001 1002 1003 1004]] [67 [1005 1006 1007 1008 1009 1010 1011 1012 1013 1014 1015 1016 1017 1019]] [68 [1020 1022 1024 1025 1026 1027 1028 1029 1030 1031 1032 1033 1034]] [69 [1035 1036 1037 1038 1039 1040 1041 1042 1043 1044 1045 1046 1047 1048 1049]] [70 [1050 1051 1052 1053 1054 1055 1056 1057 1058 1059 1060 1061 1062 1063 1064]] [71 [1065 1066 1067 1068 1069 1070 1071 1072 1073 1074 1075 1076 1077 1079]] [72 [1080 1081 1082 1083 1084 1086 1087 1088 1091 1093]] [73 [1095 1098 1099 1100 1101 1103 1107 1109]] [74 [1110 1111 1112 1113 1114 1115 1116 1117 1118 1119 1120 1122 1123 1124]] [75 [1125 1126 1127 1128 1129 1130 1131 1132 1133 1134 1135 1136 1137 1138 1139]] [76 [1140 1141 1142 1143 1144 1145 1146 1147 1148 1149 1150 1151 1152 1153 1154]] [77 [1155 1156 1157 1158 1159 1160 1161 1162 1163 1164 1165 1166 1167 1168 1169]] [78 [1170 1171 1172 1173 1174 1175 1176 1177 1178 1179 1180 1181 1182 1183 1184]] [79 [1185 1186 1187 1188 1189 1190 1191 1192 1193 1194 1195 1196 1197 1198 1199]] [80 [1200 1201 1202 1203 1204 1205 1206 1207 1208 1209 1210 1211 1212 1213 1214]] [81 [1215 1216 1217 1218 1219 1220 1221 1222 1223 1224 1225 1226 1227 1228 1229]] [82 [1230 1231 1232 1233 1234 1235 1236 1237 1238 1239 1240 1241 1242 1243 1244]] [83 [1245 1246 1247 1248 1249 1250 1251 1252 1253 1254 1255 1256 1257 1258 1259]] [84 [1260 1261 1262 1263 1264 1265 1266 1267 1268 1269 1270 1271 1272 1273]] [85 [1275 1276 1277 1278 1279 1280 1281 1282 1283 1284 1285 1286 1287 1288]] [86 [1290 1291 1292 1293 1294 1295 1296 1297 1298 1299 1300 1301 1302 1303 1304]] [87 [1305 1306 1307 1308 1309 1310 1311 1312 1313 1314 1315 1316 1317 1318 1319]] [88 [1320 1321 1322 1323 1324 1325 1326 1327 1328 1329 1330 1331 1332 1333 1334]] [89 [1335 1336 1337 1338 1339 1340 1341 1342 1343 1344 1345 1346 1347 1348 1349]] [90 [1350 1351 1352 1353 1354 1355 1356 1357 1358 1359 1360 1361 1362 1363 1364]] [91 [1365 1366 1367 1368 1369 1370 1371 1372 1373 1374 1375 1376 1377 1378 1379]] [92 [1380 1381 1382 1383 1384 1385 1386 1387 1388 1389 1390 1391 1392 1393 1394]] [93 [1395 1396 1397 1398 1399 1400 1401 1402 1403 1404 1405 1406 1407 1408 1409]] [94 [1410 1411 1412 1413 1415 1416 1417 1421 1424]] [95 [1425 1427 1428 1429 1431 1432 1434 1437 1438 1439]] [96 [1440 1441 1442 1443 1444 1445 1446 1447 1448 1449 1450 1451 1452 1453 1454]] [97 [1455 1456 1457 1458 1459 1460 1461 1462 1463 1464 1465 1466 1467 1468 1469]] [98 [1470 1471 1472 1473 1474 1475 1476 1477 1478 1479 1480 1484]] [99 [1485 1486 1487 1488 1489 1490 1491 1492 1493 1494 1495 1496 1497 1498 1499]]]","[[0 [0 3 5]] [1 [15 17 19 20 21 23 25 27 28]] [2 [30 31 32 34 36 37 44]] [3 [51 53 54 55 56 57 58]] [4 [62 64 65 66 67 70 71 72]] [5 [75 79 80 82 83 85]] [6 [91 94 95 96 97 101 104]] [7 [105 106 108 109 111 112 119]] [8 [120 125 127 130 131 132 134]] [9 [136 137 138 139 142 145 146 149]] [10 [151 154 156 158 163 164]] [11 [166 167 169 172 174 177 178]] [12 [184 186 188 189 190 191 194]] [13 [197 199 200 202 203 205 209]] [14 [213 214 217 218 220 222 223]] [15 [225 227 228 229 230 231 233 234 237 239]] [16 [244 248 249 250 251 252 253 254]] [17 [255 256 257 258 260 261 262 264 265 268 269]] [18 [270 272 274 278 279 282 283]] [19 [286 290 291 294 299]] [20 [302 304 305 306 312 313 314]] [21 [315 316 318 320 325 327 329]] [22 [330 331 334 337 338 340 341 344]] [23 [345 347 348 349 351 353 354 357 358]] [24 [362 366 367 368 369 371 374]] [25 [375 378 381 382 384 386]] [26 [391 392 393 394 398 399 401 403]] [27 [405 407 409 410 412 413 418 419]] [28 [420 422 423 424 425 430 433]] [29 [438 439 440 441 442 447 448 449]] [30 [451 452 453 456 459 461 462]] [31 [466 467 471 472 473 476 477 478]] [32 [481 488 489 490 491 493 494]] [33 [499 502 503 506 507 508 509]] [34 [512 513 514 515 516 518 519 522]] [35 [528 529 530 535 536 537]] [36 [540 541 543 548 549 552 553 554]] [37 [559 560 563 567 568 569]] [38 [571 574 576 580 581 582]] [39 [587 591 593 596 598]] [40 [601 603 605 607 609 611 613]] [41 [615 620 621 622 624 628 629]] [42 [633 636 639 640 641 642]] [43 [645 649 650 652 653 657]] [44 [660 663 668 670 671 672 673 674]] [45 [675 676 677 681 682 683 686 689]] [46 [690 693 695 697 701 702 703]] [47 [705 707 709 710 711 714 718]] [48 [722 724 726 729 730 731 732 734]] [49 [735 736 739 745 746 748 749]] [50 [751 752 753 755 760 761 762 763]] [51 [765 768 773 774 775 778 779]] [52 [784 785 786 787 790 792]] [53 [798 802 803 804 805 809]] [54 [810 811 813 816 817 819 822 824]] [55 [831 832 833 837 838 839]] [56 [840 845 846 848 850 851 852]] [57 [856 857 858 861 864 868 869]] [58 [871 872 874 875 877 882 884]] [59 [887 889 892 896 898]] [60 [900 908 909 910 911 912]] [61 [915 916 917 918 919 922 923 925 927 928 929]] [62 [930 931 934 935 936 938 939 941]] [63 [948 949 954 955 958 959]] [64 [960 961 963 964 968 971 972]] [65 [976 978 980 981 982 983 987]] [66 [990 992 994 998 999 1000 1001 1004]] [67 [1008 1012 1014 1015 1016 1019]] [68 [1020 1022 1024 1025 1026 1027 1029 1030 1031 1033]] [69 [1035 1038 1039 1040 1043 1044 1046 1047 1049]] [70 [1050 1052 1054 1056 1060 1062 1064]] [71 [1065 1067 1068 1070 1071 1073 1074 1075 1076 1077]] [72 [1080 1081 1083 1084 1086 1087 1088 1093]] [73 [1095 1098 1100 1101 1103 1107 1109]] [74 [1110 1113 1114 1115 1118 1119 1120 1122 1124]] [75 [1130 1131 1132 1133 1134 1136 1138]] [76 [1141 1144 1145 1148 1150 1151 1152]] [77 [1156 1158 1159 1161 1163 1164 1165]] [78 [1174 1176 1178 1179 1180 1182 1184]] [79 [1185 1186 1193 1194 1195 1196 1198]] [80 [1201 1202 1205 1207 1212 1213]] [81 [1215 1216 1217 1221 1223 1224 1229]] [82 [1233 1234 1237 1238 1239 1240 1243]] [83 [1247 1248 1251 1253 1255 1256]] [84 [1262 1263 1265 1266 1267 1270 1271]] [85 [1275 1278 1279 1281 1283 1285 1287]] [86 [1290 1291 1292 1293 1294 1296 1298 1300 1303 1304]] [87 [1305 1310 1314 1316 1317 1318 1319]] [88 [1320 1323 1325 1327 1329 1330 1332 1334]] [89 [1337 1338 1340 1341 1344 1346 1348]] [90 [1350 1352 1353 1354 1355 1357 1359 1360 1364]] [91 [1366 1367 1369 1371 1374 1376 1378]] [92 [1380 1381 1385 1386 1388 1389 1390 1394]] [93 [1395 1399 1404 1407 1408]] [94 [1411 1413 1415 1416 1417 1421 1424]] [95 [1427 1428 1429 1431 1432 1437 1438]] [96 [1441 1442 1445 1446 1448 1449 1451]] [97 [1458 1460 1462 1463 1465 1467]] [98 [1472 1473 1476 1477 1480 1484]] [99 [1489 1493 1495 1496 1497 1498 1499]]]",,"[[{citizen 1} [[""A"" [1 4 2 1 3 5 4 2 1 1]]]] [{citizen 2} [[""A"" [1 2 1 5 1 2 1 1 0 2]]]] [{citizen 3} [[""A"" [2 2 1 1 3 1 1 3 4 5]]]] [{citizen 4} [[""A"" [4 4 4 3 2 1 1 0 2 1]]]] [{citizen 8} [[""A"" [6 4 4 1 3 1 2 1 2 1]]]] [{citizen 9} [[""A"" [3 1 2 1 4 1 2 1 1 2]]]] [{citizen 10} [[""A"" [1 1 1 2 1 2 1 1 2 1]]]] [{citizen 12} [[""A"" [2 1 1 3 2 1 1 3 4 5]]]] [{citizen 13} [[""A"" [2 0 2 1 1 2 1 1 2 1]]]] [{citizen 14} [[""A"" [4 3 2 1 1 2 1 3 4 5]]]] [{citizen 22} [[""A"" [2 4 2 1 4 3 5 4 1 1]]]] [{citizen 24} [[""A"" [1 2 1 3 4 1 1 1 1 1]]]] [{citizen 30} [[""A"" [1 1 0 2 1 1 2 1 1 2]]]] [{citizen 36} [[""A"" [4 3 2 3 5 4 5 4 1 1]]]] [{citizen 40} [[""A"" [4 5 4 3 1 2 1 1 2 1]]]] [{citizen 43} [[""A"" [3 1 2 4 1 3 5 5 4 5]]]] [{citizen 45} [[""A"" [2 3 2 1 1 0 1 1 1 1]]]] [{citizen 48} [[""A"" [2 2 1 3 1 2 1 1 2 1]]]] [{citizen 49} [[""A"" [1 1 1 2 1 1 3 1 1 1]]]] [{media 50} [[""A"" [1 1 1 1 1 1 1 1 1 1]]]] [{media 51} [[""A"" [2 2 2 2 2 2 2 2 2 2]]]] [{media 52} [[""A"" [4 4 4 4 4 4 4 4 4 4]]]] [{media 53} [[""A"" [4 4 4 4 4 4 4 4 4 4]]]] [{media 55} [[""A"" [2 2 2 2 2 2 2 2 2 2]]]] [{media 56} [[""A"" [1 1 1 1 1 1 1 1 1 1]]]] [{media 58} [[""A"" [0 0 0 0 0 0 0 0 0 0]]]] [{media 60} [[""A"" [3 3 3 3 3 3 3 3 3 3]]]] [{media 63} [[""A"" [1 1 1 1 1 1 1 1 1 1]]]] [{media 64} [[""A"" [1 1 1 1 1 1 1 1 1 1]]]] [{media 57} [[""A"" [5 5 5 5 5 5 5 5 5 5]]]] [{citizen 38} [[""A"" [2 1 1 1 3 4 1 1 2 1]]]] [{citizen 41} [[""A"" [0 1 2 2 1 1 5 4 1 5]]]] [{citizen 17} [[""A"" [1 2 1 1 4 2 1 3 4 5]]]] [{citizen 29} [[""A"" [6 5 4 1 3 5 4 2 1 1]]]] [{citizen 31} [[""A"" [1 1 1 3 4 2 1 1 1 2]]]] [{citizen 25} [[""A"" [1 3 1 3 2 1 1 2 1 1]]]] [{citizen 20} [[""A"" [2 1 1 4 5 4 3 5 4 5]]]] [{media 59} [[""A"" [5 5 5 5 5 5 5 5 5 5]]]] [{citizen 39} [[""A"" [1 3 2 4 1 2 1 1 2 1]]]] [{citizen 28} [[""A"" [1 0 1 4 5 3 6 5 4 5]]]] [{citizen 5} [[""A"" [3 1 1 1 1 1 2 1 1 2]]]] [{citizen 34} [[""A"" [3 2 1 2 1 1 3 5 4 5]]]] [{citizen 16} [[""A"" [2 1 1 1 2 4 1 3 4 5]]]] [{citizen 23} [[""A"" [1 3 4 4 1 3 5 5 4 5]]]] [{citizen 6} [[""A"" [1 1 1 4 5 4 3 2 1 1]]]] [{media 61} [[""A"" [6 6 6 6 6 6 6 6 6 6]]]] [{citizen 27} [[""A"" [2 1 3 1 4 1 3 4 1 1]]]] [{citizen 18} [[""A"" [5 5 4 4 5 6 5 4 1 5]]]] [{citizen 19} [[""A"" [1 3 5 4 4 1 4 2 1 2]]]] [{citizen 7} [[""A"" [2 1 3 4 4 2 1 1 1 1]]]] [{citizen 42} [[""A"" [1 1 4 2 1 1 2 1 1 1]]]] [{citizen 33} [[""A"" [0 1 1 2 1 2 1 1 2 1]]]] [{citizen 44} [[""A"" [1 3 1 1 2 1 3 5 4 5]]]] [{citizen 21} [[""A"" [5 4 2 1 1 3 2 5 2 1]]]] [{citizen 11} [[""A"" [2 1 3 5 4 2 1 1 2 1]]]] [{media 54} [[""A"" [5 5 5 5 5 5 5 5 5 5]]]] [{media 62} [[""A"" [5 5 5 5 5 5 5 5 5 5]]]] [{citizen 15} [[""A"" [1 1 2 4 1 2 1 1 2 1]]]] [{citizen 35} [[""A"" [3 1 2 1 1 4 1 3 4 5]]]] [{citizen 37} [[""A"" [1 2 1 4 2 1 2 1 1 2]]]] [{citizen 32} [[""A"" [5 5 4 3 4 1 3 4 1 1]]]] [{citizen 26} [[""A"" [1 1 2 2 1 3 1 1 1 0]]]] [{citizen 47} [[""A"" [1 2 4 2 1 1 2 1 2 1]]]] [{citizen 46} [[""A"" [1 2 1 1 1 3 1 3 4 5]]]]]"
"1","[213 0 42]","26.25","1.9162551299466415","3.718435473955785","""circle""","""""","9.9","{breed citizens}","false","0.5","1","""up""",,"[[""ID"" 1] [""alpha"" 1] [""beta"" 1] [""malleable"" [""A""]] [""prior"" []] [""cont_tokens"" []] [""A"" 1]]","[[0 [0 1 2 3 4 5 8 9 11 13]] [1 [16 18 20 21 22 23 24 25 27 28]] [2 [30 31 32 33 34 35 36 37 38 39 40 41 42 43 44]] [3 [45 46 47 48 49 50 51 52 53 54 55 56 57 58]] [4 [60 61 62 63 64 65 66 67 68 69 70 71 72 73 74]] [5 [75 76 77 78 79 80 81 82 83 84 85 86 87 88 89]] [6 [90 92 93 94 95 96 97 98 99 100 101 102 103 104]] [7 [105 106 107 108 109 110 111 112 113 114 115 116 117 118 119]] [8 [120 121 122 123 124 125 126 127 128 129 130 131 132 134]] [9 [136 137 138 139 142 145 146 147 149]] [10 [150 151 152 153 154 155 156 158 159 160 161 162 163 164]] [11 [166 167 169 170 171 172 173 174 175 176 177 178 179]] [12 [180 181 182 183 184 185 186 187 188 189 190 191 192 193 194]] [13 [195 196 197 198 199 200 201 202 203 204 205 206 207 208 209]] [14 [210 211 212 213 214 215 216 217 218 219 220 221 222 223 224]] [15 [225 226 227 228 229 230 231 232 233 234 235 236 237 238 239]] [16 [240 241 242 243 244 245 246 247 248 249 250 251 252 253 254]] [17 [255 256 257 258 259 260 261 262 263 264 265 266 267 268 269]] [18 [270 271 272 273 274 275 276 277 278 279 280 281 282 283 284]] [19 [285 286 287 288 289 290 291 292 293 294 295 296 297 298 299]] [20 [300 301 302 303 304 305 306 307 309 310 311 312 313 314]] [21 [315 316 317 318 319 320 321 322 323 324 325 326 327 328 329]] [22 [330 331 332 333 334 335 336 337 338 339 340 341 342 343 344]] [23 [345 346 347 348 349 350 351 352 353 354 355 356 357 358]] [24 [360 361 362 363 364 365 366 367 368 369 370 371 372 373 374]] [25 [375 376 377 378 379 380 381 382 383 384 385 386 387 388 389]] [26 [390 391 392 393 394 395 396 397 398 399 400 401 402 403 404]] [27 [405 406 407 408 409 410 411 412 413 414 415 416 417 418 419]] [28 [420 421 422 423 424 425 426 427 428 429 430 431 432 433 434]] [29 [435 436 437 438 439 440 441 442 443 444 445 446 447 448 449]] [30 [450 451 452 453 454 455 456 457 458 459 460 461 462 463 464]] [31 [465 466 467 468 469 470 471 472 473 474 475 476 477 478 479]] [32 [480 481 482 483 484 485 486 487 488 489 490 491 492 493 494]] [33 [495 496 497 498 499 501 502 503 504 505 506 507 508 509]] [34 [510 511 512 513 514 515 516 517 518 519 520 521 522 523 524]] [35 [525 526 527 528 529 530 531 532 533 534 535 536 537 538 539]] [36 [540 541 542 543 544 545 546 547 548 549 550 551 552 553 554]] [37 [555 556 557 558 559 560 561 562 563 564 565 566 567 568 569]] [38 [570 571 572 573 574 575 576 577 578 579 580 581 582 583 584]] [39 [585 586 587 588 589 590 591 592 593 594 595 596 597 598 599]] [40 [600 601 602 603 604 605 606 607 608 609 610 611 612 613 614]] [41 [615 616 617 618 619 620 621 622 624 625 626 627 628 629]] [42 [630 631 632 633 634 635 636 637 638 639 640 641 642 643 644]] [43 [645 646 647 648 649 650 651 652 653 654 655 656 657 658 659]] [44 [660 661 662 663 664 665 666 667 668 669 670 671 672 673 674]] [45 [675 676 677 678 679 680 681 682 683 684 685 686 687 688 689]] [46 [690 691 692 693 694 695 696 697 698 699 700 701 702 703 704]] [47 [705 706 707 708 709 710 711 712 713 714 715 716 717 718 719]] [48 [720 721 722 723 724 725 726 727 728 729 730 731 732 734]] [49 [735 736 737 738 739 740 741 742 743 744 745 746 747 748 749]] [50 [750 751 752 753 755 757 758 759 760 761 762 763 764]] [51 [765 766 767 768 769 770 771 772 773 774 775 776 777 778 779]] [52 [780 781 782 783 784 785 786 787 788 789 790 791 792 793 794]] [53 [795 796 797 798 799 800 801 802 803 804 805 806 807 808 809]] [54 [810 811 812 813 814 815 816 817 818 819 820 821 822 824]] [55 [826 827 828 829 830 831 832 833 834 835 836 837 838 839]] [56 [840 841 842 843 844 845 846 847 848 849 850 851 852 853 854]] [57 [855 856 857 858 859 860 861 862 863 864 865 866 867 868 869]] [58 [870 871 872 873 874 875 876 877 878 879 881 882 883 884]] [59 [885 886 887 888 889 890 891 892 893 894 895 896 897 898 899]] [60 [900 901 902 903 904 905 906 907 908 909 910 911 912 913 914]] [61 [915 916 917 918 919 922 923 925 927 928 929]] [62 [930 931 934 935 936 938 939 941]] [63 [948 949 951 954 955 957 958 959]] [64 [960 961 963 964 968 969 971 972]] [65 [975 976 977 978 980 981 982 983 984 985 986 987 988 989]] [66 [990 991 992 994 995 996 997 998 999 1000 1001 1002 1003 1004]] [67 [1005 1006 1007 1008 1009 1010 1011 1012 1013 1014 1015 1016 1017 1019]] [68 [1020 1022 1024 1025 1026 1027 1028 1029 1030 1031 1032 1033 1034]] [69 [1035 1036 1037 1038 1039 1040 1041 1042 1043 1044 1045 1046 1047 1048 1049]] [70 [1050 1051 1052 1053 1054 1055 1056 1057 1058 1059 1060 1061 1062 1063 1064]] [71 [1065 1066 1067 1068 1069 1070 1071 1072 1073 1074 1075 1076 1077 1079]] [72 [1080 1081 1082 1083 1084 1086 1087 1088 1091 1093]] [73 [1095 1098 1099 1100 1101 1103 1107 1109]] [74 [1110 1111 1112 1113 1114 1115 1116 1117 1118 1119 1120 1122 1123 1124]] [75 [1125 1126 1127 1128 1129 1130 1131 1132 1133 1134 1135 1136 1137 1138 1139]] [76 [1140 1141 1142 1143 1144 1145 1146 1147 1148 1149 1150 1151 1152 1153 1154]] [77 [1155 1156 1157 1158 1159 1160 1161 1162 1163 1164 1165 1166 1167 1168 1169]] [78 [1170 1171 1172 1173 1174 1175 1176 1177 1178 1179 1180 1181 1182 1183 1184]] [79 [1185 1186 1187 1188 1189 1190 1191 1192 1193 1194 1195 1196 1197 1198 1199]] [80 [1200 1201 1202 1203 1204 1205 1206 1207 1208 1209 1210 1211 1212 1213 1214]] [81 [1215 1216 1217 1218 1219 1220 1221 1222 1223 1224 1225 1226 1227 1228 1229]] [82 [1230 1231 1232 1233 1234 1235 1236 1237 1238 1239 1240 1241 1242 1243 1244]] [83 [1245 1246 1247 1248 1249 1250 1251 1252 1253 1254 1255 1256 1257 1258 1259]] [84 [1260 1261 1262 1263 1264 1265 1266 1267 1268 1269 1270 1271 1272 1273]] [85 [1275 1276 1277 1278 1279 1280 1281 1282 1283 1284 1285 1286 1287 1288]] [86 [1290 1291 1292 1293 1294 1295 1296 1297 1298 1299 1300 1301 1302 1303 1304]] [87 [1305 1306 1307 1308 1309 1310 1311 1312 1313 1314 1315 1316 1317 1318 1319]] [88 [1320 1321 1322 1323 1324 1325 1326 1327 1328 1329 1330 1331 1332 1333 1334]] [89 [1335 1336 1337 1338 1339 1340 1341 1342 1343 1344 1345 1346 1347 1348 1349]] [90 [1350 1351 1352 1353 1354 1355 1356 1357 1358 1359 1360 1361 1362 1363 1364]] [91 [1365 1366 1367 1368 1369 1370 1371 1372 1373 1374 1375 1376 1377 1378 1379]] [92 [1380 1381 1382 1383 1384 1385 1386 1387 1388 1389 1390 1391 1392 1393 1394]] [93 [1395 1396 1397 1398 1399 1400 1401 1402 1403 1404 1405 1406 1407 1408 1409]] [94 [1410 1411 1412 1413 1415 1416 1417 1421 1424]] [95 [1425 1427 1428 1429 1431 1432 1434 1437 1438 1439]] [96 [1440 1441 1442 1443 1444 1445 1446 1447 1448 1449 1450 1451 1452 1453 1454]] [97 [1455 1456 1457 1458 1459 1460 1461 1462 1463 1464 1465 1466 1467 1468 1469]] [98 [1470 1471 1472 1473 1474 1475 1476 1477 1478 1479 1480 1484]] [99 [1485 1486 1487 1488 1489 1490 1491 1492 1493 1494 1495 1496 1497 1498 1499]]]","[[0 [1 2 4 8 9 11 13]] [1 [16 18 20 21 23 25 27 28]] [2 [30 31 32 34 36 37 43]] [3 [45 46 47 48 49 50 52 58]] [4 [64 66 67 73 74]] [5 [76 77 78 84 86 87]] [6 [90 92 93 100 102 103]] [7 [107 108 109 111 112 117 119]] [8 [120 121 125 127 131 132 134]] [9 [136 137 138 139 142]] [10 [152 153 155 159 160 161 162 164]] [11 [167 169 172 174 177 178]] [12 [184 186 188 189 190 191]] [13 [195 196 198 201 204 206 207 208]] [14 [210 211 212 213 214 215 217 218 220 222 223]] [15 [225 227 228 229 231 233 234 237 239]] [16 [242 243 245 247]] [17 [259 262 264 265 268 269]] [18 [270 272 273 275 276 277 280 281]] [19 [285 287 288 289 291 292 293 295 296 297 299]] [20 [302 304 306 312 313 314]] [21 [315 316 318 320 325 327 329]] [22 [330 333 335 336 339 340 341 344]] [23 [345 347 348 349 351 353 354 357 358]] [24 [362 366 367 368 369 371 374]] [25 [376 379 380 383 385 386]] [26 [391 392 394 397 400 402 404]] [27 [407 410 412 413 418 419]] [28 [420 422 423 424 425 426 428 429 431 432 434]] [29 [435 436 437 443 444 447 448 449]] [30 [451 452 453 456 459 461 462]] [31 [467 468 469 470 474 475 479]] [32 [480 482 483 484 488 489 490 491 493 494]] [33 [499 502 503 506 507 508 509]] [34 [510 511 512 513 517 518 519 521 522]] [35 [526 527 531 532 533 534 536]] [36 [540 541 543 548 549 552 553 554]] [37 [559 560 563 567 568 569]] [38 [571 574 576 578 579 583 584]] [39 [585 586 587 588 590 592 594 595 597 599]] [40 [600 604 606 608 609 611 613]] [41 [615 621 626 628 629]] [42 [633 635 636 639 640 641 642]] [43 [645 649 650 652 653 657]] [44 [660 663 668 673 674]] [45 [675 676 677 681 682 683 686]] [46 [690 693 695 697 701 702 703 704]] [47 [706 708 712 715 716 717 718]] [48 [720 722 724 725 726 729 730 731 732 734]] [49 [735 736 739 745 746 748 749]] [50 [753 755 760 761 762 763]] [51 [765 766 767 769 770 771 772]] [52 [781 782 783 788 791 793 794]] [53 [795 796 797 799 800 801 805 808 809]] [54 [810 811 813 816 817 819 822 824]] [55 [828 829 830 834 836 837 838 839]] [56 [840 845 846 847 848 849 850 851 852]] [57 [856 857 858 861 862 864 868 869]] [58 [872 874 875 877 879 881 883 884]] [59 [887 891 893 894 895 897 899]] [60 [903 904 905 906 907 913 914]] [61 [922 923 925 927 928 929]] [62 [930 931 934 935 936 938 939 941]] [63 [948 949 954 955 957 958 959]] [64 [960 961 963 964 968 971 972]] [65 [976 978 980 981 982 983 986 988 989]] [66 [991 992 994 998 999 1000 1001 1004]] [67 [1007 1008 1012 1014 1015 1016 1019]] [68 [1020 1022 1024 1025 1026 1027 1029 1030 1031 1033 1034]] [69 [1036 1037 1042 1043 1044 1047 1049]] [70 [1050 1052 1054 1056 1058 1060 1063 1064]] [71 [1065 1067 1068 1070 1071 1073 1076 1077]] [72 [1081 1083 1084 1086 1087 1088 1093]] [73 [1095 1098 1099 1100 1101 1103 1107 1109]] [74 [1110 1112 1116 1117 1120 1122 1124]] [75 [1130 1131 1132 1133 1134 1136 1138]] [76 [1142 1146 1147 1149 1150 1151 1152]] [77 [1155 1158 1160 1163 1164 1165]] [78 [1174 1176 1178 1179 1180 1182 1184]] [79 [1185 1186 1189 1194 1195 1196 1198]] [80 [1201 1202 1205 1206 1207 1212 1213]] [81 [1215 1216 1217 1221 1223 1224 1229]] [82 [1233 1234 1235 1236 1239 1241 1242 1244]] [83 [1245 1246 1248 1251 1253 1254 1256]] [84 [1262 1263 1265 1266 1267 1269 1272 1273]] [85 [1276 1277 1280 1281 1283 1285 1286 1287]] [86 [1290 1291 1292 1293 1294 1296 1298 1300 1303 1304]] [87 [1305 1306 1307 1308 1309 1311 1312 1313 1315]] [88 [1321 1322 1324 1326 1328 1330 1332 1333 1334]] [89 [1340 1341 1343 1344 1346]] [90 [1350 1352 1353 1354 1355 1357 1359 1360 1361 1363]] [91 [1365 1368 1372 1373 1375 1379]] [92 [1382 1384 1387 1389 1390 1391 1392 1393]] [93 [1396 1397 1398 1400 1402 1403 1404 1407 1408]] [94 [1411 1413 1415 1416 1417 1421 1424]] [95 [1425 1429 1431 1432 1434 1437 1438]] [96 [1441 1442 1443 1447 1448 1449 1451]] [97 [1457 1459 1460 1462 1463 1465 1467]] [98 [1472 1473 1476 1477 1480 1484]] [99 [1487 1491 1492 1493 1495 1496 1497 1499]]]",,"[[{citizen 4} [[""A"" [2 1 1 1 3 3 2 0 2 1]]]] [{citizen 5} [[""A"" [3 4 5 5 1 1 1 2 2 1]]]] [{citizen 6} [[""A"" [2 1 1 1 0 2 5 3 2 1]]]] [{citizen 25} [[""A"" [4 3 1 3 1 3 1 2 1 2]]]] [{citizen 27} [[""A"" [1 3 1 2 1 3 1 4 3 1]]]] [{citizen 41} [[""A"" [5 2 0 1 1 2 3 1 2 1]]]] [{citizen 43} [[""A"" [1 1 2 3 1 3 1 2 5 6]]]] [{citizen 44} [[""A"" [5 4 2 1 2 1 3 2 1 2]]]] [{media 50} [[""A"" [1 1 1 1 1 1 1 1 1 1]]]] [{media 51} [[""A"" [2 2 2 2 2 2 2 2 2 2]]]] [{media 55} [[""A"" [2 2 2 2 2 2 2 2 2 2]]]] [{media 56} [[""A"" [1 1 1 1 1 1 1 1 1 1]]]] [{media 58} [[""A"" [0 0 0 0 0 0 0 0 0 0]]]] [{media 60} [[""A"" [3 3 3 3 3 3 3 3 3 3]]]] [{media 63} [[""A"" [1 1 1 1 1 1 1 1 1 1]]]] [{media 64} [[""A"" [1 1 1 1 1 1 1 1 1 1]]]] [{media 53} [[""A"" [4 4 4 4 4 4 4 4 4 4]]]] [{citizen 0} [[""A"" [1 2 1 0 1 0 2 1 0 1]]]] [{media 52} [[""A"" [4 4 4 4 4 4 4 4 4 4]]]] [{citizen 45} [[""A"" [3 4 5 3 2 1 1 0 1 1]]]] [{citizen 24} [[""A"" [2 1 2 1 2 3 2 1 1 1]]]] [{citizen 31} [[""A"" [2 1 1 1 3 2 1 1 2 1]]]] [{citizen 3} [[""A"" [2 2 1 2 1 3 1 2 3 5]]]] [{citizen 28} [[""A"" [1 3 1 2 1 0 1 3 6 4]]]] [{citizen 34} [[""A"" [4 3 1 2 3 1 2 1 2 3]]]] [{citizen 16} [[""A"" [1 3 2 1 2 1 1 1 2 3]]]] [{citizen 40} [[""A"" [2 1 4 3 1 2 1 0 2 1]]]] [{citizen 12} [[""A"" [1 0 1 2 1 1 3 2 1 3]]]] [{citizen 23} [[""A"" [2 1 0 1 2 1 3 2 3 5]]]] [{citizen 18} [[""A"" [6 5 5 5 4 4 5 6 5 4]]]] [{citizen 19} [[""A"" [1 1 3 5 4 5 2 1 2 1]]]] [{citizen 7} [[""A"" [1 2 1 2 1 3 2 1 1 1]]]] [{citizen 42} [[""A"" [2 1 2 1 1 2 1 2 1 1]]]] [{citizen 22} [[""A"" [0 2 1 0 1 2 4 4 1 1]]]] [{citizen 20} [[""A"" [1 2 1 1 0 2 3 5 4 5]]]] [{citizen 10} [[""A"" [1 1 1 2 2 1 2 1 2 1]]]] [{citizen 13} [[""A"" [0 2 2 2 1 1 2 1 2 1]]]] [{citizen 36} [[""A"" [4 5 3 2 1 1 3 5 5 4]]]] [{citizen 33} [[""A"" [2 0 2 1 1 2 1 2 2 1]]]] [{citizen 49} [[""A"" [2 1 1 1 2 1 3 1 1 1]]]] [{citizen 9} [[""A"" [4 4 3 1 2 1 2 1 2 1]]]] [{citizen 14} [[""A"" [4 5 1 2 1 1 1 2 3 4]]]] [{citizen 8} [[""A"" [2 1 6 4 3 1 2 1 2 1]]]] [{citizen 2} [[""A"" [1 3 1 2 1 1 5 2 0 1]]]] [{citizen 21} [[""A"" [1 3 1 1 3 2 1 3 2 1]]]] [{citizen 29} [[""A"" [1 2 1 1 1 6 3 2 1 1]]]] [{media 54} [[""A"" [5 5 5 5 5 5 5 5 5 5]]]] [{citizen 48} [[""A"" [0 1 2 3 1 2 1 1 2 1]]]] [{citizen 15} [[""A"" [3 2 1 1 1 2 1 2 2 1]]]] [{citizen 30} [[""A"" [2 1 1 0 2 1 2 1 2 1]]]] [{citizen 39} [[""A"" [1 1 1 3 2 1 2 1 2 1]]]] [{citizen 35} [[""A"" [5 3 4 5 3 1 2 1 1 3]]]] [{citizen 38} [[""A"" [1 2 1 3 1 3 5 0 2 1]]]] [{media 61} [[""A"" [6 6 6 6 6 6 6 6 6 6]]]] [{citizen 17} [[""A"" [4 5 4 0 1 1 2 1 1 3]]]] [{media 59} [[""A"" [5 5 5 5 5 5 5 5 5 5]]]] [{citizen 11} [[""A"" [4 2 1 1 3 5 2 1 2 1]]]] [{media 57} [[""A"" [5 5 5 5 5 5 5 5 5 5]]]] [{media 62} [[""A"" [5 5 5 5 5 5 5 5 5 5]]]] [{citizen 37} [[""A"" [1 2 1 1 2 4 1 2 2 1]]]] [{citizen 32} [[""A"" [5 2 1 1 3 4 3 4 1 1]]]] [{citizen 26} [[""A"" [1 1 1 2 2 3 1 1 0 1]]]] [{citizen 47} [[""A"" [2 1 2 1 1 2 1 1 2 1]]]] [{citizen 46} [[""A"" [1 0 2 1 2 1 1 1 3 3]]]]]"
"2","[213 0 42]","75","4.010145554824699","1.0895348591378966","""circle""","""""","9.9","{breed citizens}","false","0.5","1","""up""",,"[[""ID"" 2] [""alpha"" 1] [""beta"" 1] [""malleable"" [""A""]] [""prior"" []] [""cont_tokens"" []] [""A"" 1]]","[[0 [0 1 2 3 4 5 8 9 11 13]] [1 [16 18 20 21 22 23 24 25 27 28]] [2 [30 31 32 33 34 35 36 37 38 39 40 41 42 43 44]] [3 [45 46 47 48 49 50 51 52 53 54 55 56 57 58]] [4 [60 61 62 63 64 65 66 67 68 69 70 71 72 73 74]] [5 [75 76 77 78 79 80 81 82 83 84 85 86 87 88 89]] [6 [90 91 92 93 94 95 96 97 98 99 100 101 102 103 104]] [7 [105 106 107 108 109 110 111 112 113 114 115 116 117 118 119]] [8 [120 121 122 123 124 125 126 127 128 129 130 131 132 134]] [9 [136 137 138 139 142 145 146 147 149]] [10 [150 151 152 153 154 155 156 158 159 160 161 162 163 164]] [11 [166 167 169 170 171 172 173 174 175 176 177 178 179]] [12 [180 181 182 183 184 185 186 187 188 189 190 191 192 193 194]] [13 [195 196 197 198 199 200 201 202 203 204 205 206 207 208 209]] [14 [210 211 212 213 214 215 216 217 218 219 220 221 222 223 224]] [15 [225 226 227 228 229 230 231 232 233 234 235 236 237 238 239]] [16 [240 241 242 243 244 245 246 247 248 249 250 251 252 253 254]] [17 [255 256 257 258 259 260 261 262 263 264 265 266 267 268 269]] [18 [270 271 272 273 274 275 276 277 278 279 280 281 282 283 284]] [19 [285 286 287 288 289 290 291 292 293 294 295 296 297 298 299]] [20 [300 301 302 303 304 305 306 307 308 309 310 311 312 313 314]] [21 [315 316 317 318 319 320 321 322 323 324 325 326 327 328 329]] [22 [330 331 332 333 334 335 336 337 338 339 340 341 342 343 344]] [23 [345 346 347 348 349 350 351 352 353 354 355 356 357 358]] [24 [360 361 362 363 364 365 366 367 368 369 370 371 372 373 374]] [25 [375 376 377 378 379 380 381 382 383 384 385 386 387 388 389]] [26 [390 391 392 393 394 395 396 397 398 399 400 401 402 403 404]] [27 [405 406 407 408 409 410 411 412 413 414 415 416 417 418 419]] [28 [420 421 422 423 424 425 426 427 428 429 430 431 432 433 434]] [29 [435 436 437 438 439 440 441 442 443 444 445 446 447 448 449]] [30 [450 451 452 453 454 455 456 457 458 459 460 461 462 463 464]] [31 [465 466 467 468 469 470 471 472 473 474 475 476 477 478 479]] [32 [480 481 482 483 484 485 486 487 488 489 490 491 492 493 494]] [33 [495 496 497 498 499 501 502 503 504 505 506 507 508 509]] [34 [510 511 512 513 514 515 516 517 518 519 520 521 522 523 524]] [35 [525 526 527 528 529 530 531 532 533 534 535 536 537 538 539]] [36 [540 541 542 543 544 545 546 547 548 549 550 551 552 553 554]] [37 [555 556 557 558 559 560 561 562 563 564 565 566 567 568 569]] [38 [570 571 572 573 574 575 576 577 578 579 580 581 582 583 584]] [39 [585 586 587 588 589 590 591 592 593 594 595 596 597 598 599]] [40 [600 601 602 603 604 605 606 607 608 609 610 611 612 613 614]] [41 [615 616 617 618 619 620 621 622 623 624 625 626 627 628 629]] [42 [630 631 632 633 634 635 636 637 638 639 640 641 642 643 644]] [43 [645 646 647 648 649 650 651 652 653 654 655 656 657 658 659]] [44 [660 661 662 663 664 665 666 667 668 669 670 671 672 673 674]] [45 [675 676 677 678 679 680 681 682 683 684 685 686 687 688 689]] [46 [690 691 692 693 694 695 696 697 698 699 700 701 702 703 704]] [47 [705 706 707 708 709 710 711 712 713 714 715 716 717 718 719]] [48 [720 721 722 723 724 725 726 727 728 729 730 731 732 734]] [49 [735 736 737 738 739 740 741 742 743 744 745 746 747 748 749]] [50 [750 751 752 753 755 757 758 759 760 761 762 763 764]] [51 [765 766 767 768 769 770 771 772 773 774 775 776 777 778 779]] [52 [780 781 782 783 784 785 786 787 788 789 790 791 792 793 794]] [53 [795 796 797 798 799 800 801 802 803 804 805 806 807 808 809]] [54 [810 811 812 813 814 815 816 817 818 819 820 821 822 824]] [55 [826 827 828 829 830 831 832 833 834 835 836 837 838 839]] [56 [840 841 842 843 844 845 846 847 848 849 850 851 852 853 854]] [57 [855 856 857 858 859 860 861 862 863 864 865 866 867 868 869]] [58 [870 871 872 873 874 875 876 877 878 879 881 882 883 884]] [59 [885 886 887 888 889 890 891 892 893 894 895 896 897 898 899]] [60 [900 901 902 903 904 905 906 907 908 909 910 911 912 913 914]] [61 [915 916 917 918 919 922 923 925 927 928 929]] [62 [930 931 934 935 936 938 939 941]] [63 [948 949 951 954 955 957 958 959]] [64 [960 961 963 964 968 969 971 972]] [65 [975 976 977 978 980 981 982 983 984 985 986 987 988 989]] [66 [990 991 992 994 995 996 997 998 999 1000 1001 1002 1003 1004]] [67 [1005 1006 1007 1008 1009 1010 1011 1012 1013 1014 1015 1016 1017 1019]] [68 [1020 1022 1024 1025 1026 1027 1028 1029 1030 1031 1032 1033 1034]] [69 [1035 1036 1037 1038 1039 1040 1041 1042 1043 1044 1045 1046 1047 1048 1049]] [70 [1050 1051 1052 1053 1054 1055 1056 1057 1058 1059 1060 1061 1062 1063 1064]] [71 [1065 1066 1067 1068 1069 1070 1071 1072 1073 1074 1075 1076 1077 1079]] [72 [1080 1081 1082 1083 1084 1086 1087 1088 1091 1093]] [73 [1095 1098 1099 1100 1101 1103 1107 1109]] [74 [1110 1111 1112 1113 1114 1115 1116 1117 1118 1119 1120 1122 1123 1124]] [75 [1125 1126 1127 1128 1129 1130 1131 1132 1133 1134 1135 1136 1137 1138 1139]] [76 [1140 1141 1142 1143 1144 1145 1146 1147 1148 1149 1150 1151 1152 1153 1154]] [77 [1155 1156 1157 1158 1159 1160 1161 1162 1163 1164 1165 1166 1167 1168 1169]] [78 [1170 1171 1172 1173 1174 1175 1176 1177 1178 1179 1180 1181 1182 1183 1184]] [79 [1185 1186 1187 1188 1189 1190 1191 1192 1193 1194 1195 1196 1197 1198 1199]] [80 [1200 1201 1202 1203 1204 1205 1206 1207 1208 1209 1210 1211 1212 1213 1214]] [81 [1215 1216 1217 1218 1219 1220 1221 1222 1223 1224 1225 1226 1227 1228 1229]] [82 [1230 1231 1232 1233 1234 1235 1236 1237 1238 1239 1240 1241 1242 1243 1244]] [83 [1245 1246 1247 1248 1249 1250 1251 1252 1253 1254 1255 1256 1257 1258 1259]] [84 [1260 1261 1262 1263 1264 1265 1266 1267 1268 1269 1270 1271 1272 1273]] [85 [1275 1276 1277 1278 1279 1280 1281 1282 1283 1284 1285 1286 1287 1288]] [86 [1290 1291 1292 1293 1294 1295 1296 1297 1298 1299 1300 1301 1302 1303 1304]] [87 [1305 1306 1307 1308 1309 1310 1311 1312 1313 1314 1315 1316 1317 1318 1319]] [88 [1320 1321 1322 1323 1324 1325 1326 1327 1328 1329 1330 1331 1332 1333 1334]] [89 [1335 1336 1337 1338 1339 1340 1341 1342 1343 1344 1345 1346 1347 1348 1349]] [90 [1350 1351 1352 1353 1354 1355 1357 1359 1360 1361 1362 1363 1364]] [91 [1365 1366 1367 1368 1369 1370 1371 1372 1373 1374 1375 1376 1377 1378 1379]] [92 [1380 1381 1382 1383 1384 1385 1386 1387 1388 1389 1390 1391 1392 1393 1394]] [93 [1395 1396 1397 1398 1399 1400 1401 1402 1403 1404 1405 1406 1407 1408 1409]] [94 [1410 1411 1412 1413 1415 1416 1417 1421 1424]] [95 [1425 1427 1428 1429 1431 1432 1434 1437 1438 1439]] [96 [1440 1441 1442 1443 1444 1445 1446 1447 1448 1449 1450 1451 1452 1453 1454]] [97 [1455 1456 1457 1458 1459 1460 1461 1462 1463 1464 1465 1466 1467 1468 1469]] [98 [1470 1471 1472 1473 1474 1475 1476 1477 1478 1479 1480 1484]] [99 [1485 1486 1487 1488 1489 1490 1491 1492 1493 1494 1495 1496 1497 1498 1499]]]","[[0 [1 2 4 8 9 11 13]] [1 [16 18 21 23 25 27 28]] [2 [30 31 32 34 36 37 43]] [3 [45 46 47 49 50 52]] [4 [62 64 65 66 67 73 74]] [5 [76 77 78 84 86 87 89]] [6 [90 92 93 98 99 101 104]] [7 [105 106 108 109 111 112 117 119]] [8 [120 121 125 127 130 131 132 134]] [9 [136 137 138 139 142]] [10 [152 153 154 156 158 163 164]] [11 [166 169 172 174 177 178]] [12 [180 181 183 185 187 192 193]] [13 [195 196 201 204 206 207 208]] [14 [210 211 212 213 214 217 218 220 222 223]] [15 [225 227 228 229 230 231 233 234 237 239]] [16 [244 248 249 251 253 254]] [17 [255 256 257 258 263 266 267 268 269]] [18 [270 272 273 275 276 277 281]] [19 [285 287 288 289 291 292 293 295 296 298]] [20 [300 301 302 307 311]] [21 [317 319 321 322 323 325 327 329]] [22 [330 331 334 337 338 340 341 344]] [23 [345 347 348 349 351 353 354 357 358]] [24 [362 366 367 368 369 371 374]] [25 [379 380 383 387 388 389]] [26 [390 392 394 395 396 400 402 404]] [27 [407 409 410 412 413 419]] [28 [420 422 423 424 425 426 428 429 431 432 434]] [29 [435 438 439 440 441 442 444 447 448 449]] [30 [451 452 453 456 459 461 462]] [31 [466 467 471 472 473 476 477 478]] [32 [481 488 489 490 491 493 494]] [33 [499 502 503 506 507 508 509]] [34 [510 511 512 513 517 518 519 521 522]] [35 [528 529 530 535 536 538 539]] [36 [541 548 549 552 553 554]] [37 [559 560 563 567 568 569]] [38 [571 574 576 580 581 582]] [39 [587 588 590 595 597 599]] [40 [600 604 606 608 609 612 614]] [41 [616 617 618 619 620 621 625 627]] [42 [630 631 632 633 635 636 639 640 641 642 643 644]] [43 [646 647 648 650 652 653 657]] [44 [660 662 664 665 666 667 668 669]] [45 [678 679 680 684 685 686 687 688]] [46 [690 691 693 695 697 701 702 703 704]] [47 [706 708 712 717 718 719]] [48 [721 723 725 727 728 731 732 734]] [49 [735 736 739 745 746 747 748 749]] [50 [751 752 753 755 757 759 764]] [51 [766 768 773 774 775 778 779]] [52 [784 785 786 787 789 790 792]] [53 [798 802 803 804 806 807 808 809]] [54 [811 813 816 817 819 822]] [55 [828 829 830 834 835 836 837 838 839]] [56 [840 845 846 848 849 853 854]] [57 [855 859 860 863 865 866 867]] [58 [870 871 872 874 875 877 879 882 884]] [59 [887 890 891 893 894 895 897 899]] [60 [903 904 905 906 907 913 914]] [61 [922 923 925 927 928 929]] [62 [930 931 935 936 938 939 941]] [63 [948 949 951 954 955 957 958 959]] [64 [960 961 963 964 968 969]] [65 [975 977 983 984 986 988 989]] [66 [991 992 994 995 997 1002 1003 1004]] [67 [1007 1008 1012 1014 1015 1016 1017 1019]] [68 [1020 1022 1024 1025 1026 1027 1029 1030 1031 1033 1034]] [69 [1036 1037 1042 1043 1044 1047 1049]] [70 [1050 1052 1054 1056 1058 1060 1062 1064]] [71 [1065 1067 1068 1070 1071 1073 1074 1075 1077]] [72 [1080 1081 1083 1084 1086 1087 1088 1093]] [73 [1095 1098 1100 1101 1103 1107 1109]] [74 [1110 1113 1114 1115 1118 1119 1122 1124]] [75 [1127 1128 1129 1135 1137 1139]] [76 [1140 1143 1144 1145 1148 1150 1151 1152]] [77 [1155 1156 1158 1159 1161 1163 1164 1165]] [78 [1174 1176 1177 1178 1179 1180 1182 1184]] [79 [1185 1186 1193 1194 1195 1196 1198]] [80 [1201 1202 1208 1209 1210 1211 1214]] [81 [1218 1219 1220 1222 1225]] [82 [1230 1231 1232 1241 1242 1244]] [83 [1245 1246 1249 1250 1257 1258]] [84 [1262 1263 1265 1266 1267 1269 1272 1273]] [85 [1275 1278 1279 1281 1283 1285 1287]] [86 [1290 1291 1292 1295 1297 1301 1302]] [87 [1307 1308 1309 1311 1312 1313 1314 1316 1317 1318 1319]] [88 [1320 1323 1325 1327 1329 1330 1332 1334]] [89 [1337 1338 1340 1341 1344 1346 1349]] [90 [1351 1355 1357 1359 1360 1361 1363]] [91 [1365 1368 1370 1371 1374 1376 1378]] [92 [1380 1381 1385 1386 1388 1389 1390 1391 1392 1393]] [93 [1396 1397 1398 1400 1402 1403 1404 1407 1408]] [94 [1411 1413 1415 1416 1417 1421 1424]] [95 [1427 1428 1429 1431 1432 1434 1437 1438]] [96 [1441 1442 1443 1447 1448 1449 1451]] [97 [1457 1459 1460 1462 1463 1465 1467]] [98 [1471 1474 1477 1480 1484]] [99 [1489 1493 1495 1496 1497 1498 1499]]]",,"[[{citizen 11} [[""A"" [4 2 2 1 5 6 1 1 2 1]]]] [{citizen 14} [[""A"" [5 5 3 1 2 4 2 1 3 5]]]] [{citizen 16} [[""A"" [2 1 1 3 2 4 2 5 6 5]]]] [{citizen 32} [[""A"" [5 4 5 1 3 4 2 3 1 1]]]] [{citizen 33} [[""A"" [2 0 1 2 1 2 1 1 2 1]]]] [{citizen 34} [[""A"" [4 5 4 5 4 3 0 2 3 5]]]] [{citizen 36} [[""A"" [5 4 3 1 3 5 5 5 1 1]]]] [{media 50} [[""A"" [1 1 1 1 1 1 1 1 1 1]]]] [{media 51} [[""A"" [2 2 2 2 2 2 2 2 2 2]]]] [{media 55} [[""A"" [2 2 2 2 2 2 2 2 2 2]]]] [{media 56} [[""A"" [1 1 1 1 1 1 1 1 1 1]]]] [{media 58} [[""A"" [0 0 0 0 0 0 0 0 0 0]]]] [{media 60} [[""A"" [3 3 3 3 3 3 3 3 3 3]]]] [{media 63} [[""A"" [1 1 1 1 1 1 1 1 1 1]]]] [{media 64} [[""A"" [1 1 1 1 1 1 1 1 1 1]]]] [{media 53} [[""A"" [4 4 4 4 4 4 4 4 4 4]]]] [{citizen 0} [[""A"" [3 1 0 1 0 2 4 2 1 1]]]] [{media 52} [[""A"" [4 4 4 4 4 4 4 4 4 4]]]] [{citizen 41} [[""A"" [4 5 4 2 1 1 1 4 1 5]]]] [{citizen 1} [[""A"" [2 1 0 2 4 2 1 5 1 1]]]] [{citizen 17} [[""A"" [5 4 1 2 1 2 4 2 1 3]]]] [{citizen 12} [[""A"" [1 1 0 1 1 3 2 1 1 3]]]] [{citizen 29} [[""A"" [4 5 6 4 2 1 5 2 1 1]]]] [{citizen 31} [[""A"" [1 3 4 2 2 1 1 1 2 1]]]] [{citizen 13} [[""A"" [3 0 2 1 2 1 1 1 2 1]]]] [{citizen 25} [[""A"" [5 5 4 3 1 3 3 2 1 1]]]] [{citizen 20} [[""A"" [1 1 1 0 2 4 5 5 4 5]]]] [{citizen 8} [[""A"" [1 6 4 4 2 1 1 1 2 1]]]] [{citizen 23} [[""A"" [0 1 3 4 2 4 1 3 5 6]]]] [{citizen 6} [[""A"" [3 1 1 0 2 4 5 4 3 1]]]] [{citizen 3} [[""A"" [4 3 2 2 1 1 3 2 5 6]]]] [{citizen 42} [[""A"" [1 1 4 4 2 1 2 1 1 1]]]] [{citizen 45} [[""A"" [5 5 4 3 2 1 0 2 1 1]]]] [{citizen 4} [[""A"" [3 4 4 5 4 3 1 1 2 1]]]] [{citizen 24} [[""A"" [1 2 1 3 4 2 1 1 1 1]]]] [{citizen 28} [[""A"" [4 3 1 3 0 4 5 3 5 6]]]] [{citizen 5} [[""A"" [1 1 0 2 2 1 1 1 2 1]]]] [{citizen 40} [[""A"" [4 5 4 3 1 2 1 1 2 1]]]] [{citizen 43} [[""A"" [3 1 3 3 2 4 1 5 6 5]]]] [{citizen 10} [[""A"" [1 3 2 2 1 1 1 1 2 1]]]] [{citizen 21} [[""A"" [3 1 1 3 4 2 1 3 2 1]]]] [{citizen 7} [[""A"" [1 3 4 2 4 2 1 1 1 1]]]] [{citizen 19} [[""A"" [5 4 4 2 1 5 6 1 2 1]]]] [{citizen 27} [[""A"" [1 3 1 3 4 2 1 1 1 1]]]] [{citizen 18} [[""A"" [5 5 4 4 5 6 5 4 2 1]]]] [{citizen 44} [[""A"" [2 4 3 2 1 3 2 2 5 6]]]] [{citizen 22} [[""A"" [2 4 2 1 5 6 5 1 1 1]]]] [{citizen 49} [[""A"" [1 1 1 1 2 1 1 1 1 1]]]] [{citizen 9} [[""A"" [3 1 2 4 2 1 2 1 1 2]]]] [{media 54} [[""A"" [5 5 5 5 5 5 5 5 5 5]]]] [{citizen 48} [[""A"" [2 0 2 2 1 1 1 1 2 1]]]] [{citizen 15} [[""A"" [1 0 2 4 1 1 1 1 2 1]]]] [{citizen 30} [[""A"" [1 1 0 2 1 2 1 1 2 1]]]] [{citizen 39} [[""A"" [1 3 2 4 2 1 2 1 2 1]]]] [{citizen 35} [[""A"" [6 5 5 4 5 3 1 1 4 3]]]] [{citizen 38} [[""A"" [1 3 2 1 3 5 6 1 2 1]]]] [{media 61} [[""A"" [6 6 6 6 6 6 6 6 6 6]]]] [{media 59} [[""A"" [5 5 5 5 5 5 5 5 5 5]]]] [{media 57} [[""A"" [5 5 5 5 5 5 5 5 5 5]]]] [{media 62} [[""A"" [5 5 5 5 5 5 5 5 5 5]]]] [{citizen 37} [[""A"" [2 1 0 2 4 2 1 1 1 2]]]] [{citizen 26} [[""A"" [1 2 2 1 3 1 1 1 0 1]]]] [{citizen 47} [[""A"" [0 1 1 2 4 2 1 1 1 1]]]] [{citizen 46} [[""A"" [2 1 0 2 2 1 1 1 3 2]]]]]"
"3","[43 0 212]","116.25","4.062475149896647","-1.7759770095335972","""circle""","""""","9.9","{breed citizens}","false","0.5","1","""up""",,"[[""ID"" 3] [""alpha"" 1] [""beta"" 1] [""malleable"" [""A""]] [""prior"" []] [""cont_tokens"" []] [""A"" 5]]","[[0 [0 1 2 3 4 5 8 9 11 13]] [1 [16 18 20 21 22 23 24 25 27 28]] [2 [30 31 32 33 34 35 36 37 38 39 40 41 42 43 44]] [3 [45 46 47 48 49 50 51 52 53 54 55 56 57 58]] [4 [60 61 62 63 64 65 66 67 68 69 70 71 72 73 74]] [5 [75 76 77 78 79 80 81 82 83 84 85 86 87 88 89]] [6 [90 91 92 93 94 95 96 97 98 99 100 101 102 103 104]] [7 [105 106 107 108 109 110 111 112 113 114 115 116 117 118 119]] [8 [120 121 122 123 124 125 126 127 128 129 130 131 132 134]] [9 [136 137 138 139 142 145 146 147 149]] [10 [150 151 152 153 154 155 156 158 159 160 161 162 163 164]] [11 [166 167 169 170 171 172 173 174 175 176 177 178 179]] [12 [180 181 182 183 184 185 186 187 188 189 190 191 192 193 194]] [13 [195 196 197 198 199 200 201 202 203 204 205 206 207 208 209]] [14 [210 211 212 213 214 215 216 217 218 219 220 221 222 223 224]] [15 [225 226 227 228 229 230 231 232 233 234 235 236 237 238 239]] [16 [240 241 242 243 244 245 246 247 248 249 250 251 252 253 254]] [17 [255 256 257 258 259 260 261 262 263 264 265 266 267 268 269]] [18 [270 271 272 273 274 275 276 277 278 279 280 281 282 283 284]] [19 [285 286 287 288 289 290 291 292 293 294 295 296 297 298 299]] [20 [300 301 302 303 304 305 306 307 309 310 311 312 313 314]] [21 [315 316 317 318 319 320 321 322 323 324 325 326 327 328 329]] [22 [330 331 332 333 334 335 336 337 338 339 340 341 342 343 344]] [23 [345 346 347 348 349 350 351 352 353 354 355 356 357 358 359]] [24 [361 362 366 367 368 369 371 374]] [25 [375 376 377 378 379 380 381 382 383 384 385 386 387 388 389]] [26 [390 391 392 393 394 395 396 397 398 399 400 401 402 403 404]] [27 [405 406 407 408 409 410 411 412 413 414 415 416 417 418 419]] [28 [420 421 422 423 424 425 426 427 428 429 430 431 432 433 434]] [29 [435 436 437 438 439 440 441 442 443 444 445 446 447 448 449]] [30 [450 451 452 453 454 455 456 457 458 459 460 461 462 463 464]] [31 [465 466 467 468 469 470 471 472 473 474 475 476 477 478 479]] [32 [480 481 482 483 484 485 486 487 488 489 490 491 492 493 494]] [33 [495 496 497 498 501 504 505 509]] [34 [510 511 512 513 514 515 516 517 518 519 520 521 522 523 524]] [35 [525 526 527 528 529 530 531 532 533 534 535 536 537 538 539]] [36 [540 541 542 543 544 545 546 547 548 549 550 551 552 553 554]] [37 [555 556 557 558 559 560 561 562 563 564 565 566 567 568 569]] [38 [570 571 572 573 574 575 576 577 578 579 580 581 582 583 584]] [39 [585 586 587 588 589 590 591 592 593 594 595 596 597 598 599]] [40 [600 601 602 603 604 605 606 607 608 609 610 611 612 613 614]] [41 [615 616 617 618 619 620 621 622 624 625 626 627 628 629]] [42 [630 631 632 633 634 635 636 637 638 639 640 641 642 643 644]] [43 [645 646 647 648 649 650 651 652 653 654 655 656 657 658 659]] [44 [660 661 662 663 664 665 666 667 668 669 670 671 672 673 674]] [45 [675 676 677 678 679 680 681 682 683 684 685 686 687 688 689]] [46 [690 691 692 693 694 695 696 697 698 699 700 701 702 703 704]] [47 [705 706 707 708 709 710 711 712 713 714 715 716 717 718 719]] [48 [720 721 722 723 724 725 726 727 728 729 730 731 732 734]] [49 [735 736 737 738 739 740 741 742 743 744 745 746 747 748 749]] [50 [750 751 752 753 755 757 758 759 760 761 762 763 764]] [51 [765 766 767 768 769 770 771 772 773 774 775 776 777 778 779]] [52 [780 781 782 783 784 785 786 787 788 789 790 791 792 793 794]] [53 [795 796 797 798 799 800 801 802 803 804 805 806 807 808 809]] [54 [810 811 812 813 814 815 816 817 818 819 820 821 822 824]] [55 [826 827 828 829 830 831 832 833 834 835 836 837 838 839]] [56 [840 841 842 843 844 845 846 847 848 849 850 851 852 853 854]] [57 [855 856 857 858 859 860 861 862 863 864 865 866 867 868 869]] [58 [870 871 872 873 874 875 876 877 878 879 881 882 883 884]] [59 [885 886 887 888 889 890 891 892 893 894 895 896 897 898 899]] [60 [900 901 902 903 904 905 906 907 908 909 910 911 912 913 914]] [61 [915 916 917 918 919 920 921 922 923 924 925 926 927 928 929]] [62 [930 931 934 935 936 938 939 941]] [63 [948 949 951 954 955 957 958 959]] [64 [960 961 963 964 968 969 971 972]] [65 [975 976 977 978 980 981 982 983 984 985 986 987 988 989]] [66 [990 991 992 993 994 995 996 997 998 999 1000 1001 1002 1003 1004]] [67 [1005 1006 1007 1008 1009 1010 1011 1012 1013 1014 1015 1016 1017 1019]] [68 [1020 1022 1024 1025 1026 1027 1028 1029 1030 1031 1032 1033 1034]] [69 [1035 1036 1037 1038 1039 1040 1041 1042 1043 1044 1045 1046 1047 1048 1049]] [70 [1050 1051 1052 1053 1054 1055 1056 1057 1058 1059 1060 1061 1062 1063 1064]] [71 [1065 1067 1068 1070 1071 1073 1074 1075 1076 1077 1079]] [72 [1080 1081 1082 1083 1084 1086 1087 1088 1091 1093]] [73 [1095 1098 1099 1100 1101 1103 1107 1109]] [74 [1110 1111 1112 1113 1114 1115 1116 1117 1118 1119 1120 1122 1123 1124]] [75 [1125 1126 1127 1128 1129 1130 1131 1132 1133 1134 1135 1136 1137 1138 1139]] [76 [1140 1141 1142 1143 1144 1145 1146 1147 1148 1149 1150 1151 1152 1153 1154]] [77 [1155 1156 1157 1158 1159 1160 1161 1162 1163 1164 1165 1166 1167 1168 1169]] [78 [1170 1171 1172 1173 1174 1175 1176 1177 1178 1179 1180 1181 1182 1183 1184]] [79 [1185 1186 1187 1188 1189 1190 1191 1192 1193 1194 1195 1196 1197 1198 1199]] [80 [1200 1201 1202 1203 1204 1205 1206 1207 1208 1209 1210 1211 1212 1213 1214]] [81 [1215 1216 1217 1218 1219 1220 1221 1222 1223 1224 1225 1226 1227 1228 1229]] [82 [1230 1231 1232 1233 1234 1235 1236 1237 1238 1239 1240 1241 1242 1243 1244]] [83 [1245 1246 1247 1248 1249 1250 1251 1252 1253 1254 1255 1256 1257 1258 1259]] [84 [1260 1261 1262 1263 1264 1265 1266 1267 1268 1269 1270 1271 1272 1273]] [85 [1275 1276 1277 1278 1279 1280 1281 1282 1283 1284 1285 1286 1287 1288]] [86 [1290 1291 1292 1293 1294 1295 1296 1297 1298 1299 1300 1301 1302 1303 1304]] [87 [1305 1306 1307 1308 1309 1310 1311 1312 1313 1314 1315 1316 1317 1318 1319]] [88 [1320 1321 1322 1323 1324 1325 1326 1327 1328 1329 1330 1331 1332 1333 1334]] [89 [1335 1336 1337 1338 1339 1340 1341 1342 1343 1344 1345 1346 1347 1348 1349]] [90 [1350 1351 1352 1353 1354 1355 1357 1359 1360 1361 1362 1363 1364]] [91 [1365 1366 1367 1368 1369 1370 1371 1372 1373 1374 1375 1376 1377 1378 1379]] [92 [1380 1381 1382 1383 1384 1385 1386 1387 1388 1389 1390 1391 1392 1393 1394]] [93 [1395 1396 1397 1398 1399 1400 1401 1402 1403 1404 1405 1406 1407 1408 1409]] [94 [1410 1411 1412 1413 1414 1415 1416 1417 1418 1419 1420 1421 1422 1423 1424]] [95 [1425 1427 1428 1429 1431 1432 1434 1437 1438 1439]] [96 [1440 1441 1442 1443 1444 1445 1446 1447 1448 1449 1450 1451 1452 1453 1454]] [97 [1455 1456 1457 1458 1459 1460 1461 1462 1463 1464 1465 1466 1467 1468 1469]] [98 [1470 1471 1472 1473 1474 1475 1476 1477 1478 1479 1480 1484]] [99 [1485 1486 1487 1488 1489 1490 1491 1492 1493 1494 1495 1496 1497 1498 1499]]]","[[0 [1 2 4 8 9 11 13]] [1 [16 18 21 22 23 25 27 28]] [2 [30 31 32 34 36 37 43]] [3 [45 46 47 48 49 50 52]] [4 [62 64 65 66 67 73 74]] [5 [76 77 78 84 86 88 89]] [6 [90 92 93 100 102 103]] [7 [105 106 110 113 114 115 116 117 119]] [8 [120 121 125 127 131 132 134]] [9 [136 137 138 139 142 146 149]] [10 [152 153 155 159 160 161 162 163 164]] [11 [166 167 169 172 175 176 179]] [12 [180 181 183 185 187 192 193]] [13 [195 196 202 203 205 209]] [14 [212 214 216 219 221]] [15 [226 230 231 233 234 237 239]] [16 [242 243 245 247]] [17 [259 261 262 264 265 268 269]] [18 [270 272 274 278 279 280 281]] [19 [285 287 288 289 291 294 299]] [20 [303 304 305 306 312 313 314]] [21 [315 316 318 320 325 327 329]] [22 [330 331 334 337 338 340 343]] [23 [346 350 352 353 354 357 358]] [24 [362 366 367 368 369 371 374]] [25 [376 379 380 383 387 388 389]] [26 [390 393 394 398 399 401 403]] [27 [405 407 410 412 413 419]] [28 [420 422 423 424 425 426 428 429 431 432 434]] [29 [436 437 443 444 447 448 449]] [30 [451 452 453 456 459 461 462]] [31 [467 468 469 470 474 475 479]] [32 [480 482 483 484 485 486 487 492]] [33 [496 497 498 501 504 505 509]] [34 [514 515 516 518 519 521 522]] [35 [525 528 529 530 533 534 536 538 539]] [36 [540 541 543 548 549 552 553 554]] [37 [559 560 562 563 567 568 569]] [38 [570 571 572 574 576 580 581 582]] [39 [588 590 595 597 599]] [40 [600 604 606 608 610 611 613]] [41 [615 620 621 626 628 629]] [42 [633 635 636 639 640 641 642 643 644]] [43 [646 647 648 649 650 652 653 657 659]] [44 [661 662 664 665 666 667 668 670 671 672 673 674]] [45 [675 676 677 682 683 686 689]] [46 [692 694 695 697 701 702 703]] [47 [705 707 709 710 713 714 718 719]] [48 [721 723 725 727 728 731 734]] [49 [735 736 739 747 748 749]] [50 [751 752 753 755 760 761 762 763]] [51 [765 768 773 774 775 778 779]] [52 [784 785 786 787 789 790 792 794]] [53 [795 796 797 799 800 801 805 809]] [54 [811 813 816 817 819 822 824]] [55 [828 829 830 834 835]] [56 [841 842 843 844 847 848 849 853 854]] [57 [855 859 860 863 865 866 867]] [58 [870 871 872 874 875 877 879 882]] [59 [885 886 888 889 892 896 898]] [60 [900 908 909 910 911 912]] [61 [915 916 917 918 919 922 923 925 927 928 929]] [62 [930 931 934 935 936 938 939 941]] [63 [948 949 951 957 958 959]] [64 [960 961 963 964 968 971 972]] [65 [976 980 981 982 983 985 987]] [66 [990 995 996 997 1002 1003 1004]] [67 [1007 1008 1012 1014 1015 1016 1017 1019]] [68 [1020 1022 1024 1025 1026 1027 1029 1030 1031 1033]] [69 [1035 1038 1039 1040 1041 1045 1046 1047 1049]] [70 [1050 1052 1054 1056 1058 1060 1063]] [71 [1065 1067 1068 1070 1071 1073 1076 1077]] [72 [1080 1081 1083 1084 1086 1087 1088 1093]] [73 [1095 1098 1099 1100 1101 1103 1107 1109]] [74 [1110 1112 1116 1117 1120 1122 1124]] [75 [1127 1128 1129 1135 1137 1139]] [76 [1140 1141 1144 1145 1148 1150 1151 1152]] [77 [1156 1158 1160 1162 1166 1167 1168 1169]] [78 [1170 1171 1172 1173 1175 1176 1178 1179 1180 1182 1184]] [79 [1185 1186 1193 1194 1195 1196 1198]] [80 [1201 1202 1205 1206 1207 1212 1213]] [81 [1215 1216 1217 1221 1223 1224 1228 1229]] [82 [1233 1234 1235 1237 1238 1239 1240 1243]] [83 [1247 1248 1251 1253 1254 1255 1256 1258]] [84 [1262 1263 1265 1266 1267 1269 1272 1273]] [85 [1276 1277 1280 1282 1284 1288]] [86 [1293 1294 1296 1298 1300 1303 1304]] [87 [1305 1306 1307 1308 1309 1311 1312 1313 1315]] [88 [1321 1322 1324 1326 1328 1331 1333]] [89 [1335 1336 1339 1342 1345 1347 1349]] [90 [1351 1355 1357 1359 1362]] [91 [1366 1367 1369 1370 1372 1373 1375 1376 1378]] [92 [1380 1381 1385 1386 1388 1389 1390 1391 1392 1393]] [93 [1396 1397 1398 1400 1405 1406]] [94 [1410 1412 1413 1415 1416 1417 1421 1424]] [95 [1427 1428 1429 1431 1432 1434 1437 1438]] [96 [1441 1442 1446 1449 1451]] [97 [1457 1459 1460 1462 1463 1465 1467]] [98 [1471 1473 1476 1478 1479 1480 1484]] [99 [1487 1488 1490 1491 1492 1494]]]",,"[[{citizen 4} [[""A"" [3 4 4 4 3 2 1 0 2 1]]]] [{citizen 5} [[""A"" [1 1 1 1 1 2 1 1 2 1]]]] [{citizen 7} [[""A"" [1 3 4 2 4 2 1 1 1 1]]]] [{citizen 9} [[""A"" [4 4 3 1 1 4 2 2 1 0]]]] [{citizen 13} [[""A"" [2 1 1 2 1 1 1 2 1 1]]]] [{citizen 21} [[""A"" [1 1 3 4 2 1 1 3 2 1]]]] [{citizen 26} [[""A"" [1 2 1 2 1 3 1 2 1 0]]]] [{citizen 28} [[""A"" [3 1 1 0 4 5 3 6 5 4]]]] [{citizen 34} [[""A"" [1 3 1 2 1 1 1 3 5 5]]]] [{citizen 40} [[""A"" [4 5 4 3 1 2 1 0 2 1]]]] [{media 50} [[""A"" [1 1 1 1 1 1 1 1 1 1]]]] [{media 51} [[""A"" [2 2 2 2 2 2 2 2 2 2]]]] [{media 55} [[""A"" [2 2 2 2 2 2 2 2 2 2]]]] [{media 56} [[""A"" [1 1 1 1 1 1 1 1 1 1]]]] [{media 58} [[""A"" [0 0 0 0 0 0 0 0 0 0]]]] [{media 63} [[""A"" [1 1 1 1 1 1 1 1 1 1]]]] [{media 64} [[""A"" [1 1 1 1 1 1 1 1 1 1]]]] [{media 53} [[""A"" [4 4 4 4 4 4 4 4 4 4]]]] [{citizen 0} [[""A"" [4 1 1 1 2 2 1 2 0 1]]]] [{media 60} [[""A"" [3 3 3 3 3 3 3 3 3 3]]]] [{media 52} [[""A"" [4 4 4 4 4 4 4 4 4 4]]]] [{citizen 41} [[""A"" [1 1 3 1 2 1 5 6 1 5]]]] [{citizen 1} [[""A"" [1 4 2 1 5 4 2 1 1 0]]]] [{citizen 17} [[""A"" [0 1 1 1 1 1 4 2 1 3]]]] [{citizen 12} [[""A"" [1 1 3 2 1 1 1 3 5 5]]]] [{citizen 29} [[""A"" [6 1 1 2 1 3 5 2 1 1]]]] [{citizen 14} [[""A"" [1 1 1 1 2 2 1 3 4 5]]]] [{citizen 31} [[""A"" [1 3 4 2 1 1 2 1 2 1]]]] [{citizen 25} [[""A"" [3 1 1 3 1 1 2 1 1 2]]]] [{citizen 20} [[""A"" [1 1 2 4 5 4 3 5 4 5]]]] [{citizen 8} [[""A"" [1 6 4 4 2 1 1 2 1 1]]]] [{citizen 23} [[""A"" [3 4 2 2 1 3 5 6 5 5]]]] [{citizen 6} [[""A"" [3 1 1 1 2 5 4 3 2 1]]]] [{citizen 16} [[""A"" [1 2 1 1 1 2 2 3 6 5]]]] [{citizen 45} [[""A"" [1 1 0 1 1 2 2 1 0 1]]]] [{citizen 24} [[""A"" [1 1 1 3 4 2 1 1 2 1]]]] [{citizen 18} [[""A"" [4 4 5 6 5 4 2 1 2 5]]]] [{citizen 19} [[""A"" [5 4 4 2 1 6 5 2 1 1]]]] [{citizen 33} [[""A"" [1 0 1 1 1 1 2 2 0 1]]]] [{citizen 22} [[""A"" [4 2 1 4 6 5 4 2 1 1]]]] [{citizen 42} [[""A"" [1 1 4 2 1 1 2 1 1 1]]]] [{citizen 44} [[""A"" [1 1 2 1 3 1 1 2 6 5]]]] [{citizen 10} [[""A"" [1 1 1 1 2 1 2 1 2 1]]]] [{citizen 49} [[""A"" [1 1 2 1 1 3 1 2 1 1]]]] [{citizen 43} [[""A"" [1 1 3 1 1 2 1 5 6 5]]]] [{citizen 2} [[""A"" [1 1 3 1 2 1 2 1 2 0]]]] [{media 54} [[""A"" [5 5 5 5 5 5 5 5 5 5]]]] [{citizen 48} [[""A"" [1 2 1 3 1 2 1 1 2 1]]]] [{citizen 15} [[""A"" [1 2 4 1 1 2 1 0 2 1]]]] [{citizen 27} [[""A"" [1 2 1 1 4 2 1 3 2 1]]]] [{citizen 30} [[""A"" [0 2 1 1 2 1 2 1 0 1]]]] [{citizen 39} [[""A"" [1 1 1 1 3 2 2 2 1 1]]]] [{citizen 35} [[""A"" [5 3 4 5 4 3 1 1 1 3]]]] [{citizen 38} [[""A"" [1 1 1 1 3 6 5 2 0 1]]]] [{media 61} [[""A"" [6 6 6 6 6 6 6 6 6 6]]]] [{citizen 36} [[""A"" [4 3 1 3 5 4 5 4 2 1]]]] [{media 59} [[""A"" [5 5 5 5 5 5 5 5 5 5]]]] [{citizen 11} [[""A"" [2 1 3 5 6 5 4 2 1 1]]]] [{media 57} [[""A"" [5 5 5 5 5 5 5 5 5 5]]]] [{media 62} [[""A"" [5 5 5 5 5 5 5 5 5 5]]]] [{citizen 37} [[""A"" [1 1 2 1 1 2 4 2 1 2]]]] [{citizen 32} [[""A"" [4 1 1 3 4 2 3 4 2 1]]]] [{citizen 47} [[""A"" [1 1 1 1 2 2 1 1 2 1]]]] [{citizen 46} [[""A"" [0 2 1 2 1 1 3 1 1 3]]]]]"
"4","[213 0 42]","153.75","2.091604907168499","-3.8692422434388773","""circle""","""""","9.9","{breed citizens}","false","0.5","1","""up""",,"[[""ID"" 4] [""alpha"" 1] [""beta"" 1] [""malleable"" [""A""]] [""prior"" []] [""cont_tokens"" []] [""A"" 1]]","[[0 [0 1 2 3 4 5 8 9 11 13]] [1 [15 16 17 18 19 20 21 22 23 24 25 26 27 28 29]] [2 [30 31 32 33 34 35 36 37 38 39 40 41 42 43 44]] [3 [45 46 47 48 49 50 51 52 53 54 55 56 57 58]] [4 [60 61 62 63 64 65 66 67 68 69 70 71 72 73 74]] [5 [75 76 77 78 79 80 81 82 83 84 85 86 87 88 89]] [6 [90 91 92 93 94 95 96 97 98 99 100 101 102 103 104]] [7 [105 106 107 108 109 110 111 112 113 114 115 116 117 118 119]] [8 [120 121 122 123 124 125 126 127 128 129 130 131 132 133 134]] [9 [135 136 137 138 139 140 141 142 143 144 145 146 147 149]] [10 [150 151 152 153 154 155 156 158 159 160 161 162 163 164]] [11 [166 167 169 170 171 172 173 174 175 176 177 178 179]] [12 [180 181 182 183 184 185 186 187 188 189 190 191 192 193 194]] [13 [195 196 197 198 199 200 201 202 203 204 205 206 207 208 209]] [14 [210 211 212 213 214 215 216 217 218 219 220 221 222 223 224]] [15 [225 226 227 228 229 230 231 232 233 234 235 236 237 238 239]] [16 [240 241 242 243 244 245 246 247 248 249 250 251 252 253 254]] [17 [255 256 257 258 259 260 261 262 263 264 265 266 267 268 269]] [18 [270 271 272 273 274 275 276 277 278 279 280 281 282 283 284]] [19 [285 286 287 288 289 290 291 292 293 294 295 296 297 298 299]] [20 [300 301 302 303 304 305 306 307 309 310 311 312 313 314]] [21 [315 316 317 318 319 320 321 322 323 324 325 326 327 328 329]] [22 [330 331 332 333 334 335 336 337 338 339 340 341 343 344]] [23 [345 346 347 348 349 350 351 352 353 354 355 356 357 358]] [24 [360 361 362 363 364 365 366 367 368 369 370 371 372 373 374]] [25 [375 376 377 378 379 380 381 382 383 384 385 386 387 388 389]] [26 [390 391 392 393 394 395 396 397 398 399 400 401 402 403 404]] [27 [405 406 407 408 409 410 411 412 413 414 415 416 417 418 419]] [28 [420 421 422 423 424 425 426 427 428 429 430 431 432 433 434]] [29 [435 436 437 438 439 440 441 442 443 444 445 446 447 448 449]] [30 [450 451 452 453 454 455 456 457 458 459 460 461 462 463 464]] [31 [465 466 467 468 469 470 471 472 473 474 475 476 477 478 479]] [32 [480 481 482 483 484 485 486 487 488 489 490 491 492 493 494]] [33 [495 496 497 498 499 501 502 503 504 505 506 507 508 509]] [34 [510 511 512 513 514 515 516 517 518 519 520 521 522 523 524]] [35 [525 526 527 528 529 530 531 532 533 534 535 536 537 538 539]] [36 [540 541 542 543 544 545 546 547 548 549 550 551 552 553 554]] [37 [555 556 557 558 559 560 561 562 563 564 565 566 567 568 569]] [38 [570 571 572 573 574 575 576 577 578 579 580 581 582 583 584]] [39 [585 586 587 588 589 590 591 592 593 594 595 596 597 598 599]] [40 [600 601 602 603 604 605 606 607 608 609 610 611 612 613 614]] [41 [615 616 617 618 619 620 621 622 624 625 626 627 628 629]] [42 [630 631 632 633 634 635 636 637 638 639 640 641 642 643 644]] [43 [645 646 647 648 649 650 651 652 653 654 655 656 657 658 659]] [44 [660 661 662 663 664 665 666 667 668 669 670 671 672 673 674]] [45 [675 676 677 678 679 680 681 682 683 684 685 686 687 688 689]] [46 [690 691 692 693 694 695 696 697 698 699 700 701 702 703 704]] [47 [705 706 707 708 709 710 711 712 713 714 715 716 717 718 719]] [48 [720 721 722 723 724 725 726 727 728 729 730 731 732 734]] [49 [735 736 737 738 739 740 741 742 743 744 745 746 747 748 749]] [50 [750 751 752 753 755 757 758 759 760 761 762 763 764]] [51 [765 766 767 768 769 770 771 772 773 774 775 776 777 778 779]] [52 [780 781 782 783 784 785 786 787 788 789 790 791 792 793 794]] [53 [795 796 797 798 799 800 801 802 803 804 805 806 807 808 809]] [54 [810 811 812 813 814 815 816 817 818 819 820 821 822 824]] [55 [826 827 828 829 830 831 832 833 834 835 836 837 838 839]] [56 [840 841 842 843 844 845 846 847 848 849 850 851 852 853 854]] [57 [855 856 857 858 859 860 861 862 863 864 865 866 867 868 869]] [58 [870 871 872 873 874 875 876 877 878 879 880 881 882 883 884]] [59 [885 886 887 888 889 890 891 892 893 894 895 896 897 898 899]] [60 [900 901 902 903 904 905 906 907 908 909 910 911 912 913 914]] [61 [915 916 917 918 919 920 921 922 923 924 925 926 927 928 929]] [62 [930 931 934 935 936 938 939 941]] [63 [948 949 951 954 955 957 958 959]] [64 [960 961 963 964 968 969 971 972]] [65 [975 976 977 978 980 981 982 983 984 985 986 987 988 989]] [66 [990 991 992 994 995 996 997 998 999 1000 1001 1002 1003 1004]] [67 [1005 1006 1007 1008 1009 1010 1011 1012 1013 1014 1015 1016 1017 1019]] [68 [1020 1022 1024 1025 1026 1027 1028 1029 1030 1031 1032 1033 1034]] [69 [1035 1036 1037 1038 1039 1040 1041 1042 1043 1044 1045 1046 1047 1048 1049]] [70 [1050 1051 1052 1053 1054 1055 1056 1057 1058 1059 1060 1061 1062 1063 1064]] [71 [1065 1066 1067 1068 1069 1070 1071 1072 1073 1074 1075 1076 1077 1079]] [72 [1080 1081 1082 1083 1084 1086 1087 1088 1091 1093]] [73 [1095 1098 1099 1100 1101 1103 1107 1109]] [74 [1110 1112 1113 1114 1115 1116 1117 1118 1119 1120 1122 1123 1124]] [75 [1125 1126 1127 1128 1129 1130 1131 1132 1133 1134 1135 1136 1137 1138 1139]] [76 [1140 1141 1142 1143 1144 1145 1146 1147 1148 1149 1150 1151 1152 1153 1154]] [77 [1155 1156 1157 1158 1159 1160 1161 1162 1163 1164 1165 1166 1167 1168 1169]] [78 [1170 1171 1172 1173 1174 1175 1176 1177 1178 1179 1180 1181 1182 1183 1184]] [79 [1185 1186 1187 1188 1189 1190 1191 1192 1193 1194 1195 1196 1197 1198 1199]] [80 [1200 1201 1202 1203 1204 1205 1206 1207 1208 1209 1210 1211 1212 1213 1214]] [81 [1215 1216 1217 1221 1223 1224 1226 1227 1228 1229]] [82 [1230 1231 1232 1233 1234 1235 1236 1237 1238 1239 1240 1241 1242 1243 1244]] [83 [1245 1246 1247 1248 1249 1250 1251 1252 1253 1254 1255 1256 1257 1258 1259]] [84 [1260 1261 1262 1263 1264 1265 1266 1267 1268 1269 1270 1271 1272 1273 1274]] [85 [1275 1276 1277 1278 1279 1280 1281 1282 1283 1284 1285 1286 1287 1288]] [86 [1290 1291 1292 1293 1294 1295 1296 1297 1298 1299 1300 1301 1302 1303 1304]] [87 [1305 1306 1307 1308 1309 1310 1311 1312 1313 1314 1315 1316 1317 1318 1319]] [88 [1320 1321 1322 1323 1324 1325 1326 1327 1328 1329 1330 1331 1332 1333 1334]] [89 [1335 1336 1337 1338 1339 1340 1341 1342 1343 1344 1345 1346 1347 1348 1349]] [90 [1350 1351 1352 1353 1354 1355 1357 1359 1360 1361 1362 1363 1364]] [91 [1365 1366 1367 1368 1369 1370 1371 1372 1373 1374 1375 1376 1377 1378 1379]] [92 [1380 1381 1382 1383 1384 1385 1386 1387 1388 1389 1390 1391 1392 1393 1394]] [93 [1395 1396 1397 1398 1399 1400 1401 1402 1403 1404 1405 1406 1407 1408 1409]] [94 [1410 1411 1412 1413 1415 1416 1417 1421 1424]] [95 [1425 1427 1428 1429 1431 1432 1434 1437 1438 1439]] [96 [1440 1441 1442 1443 1444 1445 1446 1447 1448 1449 1450 1451 1452 1453 1454]] [97 [1455 1456 1457 1458 1459 1460 1461 1462 1463 1464 1465 1466 1467 1468 1469]] [98 [1470 1471 1472 1473 1474 1475 1476 1477 1478 1479 1480 1484]] [99 [1485 1486 1487 1488 1489 1490 1491 1492 1493 1494 1495 1496 1497 1498 1499]]]","[[0 [1 2 3 4 8 9 11 13]] [1 [16 18 21 23 25 27 28]] [2 [30 31 32 34 36 37 44]] [3 [51 53 54 55 56 57 58]] [4 [61 63 68 69 70 71 72]] [5 [75 79 80 82 83 85]] [6 [91 94 95 96 97 101 104]] [7 [105 106 110 113 114 115 116 117 119]] [8 [120 121 125 127 130 131 132 134]] [9 [136 137 138 139 142 146 149]] [10 [150 151 154 156 158 163 164]] [11 [166 167 169 173 176 179]] [12 [180 181 183 185 187 192 193]] [13 [195 196 201 204 206 207 208]] [14 [210 211 212 213 214 217 218 220 222 223]] [15 [225 227 228 232 235 236 238]] [16 [240 241 242 243 245 246 247 253]] [17 [258 260 261 262 264 265 268 269]] [18 [270 272 273 275 276 277 280 281]] [19 [285 287 288 289 291 292 293 295 296 297 299]] [20 [303 304 305 306 312 313 314]] [21 [315 316 318 320 322 323 326 328]] [22 [332 333 335 336 339 340 341 344]] [23 [345 347 348 349 351 355 356]] [24 [360 363 364 365 370 372 373 374]] [25 [376 379 380 383 385 386]] [26 [391 392 394 395 396 397 400 402 404]] [27 [407 409 410 412 413 419]] [28 [420 422 423 424 425 426 427 428 429 431 432 434]] [29 [436 437 444 447 448 449]] [30 [451 452 453 456 459 461 462]] [31 [467 468 469 470 474 475 479]] [32 [480 482 483 484 486 487 492]] [33 [496 497 498 501 504 505 509]] [34 [510 511 512 513 517 518 519 521]] [35 [525 528 529 530 535 536]] [36 [540 541 545 546 550 551]] [37 [555 556 557 558 561 565 566]] [38 [570 571 574 576 580 581 582]] [39 [588 590 592 594 595 597 599]] [40 [600 604 606 608 610 611 613]] [41 [615 620 621 622 624 628 629]] [42 [633 635 636 638 640 641 642]] [43 [645 649 650 652 653 657]] [44 [660 663 670 671 672 673 674]] [45 [675 676 677 681 682 683 686]] [46 [690 691 693 696 698 699 700 704]] [47 [706 708 712 716 717 719]] [48 [721 723 725 726 729 730 731 732 734]] [49 [735 736 739 747 748 749]] [50 [751 752 753 755 760 761 762 763]] [51 [765 766 768 773 774 775 778 779]] [52 [784 785 786 787 790 792]] [53 [798 802 803 804 806 807 808 809]] [54 [813 816 817 819 822]] [55 [826 827 828 829 830 834 835]] [56 [841 842 843 844 847 848 850 851 852]] [57 [856 857 858 861 863 864 868]] [58 [873 876 878 879 881 883 884]] [59 [887 889 892 896 898]] [60 [900 901 902 903 904 905 906 907 910 911 912]] [61 [915 916 917 918 919 922 923 925 927 929]] [62 [930 931 934 935 936 938 939 941]] [63 [948 949 954 955 957 958 959]] [64 [960 961 963 964 968 971 972]] [65 [976 978 980 981 982 983 985 987 988 989]] [66 [991 992 994 995 997 1002 1003 1004]] [67 [1007 1008 1011 1013 1017 1019]] [68 [1020 1022 1024 1025 1028 1032 1034]] [69 [1036 1037 1042 1043 1044 1046 1047 1049]] [70 [1050 1052 1054 1056 1058 1060 1062 1064]] [71 [1065 1067 1068 1070 1071 1073 1074 1075 1077]] [72 [1081 1083 1084 1086 1087 1088 1093]] [73 [1095 1098 1100 1101 1103 1107]] [74 [1110 1112 1116 1117 1120 1122 1124]] [75 [1130 1131 1132 1133 1134 1136 1138]] [76 [1142 1146 1147 1149 1150 1151 1152]] [77 [1156 1158 1160 1162 1166 1167 1168 1169]] [78 [1170 1171 1172 1173 1177 1181 1183]] [79 [1187 1188 1189 1192 1197 1199]] [80 [1200 1203 1204 1206 1207 1212 1213]] [81 [1215 1216 1217 1221 1223 1224 1229]] [82 [1233 1234 1235 1236 1239 1240 1243]] [83 [1247 1248 1251 1253 1254 1258 1259]] [84 [1260 1261 1264 1268 1269 1272 1273]] [85 [1275 1278 1279 1281 1283 1285 1286 1287]] [86 [1290 1291 1292 1295 1297 1301 1302]] [87 [1307 1308 1309 1311 1312 1313 1315]] [88 [1321 1322 1324 1326 1328 1331]] [89 [1335 1336 1339 1342 1345 1347 1349]] [90 [1351 1355 1357 1359 1360 1362 1364]] [91 [1366 1367 1369 1371 1374 1375 1376 1378]] [92 [1380 1381 1385 1386 1388 1389 1390 1391 1392 1393]] [93 [1396 1397 1398 1400 1402 1403 1404 1407 1408]] [94 [1411 1413 1415 1416 1417 1421 1424]] [95 [1427 1428 1429 1431 1432 1434 1437 1438]] [96 [1441 1442 1445 1446 1448 1449 1451]] [97 [1458 1460 1462 1463 1465 1467]] [98 [1471 1475 1477]] [99 [1485 1486 1487 1489 1493 1495 1496 1497 1498 1499]]]",,"[[{citizen 5} [[""A"" [5 5 4 3 1 1 1 2 1 2]]]] [{citizen 6} [[""A"" [3 1 2 1 1 1 5 4 3 2]]]] [{citizen 7} [[""A"" [3 1 2 2 1 4 2 2 1 1]]]] [{citizen 8} [[""A"" [5 4 3 1 1 6 4 2 1 1]]]] [{citizen 10} [[""A"" [2 0 2 2 1 1 2 1 1 1]]]] [{citizen 15} [[""A"" [1 1 2 2 1 1 2 1 2 1]]]] [{citizen 16} [[""A"" [3 2 2 1 1 1 2 2 6 5]]]] [{citizen 27} [[""A"" [3 5 5 1 3 2 1 1 4 2]]]] [{citizen 28} [[""A"" [2 3 1 3 2 0 1 5 6 5]]]] [{citizen 30} [[""A"" [2 2 1 1 0 2 2 1 2 1]]]] [{citizen 37} [[""A"" [1 1 2 2 1 1 4 2 1 2]]]] [{citizen 39} [[""A"" [0 2 1 1 1 2 2 1 2 1]]]] [{citizen 45} [[""A"" [5 2 3 2 1 0 2 1 1 1]]]] [{citizen 47} [[""A"" [2 1 1 1 2 2 1 1 2 1]]]] [{media 50} [[""A"" [1 1 1 1 1 1 1 1 1 1]]]] [{media 51} [[""A"" [2 2 2 2 2 2 2 2 2 2]]]] [{media 55} [[""A"" [2 2 2 2 2 2 2 2 2 2]]]] [{media 56} [[""A"" [1 1 1 1 1 1 1 1 1 1]]]] [{media 58} [[""A"" [0 0 0 0 0 0 0 0 0 0]]]] [{media 60} [[""A"" [3 3 3 3 3 3 3 3 3 3]]]] [{media 63} [[""A"" [1 1 1 1 1 1 1 1 1 1]]]] [{media 64} [[""A"" [1 1 1 1 1 1 1 1 1 1]]]] [{media 53} [[""A"" [4 4 4 4 4 4 4 4 4 4]]]] [{citizen 0} [[""A"" [2 4 1 1 0 0 1 2 2 1]]]] [{citizen 1} [[""A"" [3 2 2 1 1 4 2 1 1 1]]]] [{media 52} [[""A"" [4 4 4 4 4 4 4 4 4 4]]]] [{citizen 3} [[""A"" [2 3 2 2 2 1 1 1 2 5]]]] [{media 57} [[""A"" [5 5 5 5 5 5 5 5 5 5]]]] [{citizen 38} [[""A"" [5 5 1 1 2 1 2 1 3 6]]]] [{citizen 48} [[""A"" [2 2 1 2 2 1 1 1 2 1]]]] [{citizen 41} [[""A"" [5 2 0 1 1 3 2 1 1 5]]]] [{citizen 17} [[""A"" [1 1 2 1 2 1 2 1 3 5]]]] [{citizen 12} [[""A"" [1 1 0 2 1 1 1 2 2 5]]]] [{citizen 29} [[""A"" [5 4 3 1 1 1 6 2 2 1]]]] [{citizen 14} [[""A"" [5 3 1 1 1 2 2 1 3 5]]]] [{citizen 31} [[""A"" [1 2 2 1 1 2 1 2 1 1]]]] [{citizen 13} [[""A"" [3 1 0 2 2 1 1 1 1 1]]]] [{citizen 25} [[""A"" [5 4 3 1 1 3 1 2 1 2]]]] [{citizen 20} [[""A"" [0 1 1 1 3 2 1 1 5 5]]]] [{citizen 23} [[""A"" [2 4 3 1 0 2 1 2 3 5]]]] [{citizen 34} [[""A"" [5 3 1 1 3 2 1 2 3 5]]]] [{citizen 42} [[""A"" [2 2 1 1 1 4 2 1 2 1]]]] [{citizen 11} [[""A"" [1 5 4 1 2 1 6 2 1 1]]]] [{citizen 33} [[""A"" [2 0 2 1 0 2 1 1 2 1]]]] [{media 59} [[""A"" [5 5 5 5 5 5 5 5 5 5]]]] [{media 61} [[""A"" [6 6 6 6 6 6 6 6 6 6]]]] [{citizen 18} [[""A"" [5 5 4 4 5 6 5 4 2 5]]]] [{citizen 44} [[""A"" [2 4 3 2 1 3 1 1 2 5]]]] [{citizen 22} [[""A"" [1 0 2 1 2 4 2 6 1 1]]]] [{media 54} [[""A"" [5 5 5 5 5 5 5 5 5 5]]]] [{citizen 40} [[""A"" [3 2 1 4 5 4 1 2 1 2]]]] [{citizen 49} [[""A"" [3 1 2 1 1 1 2 2 1 1]]]] [{media 62} [[""A"" [5 5 5 5 5 5 5 5 5 5]]]] [{citizen 43} [[""A"" [5 5 1 1 3 1 2 1 6 5]]]] [{citizen 9} [[""A"" [5 5 4 3 1 1 2 1 2 1]]]] [{citizen 2} [[""A"" [1 2 1 3 1 2 2 1 2 0]]]] [{citizen 21} [[""A"" [3 5 5 2 3 1 3 1 2 5]]]] [{citizen 19} [[""A"" [2 2 1 5 4 2 1 6 2 1]]]] [{citizen 36} [[""A"" [3 5 4 5 3 1 1 5 5 1]]]] [{citizen 35} [[""A"" [3 5 5 5 3 1 1 1 3 5]]]] [{citizen 24} [[""A"" [4 3 1 2 2 1 4 1 2 1]]]] [{citizen 32} [[""A"" [2 3 5 5 4 5 1 4 2 1]]]] [{citizen 26} [[""A"" [0 1 2 1 1 2 2 1 1 0]]]] [{citizen 46} [[""A"" [1 1 2 1 0 2 2 1 1 5]]]]]"
"5","[213 0 42]","7.5","0.505163460325673","8.594448613738104","""circle""","""""","9.9","{breed citizens}","false","0.5","1","""up""",,"[[""ID"" 5] [""alpha"" 1] [""beta"" 1] [""malleable"" [""A""]] [""prior"" []] [""cont_tokens"" []] [""A"" 1]]","[[0 [1 2 3 4 8 9 11 13]] [1 [15 16 17 18 19 20 21 22 23 24 25 27 28]] [2 [30 31 32 33 34 35 36 37 38 39 40 41 42 43 44]] [3 [45 46 47 48 49 50 51 52 53 54 55 56 57 58]] [4 [60 61 62 63 64 65 66 67 68 69 70 71 72 73 74]] [5 [75 76 77 78 79 80 81 82 83 84 85 86 87 88 89]] [6 [90 92 93 94 95 96 97 98 99 100 101 102 103 104]] [7 [105 106 107 108 109 110 111 112 113 114 115 116 117 118 119]] [8 [120 121 122 123 124 125 126 127 128 129 130 131 132 134]] [9 [136 137 138 139 142 145 146 147 149]] [10 [150 151 152 153 154 155 156 158 159 160 161 162 163 164]] [11 [166 167 169 170 171 172 173 174 175 176 177 178 179]] [12 [180 181 182 183 184 185 186 187 188 189 190 191 192 193 194]] [13 [195 196 197 198 199 200 201 202 203 204 205 206 207 208 209]] [14 [210 211 212 213 214 215 216 217 218 219 220 221 222 223 224]] [15 [225 226 227 228 229 230 231 232 233 234 235 236 237 238 239]] [16 [240 241 242 243 244 245 246 247 248 249 250 251 252 253 254]] [17 [255 256 257 258 259 260 261 262 263 264 265 266 267 268 269]] [18 [270 271 272 273 274 275 276 277 278 279 280 281 282 283 284]] [19 [285 286 287 288 289 290 291 292 293 294 295 296 297 298 299]] [20 [300 301 302 303 304 305 306 307 308 309 310 311 312 313 314]] [21 [315 316 317 318 319 320 321 322 323 324 325 326 327 328 329]] [22 [330 331 332 333 334 335 336 337 338 339 340 341 342 343 344]] [23 [345 346 347 348 349 350 351 352 353 354 355 356 357 358]] [24 [360 361 362 363 364 365 366 367 368 369 370 371 372 373 374]] [25 [375 376 377 378 379 380 381 382 383 384 385 386 387 388 389]] [26 [390 391 392 393 394 395 396 397 398 399 400 401 402 403 404]] [27 [405 406 407 408 409 410 411 412 413 414 415 416 417 418 419]] [28 [420 421 422 423 424 425 426 427 428 429 430 431 432 433 434]] [29 [435 436 437 438 439 440 441 442 443 444 445 446 447 448 449]] [30 [450 451 452 453 454 455 456 457 458 459 461 462 463 464]] [31 [465 466 467 468 469 470 471 472 473 474 475 476 477 478 479]] [32 [480 482 483 484 485 486 487 488 489 490 491 492 493 494]] [33 [495 496 497 498 501 504 505 509]] [34 [510 511 512 513 514 515 516 517 518 519 520 521 522 523 524]] [35 [525 526 527 528 529 530 531 532 533 534 535 536 537 538 539]] [36 [540 541 542 543 544 545 546 547 548 549 550 551 552 553 554]] [37 [555 556 557 558 559 560 561 562 563 564 565 566 567 568 569]] [38 [570 571 572 573 574 575 576 577 578 579 580 581 582 583 584]] [39 [585 586 587 588 589 590 591 592 593 594 595 596 597 598 599]] [40 [600 601 602 603 604 605 606 607 608 609 610 611 612 613 614]] [41 [615 616 617 618 619 620 621 622 624 625 626 627 628 629]] [42 [630 631 632 633 634 635 636 637 638 639 640 641 642 643 644]] [43 [645 646 647 648 649 650 651 652 653 654 655 656 657 658 659]] [44 [660 661 662 663 664 665 666 667 668 669 670 671 672 673 674]] [45 [675 676 677 678 679 680 681 682 683 684 685 686 687 688 689]] [46 [690 691 692 693 694 695 696 697 698 699 700 701 702 703 704]] [47 [705 706 707 708 709 710 711 712 713 714 715 716 717 718 719]] [48 [720 721 722 723 724 725 726 727 728 729 730 731 732 734]] [49 [735 736 737 738 739 740 741 742 743 744 745 746 747 748 749]] [50 [750 751 752 753 755 757 758 759 760 761 762 763 764]] [51 [765 766 767 768 769 770 771 772 773 774 775 776 777 778 779]] [52 [780 781 782 783 784 785 786 787 788 789 790 791 792 793 794]] [53 [795 796 797 798 799 800 801 802 803 804 805 806 807 808 809]] [54 [810 811 812 813 814 815 816 817 818 819 820 821 822 823 824]] [55 [826 827 828 829 830 831 832 833 834 835 836 837 838 839]] [56 [840 841 842 843 844 845 846 847 848 849 850 851 852 853 854]] [57 [855 856 857 858 859 860 861 862 863 864 865 866 867 868 869]] [58 [870 871 872 873 874 875 876 877 878 879 881 882 883 884]] [59 [885 886 887 888 889 890 891 892 893 894 895 896 897 898 899]] [60 [900 901 902 903 904 905 906 907 908 909 910 911 912 913 914]] [61 [915 916 917 918 919 922 923 925 927 928 929]] [62 [930 931 934 935 936 938 939 941]] [63 [948 949 951 954 955 957 958 959]] [64 [960 961 963 964 968 969 971 972]] [65 [975 976 977 978 980 981 982 983 984 985 986 987 988 989]] [66 [990 991 992 994 995 996 997 998 999 1000 1001 1002 1003 1004]] [67 [1005 1006 1007 1008 1009 1010 1011 1012 1013 1014 1015 1016 1017 1018 1019]] [68 [1020 1022 1024 1025 1026 1027 1028 1029 1030 1031 1032 1033 1034]] [69 [1035 1036 1037 1038 1039 1040 1041 1042 1043 1044 1045 1046 1047 1048 1049]] [70 [1050 1051 1052 1053 1054 1055 1056 1057 1058 1059 1060 1061 1062 1063 1064]] [71 [1065 1066 1067 1068 1069 1070 1071 1072 1073 1074 1075 1076 1077 1079]] [72 [1080 1081 1082 1083 1084 1086 1087 1088 1091 1093]] [73 [1095 1098 1099 1100 1101 1103 1107 1109]] [74 [1110 1111 1112 1113 1114 1115 1116 1117 1118 1119 1120 1122 1123 1124]] [75 [1125 1126 1127 1128 1129 1130 1131 1132 1133 1134 1135 1136 1137 1138 1139]] [76 [1140 1141 1142 1143 1144 1145 1146 1147 1148 1149 1150 1151 1152 1153 1154]] [77 [1155 1156 1157 1158 1159 1160 1161 1162 1163 1164 1165 1166 1167 1168 1169]] [78 [1170 1171 1172 1173 1174 1175 1176 1177 1178 1179 1180 1181 1182 1183 1184]] [79 [1185 1186 1187 1188 1189 1190 1191 1192 1193 1194 1195 1196 1197 1198 1199]] [80 [1200 1201 1202 1203 1204 1205 1206 1207 1208 1209 1210 1211 1212 1213 1214]] [81 [1215 1216 1217 1218 1219 1220 1221 1222 1223 1224 1225 1226 1227 1228 1229]] [82 [1230 1231 1232 1233 1234 1235 1236 1237 1238 1239 1240 1241 1242 1243 1244]] [83 [1245 1246 1247 1248 1249 1250 1251 1252 1253 1254 1255 1256 1257 1258 1259]] [84 [1260 1261 1262 1263 1264 1265 1266 1267 1268 1269 1270 1271 1272 1273]] [85 [1275 1276 1277 1278 1279 1280 1281 1282 1283 1284 1285 1286 1287 1288]] [86 [1290 1291 1292 1293 1294 1295 1296 1297 1298 1299 1300 1301 1302 1303 1304]] [87 [1305 1306 1307 1308 1309 1310 1311 1312 1313 1314 1315 1316 1317 1318 1319]] [88 [1320 1321 1322 1323 1324 1325 1326 1327 1328 1329 1330 1331 1332 1333 1334]] [89 [1335 1336 1337 1338 1339 1340 1341 1342 1343 1344 1345 1346 1347 1348 1349]] [90 [1350 1351 1352 1353 1354 1355 1356 1357 1358 1359 1360 1361 1362 1363 1364]] [91 [1365 1366 1367 1368 1369 1370 1371 1372 1373 1374 1375 1376 1377 1378 1379]] [92 [1380 1381 1382 1383 1384 1385 1386 1387 1388 1389 1390 1391 1392 1393 1394]] [93 [1395 1396 1397 1398 1399 1400 1401 1402 1403 1404 1405 1406 1407 1408 1409]] [94 [1410 1411 1412 1413 1414 1415 1416 1417 1418 1419 1420 1421 1422 1423 1424]] [95 [1425 1427 1428 1429 1431 1432 1434 1437 1438 1439]] [96 [1440 1441 1442 1443 1444 1445 1446 1447 1448 1449 1450 1451 1452 1453 1454]] [97 [1455 1456 1457 1458 1459 1460 1461 1462 1463 1464 1465 1466 1467 1468 1469]] [98 [1470 1471 1472 1473 1474 1475 1476 1477 1478 1479 1480 1484]] [99 [1485 1486 1487 1488 1489 1490 1491 1492 1493 1494 1495 1496 1497 1498 1499]]]","[[0 [1 2 4 8 9 11 13]] [1 [16 18 20 21 24 25 27 28]] [2 [30 31 32 34 36 37 44]] [3 [45 46 47 48 49 50 52 58]] [4 [62 64 66 67 73 74]] [5 [76 77 78 84 86 87]] [6 [90 92 93 100 102 103]] [7 [105 106 110 113 114 115 116 117 119]] [8 [120 121 125 127 131 132 134]] [9 [136 137 138 139 142 146 147 149]] [10 [150 151 154 156 158 163 164]] [11 [167 169 173 175 176 179]] [12 [180 181 182 184 186 188 189 190 191 193]] [13 [195 196 198 201 204 206 207 208]] [14 [210 211 212 214 216 219 221 224]] [15 [226 230 231 233 234 236 238]] [16 [240 241 242 243 245 246 247]] [17 [259 262 264 265 268 269]] [18 [270 272 273 275 276 277 280 281]] [19 [285 287 288 289 291 294 299]] [20 [300 301 302 307 310 311 313 314]] [21 [315 316 318 320 325 327 329]] [22 [330 331 334 337 338 340 341 344]] [23 [345 347 348 349 351 353 354 357]] [24 [361 362 366 367 368 369 371 374]] [25 [376 379 380 383 385 388 389]] [26 [390 393 394 397 400 402 404]] [27 [407 409 410 412 413 418 419]] [28 [420 421 422 423 424 425 430 433]] [29 [438 439 440 441 442 446]] [30 [450 454 455 457 458 463 464]] [31 [465 466 467 468 469 470 474 475 479]] [32 [480 482 483 484 485 486 487 492]] [33 [495 496 497 498 501 504 505 509]] [34 [512 513 517 519 521]] [35 [525 528 529 530 535 536 537]] [36 [540 541 543 548 549 552 553 554]] [37 [559 560 563 567 568 569]] [38 [570 571 572 574 576 578 579 583]] [39 [585 586 587 588 590 594 595 597 599]] [40 [600 604 606 608 610 611 613]] [41 [615 620 621 622 624 626 628 629]] [42 [633 635 636 638 641 642]] [43 [645 651 654 656 658 659]] [44 [661 662 664 665 666 667 668 669]] [45 [678 679 680 684 685 686]] [46 [690 691 693 695 697 701 702 703]] [47 [705 707 709 710 713 714 715 716 717 719]] [48 [721 723 725 726 729 730]] [49 [737 738 740 741 742 743 744 746 748 749]] [50 [751 752 753 755 760 761 762 763]] [51 [765 768 773 774 775 778 779]] [52 [784 785 786 787 789 790 792 794]] [53 [795 796 797 799 800 801]] [54 [810 811 813 814 815 818 820 821 822 824]] [55 [831 832 833 836 837 838 839]] [56 [840 845 846 847 848 849 853 854]] [57 [855 859 860 863 865 866 867]] [58 [870 871 872 874 875 877 882 884]] [59 [887 890 891 893 894 895 897 899]] [60 [903 904 905 906 907 913 914]] [61 [922 923 925 927 929]] [62 [930 931 935 936 938 939 941]] [63 [948 949 954 955 957 958 959]] [64 [960 961 963 964 968 969]] [65 [975 977 983 984 986 988 989]] [66 [991 992 994 998 999 1000 1001]] [67 [1005 1006 1009 1010 1011 1013 1017 1019]] [68 [1020 1022 1024 1025 1028 1032 1034]] [69 [1036 1037 1042 1043 1044 1047 1049]] [70 [1050 1052 1054 1056 1058 1060 1062 1064]] [71 [1065 1067 1068 1070 1071 1073 1074 1075 1077]] [72 [1080 1081 1083 1084 1086 1087 1088 1093]] [73 [1095 1098 1099 1100 1101 1103 1107 1109]] [74 [1110 1113 1114 1115 1118 1119 1120 1122 1124]] [75 [1130 1131 1132 1133 1134 1136 1138]] [76 [1142 1146 1147 1149 1152]] [77 [1155 1158 1161 1163 1164 1165]] [78 [1174 1175 1176 1177 1178 1179 1180 1182 1184]] [79 [1185 1186 1193 1194 1195 1196 1198 1199]] [80 [1200 1203 1204 1206 1207 1212 1213]] [81 [1215 1216 1217 1221 1223 1224 1228 1229]] [82 [1233 1234 1235 1236 1239 1240 1243]] [83 [1247 1248 1251 1253 1255 1256 1258]] [84 [1263 1265 1266 1267 1269 1272 1273]] [85 [1277 1280 1282 1284 1288]] [86 [1293 1294 1296 1298 1300 1303 1304]] [87 [1305 1306 1308 1309 1311 1312 1313 1315]] [88 [1321 1322 1324 1326 1328 1331 1333]] [89 [1335 1336 1339 1343 1344 1346 1348]] [90 [1350 1352 1353 1354 1355 1357 1359 1360 1362 1364]] [91 [1366 1367 1369 1370 1371 1374 1375 1376 1378]] [92 [1380 1381 1385 1386 1388 1389 1390 1391 1392 1393]] [93 [1396 1397 1398 1400 1405 1406]] [94 [1410 1412 1416 1417 1421 1424]] [95 [1429 1431 1432 1434 1437 1438]] [96 [1441 1444 1445 1446 1448 1449 1451]] [97 [1458 1460 1462 1463 1465 1467]] [98 [1472 1473 1476 1478 1479 1480 1484]] [99 [1489 1493 1495 1496 1497 1498 1499]]]",,"[[{citizen 6} [[""A"" [1 1 0 2 5 4 3 2 0 1]]]] [{citizen 8} [[""A"" [1 2 1 6 4 3 1 1 2 1]]]] [{citizen 11} [[""A"" [1 3 5 6 5 4 1 1 2 1]]]] [{citizen 12} [[""A"" [1 2 1 1 1 3 2 1 3 5]]]] [{citizen 17} [[""A"" [1 2 1 2 1 1 2 2 1 3]]]] [{citizen 18} [[""A"" [5 5 4 4 5 6 5 4 2 1]]]] [{citizen 19} [[""A"" [4 1 3 5 6 5 1 0 2 1]]]] [{citizen 20} [[""A"" [1 0 2 5 4 3 5 6 4 5]]]] [{citizen 23} [[""A"" [1 2 1 3 2 1 3 5 6 5]]]] [{citizen 25} [[""A"" [2 1 3 1 1 2 1 2 1 0]]]] [{citizen 26} [[""A"" [1 1 1 2 2 1 3 1 1 0]]]] [{citizen 28} [[""A"" [1 2 0 1 5 3 5 6 5 4]]]] [{citizen 29} [[""A"" [6 2 1 3 5 2 1 1 0 1]]]] [{media 50} [[""A"" [1 1 1 1 1 1 1 1 1 1]]]] [{media 51} [[""A"" [2 2 2 2 2 2 2 2 2 2]]]] [{media 55} [[""A"" [2 2 2 2 2 2 2 2 2 2]]]] [{media 56} [[""A"" [1 1 1 1 1 1 1 1 1 1]]]] [{media 58} [[""A"" [0 0 0 0 0 0 0 0 0 0]]]] [{media 60} [[""A"" [3 3 3 3 3 3 3 3 3 3]]]] [{media 63} [[""A"" [1 1 1 1 1 1 1 1 1 1]]]] [{media 64} [[""A"" [1 1 1 1 1 1 1 1 1 1]]]] [{citizen 4} [[""A"" [1 3 4 4 3 1 1 0 2 1]]]] [{citizen 1} [[""A"" [0 2 2 1 3 5 4 1 1 0]]]] [{citizen 3} [[""A"" [1 2 1 3 1 2 3 5 6 4]]]] [{media 57} [[""A"" [5 5 5 5 5 5 5 5 5 5]]]] [{citizen 38} [[""A"" [1 3 5 6 5 1 1 0 2 1]]]] [{citizen 0} [[""A"" [1 2 1 0 1 0 2 2 0 1]]]] [{citizen 22} [[""A"" [4 3 5 6 5 4 1 1 0 1]]]] [{citizen 41} [[""A"" [1 1 2 3 2 1 2 1 6 1]]]] [{citizen 14} [[""A"" [2 1 1 1 2 2 1 3 4 5]]]] [{citizen 31} [[""A"" [1 3 2 1 1 1 1 1 0 2]]]] [{citizen 13} [[""A"" [2 1 2 1 1 1 1 1 2 1]]]] [{citizen 16} [[""A"" [2 1 2 1 1 1 1 2 3 6]]]] [{citizen 34} [[""A"" [3 1 2 0 1 2 1 3 5 4]]]] [{citizen 42} [[""A"" [2 1 1 4 2 2 1 1 0 1]]]] [{citizen 33} [[""A"" [2 1 1 2 1 2 1 0 2 1]]]] [{citizen 7} [[""A"" [1 2 1 3 4 2 2 1 1 1]]]] [{citizen 15} [[""A"" [1 1 0 2 1 1 1 0 2 1]]]] [{citizen 36} [[""A"" [1 3 5 4 5 5 4 1 1 0]]]] [{media 59} [[""A"" [5 5 5 5 5 5 5 5 5 5]]]] [{citizen 39} [[""A"" [1 3 2 2 2 1 1 0 2 1]]]] [{citizen 45} [[""A"" [1 2 1 1 0 1 2 1 0 1]]]] [{citizen 24} [[""A"" [2 1 3 4 2 1 1 1 0 1]]]] [{media 61} [[""A"" [6 6 6 6 6 6 6 6 6 6]]]] [{citizen 30} [[""A"" [1 1 0 2 1 1 1 0 2 1]]]] [{media 53} [[""A"" [4 4 4 4 4 4 4 4 4 4]]]] [{media 52} [[""A"" [4 4 4 4 4 4 4 4 4 4]]]] [{citizen 44} [[""A"" [2 1 3 2 1 1 2 3 6 5]]]] [{citizen 10} [[""A"" [1 1 2 1 2 1 1 0 2 1]]]] [{citizen 40} [[""A"" [4 5 4 3 2 1 1 0 2 1]]]] [{citizen 21} [[""A"" [1 3 2 1 1 3 2 1 3 1]]]] [{citizen 49} [[""A"" [1 1 1 2 1 1 3 1 1 0]]]] [{citizen 43} [[""A"" [2 1 1 1 2 1 3 5 6 5]]]] [{citizen 9} [[""A"" [1 1 2 1 2 2 1 1 0 2]]]] [{media 54} [[""A"" [5 5 5 5 5 5 5 5 5 5]]]] [{citizen 48} [[""A"" [1 2 1 2 1 3 1 1 2 1]]]] [{citizen 27} [[""A"" [1 1 4 2 1 3 1 1 0 1]]]] [{citizen 35} [[""A"" [5 6 4 5 3 1 2 1 1 3]]]] [{citizen 2} [[""A"" [1 3 2 1 2 1 5 2 1 0]]]] [{media 62} [[""A"" [5 5 5 5 5 5 5 5 5 5]]]] [{citizen 37} [[""A"" [2 1 1 0 2 4 2 1 1 2]]]] [{citizen 32} [[""A"" [2 1 1 3 4 3 4 1 1 0]]]] [{citizen 47} [[""A"" [0 1 2 1 1 2 2 1 1 1]]]] [{citizen 46} [[""A"" [2 1 2 1 1 1 3 2 1 3]]]]]"
"6","[213 0 42]","18.75","2.9498169675224895","9.027137857063346","""circle""","""""","9.9","{breed citizens}","false","0.5","1","""up""",,"[[""ID"" 6] [""alpha"" 1] [""beta"" 1] [""malleable"" [""A""]] [""prior"" []] [""cont_tokens"" []] [""A"" 1]]","[[0 [1 2 3 4 8 9 11 13]] [1 [16 18 20 21 22 23 24 25 27 28]] [2 [30 31 32 33 34 35 36 37 38 39 40 41 42 43 44]] [3 [45 46 47 48 49 50 51 52 53 54 55 56 57 58]] [4 [60 61 62 63 64 65 66 67 68 69 70 71 72 73 74]] [5 [75 76 77 78 79 80 81 82 83 84 85 86 87 88 89]] [6 [90 91 92 93 94 95 96 97 98 99 100 101 102 103 104]] [7 [105 106 107 108 109 110 111 112 113 114 115 116 117 118 119]] [8 [120 121 122 123 124 125 126 127 128 129 130 131 132 133 134]] [9 [136 137 138 139 142 145 146 147 149]] [10 [150 151 152 153 154 155 156 158 159 160 161 162 163 164]] [11 [166 167 169 170 171 172 173 174 175 176 177 178 179]] [12 [180 181 182 183 184 185 186 187 188 189 190 191 192 193 194]] [13 [195 196 197 198 199 200 201 202 203 204 205 206 207 208 209]] [14 [210 211 212 213 214 215 216 217 218 219 220 221 222 223 224]] [15 [225 226 227 228 229 230 231 232 233 234 235 236 237 238 239]] [16 [240 241 242 243 244 245 246 247 248 249 250 251 252 253 254]] [17 [255 256 257 258 259 260 261 262 263 264 265 266 267 268 269]] [18 [270 271 272 273 274 275 276 277 278 279 280 281 282 283 284]] [19 [285 286 287 288 289 290 291 292 293 294 295 296 297 298 299]] [20 [300 301 302 303 304 305 306 307 308 309 310 311 312 313 314]] [21 [315 316 317 318 319 320 321 322 323 324 325 326 327 328 329]] [22 [330 331 332 333 334 335 336 337 338 339 340 341 342 343 344]] [23 [345 346 347 348 349 350 351 352 353 354 355 356 357 358]] [24 [361 362 366 367 368 369 371 374]] [25 [375 376 377 378 379 380 381 382 383 384 385 386 387 388 389]] [26 [391 392 393 394 395 396 397 398 399 400 401 402 403 404]] [27 [405 407 409 410 412 413 418 419]] [28 [420 421 422 423 424 425 426 427 428 429 430 431 432 433 434]] [29 [435 436 437 438 439 440 441 442 443 444 445 446 447 448 449]] [30 [450 451 452 453 454 455 456 457 458 459 460 461 462 463 464]] [31 [465 466 467 468 469 470 471 472 473 474 475 476 477 478 479]] [32 [480 481 482 483 484 485 486 487 488 489 490 491 492 493 494]] [33 [495 496 497 498 499 501 502 503 504 505 506 507 508 509]] [34 [510 511 512 513 514 515 516 517 518 519 520 521 522 523 524]] [35 [525 526 527 528 529 530 531 532 533 534 535 536 537 538 539]] [36 [540 541 542 543 544 545 546 547 548 549 550 551 552 553 554]] [37 [555 556 557 558 559 560 561 562 563 564 565 566 567 568 569]] [38 [570 571 572 573 574 575 576 577 578 579 580 581 582 583 584]] [39 [585 586 587 588 589 590 591 592 593 594 595 596 597 598 599]] [40 [600 601 602 603 604 605 606 607 608 609 610 611 612 613 614]] [41 [615 616 617 618 619 620 621 622 623 624 625 626 627 628 629]] [42 [630 631 632 633 634 635 636 637 638 639 640 641 642 643 644]] [43 [645 646 647 648 649 650 651 652 653 654 655 656 657 658 659]] [44 [660 661 662 663 664 665 666 667 668 669 670 671 672 673 674]] [45 [675 676 677 678 679 680 681 682 683 684 685 686 687 688 689]] [46 [690 691 692 693 694 695 696 697 698 699 700 701 702 703 704]] [47 [705 706 707 708 709 710 711 712 713 714 715 716 717 718 719]] [48 [720 721 722 723 724 725 726 727 728 729 730 731 732 734]] [49 [735 736 737 738 739 740 741 742 743 744 745 746 747 748 749]] [50 [750 751 752 753 755 757 758 759 760 761 762 763 764]] [51 [765 766 767 768 769 770 771 772 773 774 775 776 777 778 779]] [52 [780 781 782 783 784 785 786 787 788 789 790 791 792 793 794]] [53 [795 796 797 798 799 800 801 802 803 804 805 806 807 808 809]] [54 [810 811 812 813 814 815 816 817 818 819 820 821 822 824]] [55 [826 827 828 829 830 831 832 833 834 835 836 837 838 839]] [56 [840 841 842 843 844 845 846 847 848 849 850 851 852 853 854]] [57 [855 856 857 858 859 860 861 862 863 864 865 866 867 868 869]] [58 [870 871 872 873 874 875 876 877 878 879 881 882 883 884]] [59 [885 886 887 888 889 890 891 892 893 894 895 896 897 898 899]] [60 [900 901 902 903 904 905 906 907 908 909 910 911 912 913 914]] [61 [915 916 917 918 919 920 921 922 923 924 925 926 927 928 929]] [62 [930 931 934 935 936 938 939 941]] [63 [948 949 951 954 955 957 958 959]] [64 [960 961 963 964 968 969 971 972]] [65 [975 976 977 978 980 981 982 983 984 985 986 987 988 989]] [66 [990 991 992 994 995 996 997 998 999 1000 1001 1002 1003 1004]] [67 [1005 1006 1007 1008 1009 1010 1011 1012 1013 1014 1015 1016 1017 1018 1019]] [68 [1020 1022 1024 1025 1026 1027 1028 1029 1030 1031 1032 1033 1034]] [69 [1035 1036 1037 1038 1039 1040 1041 1042 1043 1044 1045 1046 1047 1048 1049]] [70 [1050 1051 1052 1053 1054 1055 1056 1057 1058 1059 1060 1061 1062 1063 1064]] [71 [1065 1066 1067 1068 1069 1070 1071 1072 1073 1074 1075 1076 1077 1079]] [72 [1080 1081 1082 1083 1084 1085 1086 1087 1088 1089 1090 1091 1092 1093]] [73 [1095 1098 1099 1100 1101 1103 1107 1109]] [74 [1110 1111 1112 1113 1114 1115 1116 1117 1118 1119 1120 1122 1123 1124]] [75 [1125 1126 1127 1128 1129 1130 1131 1132 1133 1134 1135 1136 1137 1138 1139]] [76 [1140 1141 1142 1143 1144 1145 1146 1147 1148 1149 1150 1151 1152 1153 1154]] [77 [1155 1156 1157 1158 1159 1160 1161 1162 1163 1164 1165 1166 1167 1168 1169]] [78 [1170 1171 1172 1173 1174 1175 1176 1177 1178 1179 1180 1181 1182 1183 1184]] [79 [1185 1186 1187 1188 1189 1190 1191 1192 1193 1194 1195 1196 1197 1198 1199]] [80 [1200 1201 1202 1203 1204 1205 1206 1207 1208 1209 1210 1211 1212 1213 1214]] [81 [1215 1216 1217 1218 1219 1220 1221 1222 1223 1224 1225 1226 1227 1228 1229]] [82 [1230 1231 1232 1233 1234 1235 1236 1237 1238 1239 1240 1241 1242 1243 1244]] [83 [1245 1246 1247 1248 1249 1250 1251 1252 1253 1254 1255 1256 1257 1258 1259]] [84 [1260 1261 1262 1263 1264 1265 1266 1267 1268 1269 1270 1271 1272 1273]] [85 [1275 1276 1277 1278 1279 1280 1281 1282 1283 1284 1285 1286 1287 1288]] [86 [1290 1291 1292 1293 1294 1295 1296 1297 1298 1299 1300 1301 1302 1303 1304]] [87 [1305 1306 1307 1308 1309 1310 1311 1312 1313 1314 1315 1316 1317 1318 1319]] [88 [1320 1321 1322 1323 1324 1325 1326 1327 1328 1329 1330 1331 1332 1333 1334]] [89 [1335 1336 1337 1338 1339 1340 1341 1342 1343 1344 1345 1346 1347 1348 1349]] [90 [1350 1351 1352 1353 1354 1355 1356 1357 1358 1359 1360 1361 1362 1363 1364]] [91 [1365 1366 1367 1368 1369 1370 1371 1372 1373 1374 1375 1376 1377 1378 1379]] [92 [1380 1381 1382 1383 1384 1385 1386 1387 1388 1389 1390 1391 1392 1393 1394]] [93 [1395 1396 1397 1398 1399 1400 1401 1402 1403 1404 1405 1406 1407 1408 1409]] [94 [1410 1411 1412 1413 1414 1415 1416 1417 1418 1419 1420 1421 1422 1423 1424]] [95 [1425 1427 1428 1429 1431 1432 1434 1437 1438 1439]] [96 [1440 1441 1442 1443 1444 1445 1446 1447 1448 1449 1450 1451 1452 1453 1454]] [97 [1455 1456 1457 1458 1459 1460 1461 1462 1463 1464 1465 1466 1467 1468 1469]] [98 [1470 1471 1472 1473 1474 1475 1476 1477 1478 1479 1480 1484]] [99 [1485 1486 1487 1488 1489 1490 1491 1492 1493 1494 1495 1496 1497 1498 1499]]]","[[0 [1 2 4 8 9 11 13]] [1 [16 18 20 21 24]] [2 [33 35 38 39 40 41 42 43]] [3 [45 51 53 55 56 57 58]] [4 [61 63 68 69 70 71 72]] [5 [75 79 80 81 82 83 85 88 89]] [6 [90 92 93 98 99 100 102 103]] [7 [107 108 109 111 112 119]] [8 [120 121 125 127 130 131 132 134]] [9 [136 137 138 139 142 145 146 149]] [10 [150 151 154 156 158 163 164]] [11 [167 169 174 177 178]] [12 [184 186 188 189 190 191]] [13 [195 196 198 201 204 206 207 208]] [14 [210 211 212 213 214 215 217 218 220 222 223]] [15 [225 227 228 229 231 233 234 237 239]] [16 [242 243 245 246 247 253]] [17 [260 261 262 264 265 268 269]] [18 [270 272 278 279 280 281 284]] [19 [286 290 291 294 299]] [20 [303 304 305 306 312 313 314]] [21 [315 316 318 320 322 323 325 327 329]] [22 [330 331 334 337 338 340 341 344]] [23 [345 347 348 349 351 353 354 357 358]] [24 [362 366 367 368 369 371 374]] [25 [375 377 378 381 382 384 386]] [26 [391 395 396 397 400 402 404]] [27 [407 410 412 413 418]] [28 [420 422 423 424 425 426 428 429 431 432 434]] [29 [436 437 443 444 447 448 449]] [30 [451 452 453 456 459 461 462]] [31 [467 468 469 470 474 475 479]] [32 [480 482 483 484 487 492]] [33 [495 496 497 498 501 504 505 509]] [34 [511 512 513 517 522]] [35 [528 529 530 535 536 538 539]] [36 [541 543 548 549 552 553 554]] [37 [559 560 563 567 568 569]] [38 [572 574 576 580 581 582]] [39 [587 588 590 592 594 595 597 599]] [40 [600 604 606 608 609 612 614]] [41 [616 617 618 619 620 621 625 627]] [42 [630 631 632 634 637 638 640 641 642]] [43 [645 649 650 652 653 657]] [44 [660 663 668 669]] [45 [677 681 685 686 689]] [46 [692 694 695 697 701 702]] [47 [705 707 709 710 711 713 714 715 716 717 718]] [48 [720 722 724 726 729 730 731 732 734]] [49 [735 736 739 747 748 749]] [50 [751 753 755 760 761 762 763]] [51 [765 766 767 769 770 771 776 777]] [52 [781 782 783 788 791 793 794]] [53 [795 796 797 799 800 805 808 809]] [54 [811 813 816 817 819 822]] [55 [828 829 830 834 835]] [56 [841 842 843 844 849 853 854]] [57 [855 859 860 863 865 866 867 869]] [58 [872 874 875 877 879 882 884]] [59 [885 886 888 889 892 896 898]] [60 [900 908 909 910 911 912]] [61 [915 916 917 918 919 922 923 925 927 928 929]] [62 [930 931 935 936 938 939 941]] [63 [948 949 954 955 957 958 959]] [64 [960 961 963 964 968 971 972]] [65 [976 978 980 981 982 983 985 987 988 989]] [66 [991 992 994 998 999 1000 1001]] [67 [1005 1006 1009 1010 1011 1013 1017 1019]] [68 [1020 1022 1024 1025 1028 1032 1034]] [69 [1036 1037 1042 1043 1044 1046]] [70 [1051 1053 1055 1057 1059 1061 1062 1064]] [71 [1065 1067 1068 1070 1071 1073 1074 1075 1076]] [72 [1080 1081 1083 1084 1086 1087 1088 1093]] [73 [1095 1098 1100 1101 1103 1107 1109]] [74 [1110 1112 1117 1120 1122 1124]] [75 [1127 1128 1129 1135 1137 1139]] [76 [1140 1143 1144 1145 1148 1150 1151 1152]] [77 [1155 1158 1159 1161 1163 1164 1165]] [78 [1174 1175 1176 1178 1179 1180 1182 1184]] [79 [1185 1186 1193 1194 1195 1196 1198]] [80 [1201 1202 1208 1209 1210 1211 1214]] [81 [1218 1219 1220 1222 1225]] [82 [1230 1231 1235 1237 1238 1239 1240 1243]] [83 [1247 1248 1251 1253 1254 1258]] [84 [1263 1265 1266 1267 1269 1272 1273]] [85 [1275 1278 1279 1281 1283 1285 1287]] [86 [1290 1291 1292 1295 1297 1301 1302]] [87 [1307 1308 1309 1311 1312 1313 1315]] [88 [1321 1322 1324 1326 1328 1330 1332 1333]] [89 [1335 1336 1339 1343 1344 1346]] [90 [1350 1352 1353 1354 1355 1357 1359 1360 1361 1363]] [91 [1365 1368 1372 1373 1375 1379]] [92 [1382 1384 1387 1389 1390 1394]] [93 [1395 1399 1403 1404 1407 1408]] [94 [1411 1413 1415 1416 1417 1421 1424]] [95 [1427 1428 1429 1431 1432 1434 1437 1438]] [96 [1441 1442 1445 1446 1447 1448 1449 1451]] [97 [1457 1459 1460 1462 1463 1465 1467]] [98 [1472 1473 1476 1477]] [99 [1485 1486 1487 1489 1493 1495 1496 1497 1499]]]",,"[[{citizen 7} [[""A"" [2 1 3 4 2 4 1 1 1 1]]]] [{citizen 9} [[""A"" [4 1 2 1 4 1 2 1 1 0]]]] [{citizen 18} [[""A"" [6 5 5 5 4 4 5 6 5 4]]]] [{citizen 27} [[""A"" [1 3 2 1 3 1 4 1 1 0]]]] [{citizen 35} [[""A"" [5 4 5 3 4 5 1 2 1 1]]]] [{citizen 49} [[""A"" [2 1 1 1 2 1 1 1 1 0]]]] [{media 50} [[""A"" [1 1 1 1 1 1 1 1 1 1]]]] [{media 51} [[""A"" [2 2 2 2 2 2 2 2 2 2]]]] [{media 55} [[""A"" [2 2 2 2 2 2 2 2 2 2]]]] [{media 56} [[""A"" [1 1 1 1 1 1 1 1 1 1]]]] [{media 58} [[""A"" [0 0 0 0 0 0 0 0 0 0]]]] [{media 60} [[""A"" [3 3 3 3 3 3 3 3 3 3]]]] [{media 63} [[""A"" [1 1 1 1 1 1 1 1 1 1]]]] [{media 64} [[""A"" [1 1 1 1 1 1 1 1 1 1]]]] [{citizen 4} [[""A"" [1 3 4 4 1 1 1 0 2 1]]]] [{citizen 5} [[""A"" [5 5 4 2 1 1 1 1 1 1]]]] [{citizen 1} [[""A"" [1 2 1 2 1 4 5 1 1 0]]]] [{citizen 3} [[""A"" [4 5 4 2 2 2 1 3 1 5]]]] [{citizen 41} [[""A"" [5 2 0 1 1 2 2 5 6 5]]]] [{citizen 17} [[""A"" [5 4 0 1 2 1 2 1 4 3]]]] [{citizen 12} [[""A"" [0 1 2 1 2 1 1 3 2 1]]]] [{citizen 29} [[""A"" [5 4 2 1 1 6 5 2 1 1]]]] [{citizen 14} [[""A"" [5 3 4 5 1 2 1 1 2 5]]]] [{citizen 31} [[""A"" [2 1 1 3 4 2 1 1 1 1]]]] [{citizen 13} [[""A"" [5 4 2 1 0 2 1 1 1 2]]]] [{citizen 25} [[""A"" [1 2 1 3 3 1 1 1 1 0]]]] [{citizen 20} [[""A"" [2 1 3 2 1 0 2 4 5 5]]]] [{citizen 8} [[""A"" [1 2 1 6 4 4 1 1 1 1]]]] [{citizen 23} [[""A"" [2 4 2 1 0 2 3 4 2 5]]]] [{citizen 45} [[""A"" [5 3 2 1 0 1 1 1 0 1]]]] [{citizen 24} [[""A"" [1 2 3 4 1 1 1 1 0 1]]]] [{citizen 28} [[""A"" [3 5 4 4 2 1 3 0 1 4]]]] [{citizen 34} [[""A"" [3 4 5 4 4 2 1 2 1 5]]]] [{citizen 16} [[""A"" [0 1 2 1 2 2 1 1 1 2]]]] [{citizen 40} [[""A"" [1 3 4 4 1 2 1 1 0 2]]]] [{media 53} [[""A"" [4 4 4 4 4 4 4 4 4 4]]]] [{citizen 0} [[""A"" [3 4 1 2 1 0 2 1 1 0]]]] [{citizen 19} [[""A"" [2 2 1 3 5 4 4 5 1 0]]]] [{citizen 42} [[""A"" [1 2 2 1 4 2 1 2 1 1]]]] [{citizen 2} [[""A"" [2 1 2 1 5 1 2 1 1 0]]]] [{citizen 33} [[""A"" [0 2 1 1 1 1 1 0 2 1]]]] [{citizen 10} [[""A"" [2 1 1 2 1 1 1 0 2 1]]]] [{media 52} [[""A"" [4 4 4 4 4 4 4 4 4 4]]]] [{citizen 22} [[""A"" [0 2 0 1 2 4 5 5 1 1]]]] [{citizen 43} [[""A"" [5 1 1 2 3 3 1 2 5 5]]]] [{citizen 21} [[""A"" [2 1 1 3 5 4 2 1 1 1]]]] [{citizen 11} [[""A"" [3 5 4 2 1 5 1 1 2 1]]]] [{citizen 44} [[""A"" [5 4 2 4 2 1 3 1 1 2]]]] [{citizen 36} [[""A"" [5 4 2 1 3 5 5 5 1 1]]]] [{media 54} [[""A"" [5 5 5 5 5 5 5 5 5 5]]]] [{citizen 48} [[""A"" [2 2 0 1 2 1 1 1 2 1]]]] [{citizen 15} [[""A"" [1 1 2 4 1 1 1 0 2 1]]]] [{media 61} [[""A"" [6 6 6 6 6 6 6 6 6 6]]]] [{citizen 30} [[""A"" [2 2 1 0 2 1 1 1 0 2]]]] [{citizen 38} [[""A"" [2 3 1 1 5 1 1 0 2 1]]]] [{media 59} [[""A"" [5 5 5 5 5 5 5 5 5 5]]]] [{media 57} [[""A"" [5 5 5 5 5 5 5 5 5 5]]]] [{media 62} [[""A"" [5 5 5 5 5 5 5 5 5 5]]]] [{citizen 39} [[""A"" [1 1 3 2 4 1 2 1 1 2]]]] [{citizen 37} [[""A"" [2 1 2 2 2 4 1 1 1 2]]]] [{citizen 32} [[""A"" [3 4 4 5 2 1 3 4 1 1]]]] [{citizen 26} [[""A"" [0 2 1 1 2 2 1 1 1 0]]]] [{citizen 47} [[""A"" [1 2 2 1 1 2 1 1 1 1]]]] [{citizen 46} [[""A"" [1 1 2 1 0 2 2 1 1 3]]]]]"
"7","[213 0 42]","102.1875","9.209876221238234","-1.7844887247900805","""circle""","""""","9.9","{breed citizens}","false","0.5","1","""up""",,"[[""ID"" 7] [""alpha"" 1] [""beta"" 1] [""malleable"" [""A""]] [""prior"" []] [""cont_tokens"" []] [""A"" 1]]","[[0 [1 2 3 4 8 9 11 13]] [1 [15 16 17 18 19 20 21 22 23 24 25 27 28]] [2 [30 31 32 33 34 35 36 37 38 39 40 41 42 43 44]] [3 [45 46 47 48 49 50 51 52 53 54 55 56 57 58]] [4 [60 61 62 63 64 65 66 67 68 69 70 71 72 73 74]] [5 [75 76 77 78 79 80 81 82 83 84 85 86 87 88 89]] [6 [90 91 92 93 94 95 96 97 98 99 100 101 102 103 104]] [7 [105 106 107 108 109 110 111 112 113 114 115 116 117 118 119]] [8 [120 121 122 123 124 125 126 127 128 129 130 131 132 133 134]] [9 [136 137 138 139 142 145 146 147 149]] [10 [150 151 152 153 154 155 156 158 159 160 161 162 163 164]] [11 [166 167 169 170 171 172 173 174 175 176 177 178 179]] [12 [180 181 182 183 184 185 186 187 188 189 190 191 192 193 194]] [13 [195 196 197 198 199 200 201 202 203 204 205 206 207 208 209]] [14 [210 211 212 213 214 215 216 217 218 219 220 221 222 223 224]] [15 [225 226 227 228 229 230 231 232 233 234 235 236 237 238 239]] [16 [240 241 242 243 244 245 246 247 248 249 250 251 252 253 254]] [17 [255 256 257 258 259 260 261 262 263 264 265 266 267 268 269]] [18 [270 272 273 274 275 276 277 278 279 280 281 282 283 284]] [19 [285 286 287 288 289 290 291 292 293 294 295 296 297 298 299]] [20 [300 301 302 303 304 305 306 307 308 309 310 311 312 313 314]] [21 [315 316 317 318 319 320 321 322 323 324 325 326 327 328 329]] [22 [330 331 332 333 334 335 336 337 338 339 340 341 342 343 344]] [23 [345 346 347 348 349 350 351 352 353 354 355 356 357 358]] [24 [360 361 362 363 364 365 366 367 368 369 370 371 372 373 374]] [25 [375 376 377 378 379 380 381 382 383 384 385 386 387 388 389]] [26 [390 391 392 393 394 395 396 397 398 399 400 401 402 403 404]] [27 [405 406 407 408 409 410 411 412 413 414 415 416 417 418 419]] [28 [420 421 422 423 424 425 426 427 428 429 430 431 432 433 434]] [29 [435 436 437 438 439 440 441 442 443 444 445 446 447 448 449]] [30 [450 451 452 453 454 455 456 457 458 459 460 461 462 463 464]] [31 [465 466 467 468 469 470 471 472 473 474 475 476 477 478 479]] [32 [480 481 482 483 484 485 486 487 488 489 490 491 492 493 494]] [33 [495 496 497 498 501 504 505 509]] [34 [510 511 512 513 514 515 516 517 518 519 520 521 522 523 524]] [35 [525 526 527 528 529 530 531 532 533 534 535 536 537 538 539]] [36 [540 541 542 543 544 545 546 547 548 549 550 551 552 553 554]] [37 [555 556 557 558 559 560 561 562 563 564 565 566 567 568 569]] [38 [570 571 572 573 574 575 576 577 578 579 580 581 582 583 584]] [39 [585 586 587 588 589 590 591 592 593 594 595 596 597 598 599]] [40 [600 601 602 603 604 605 606 607 608 609 610 611 612 613 614]] [41 [615 616 617 618 619 620 621 622 623 624 625 626 627 628 629]] [42 [630 631 632 633 634 635 636 637 638 639 640 641 642 643 644]] [43 [645 646 647 648 649 650 652 653 657 659]] [44 [660 661 662 663 664 665 666 667 668 669 670 671 672 673 674]] [45 [675 676 677 678 679 680 681 682 683 684 685 686 687 688 689]] [46 [690 691 692 693 694 695 696 697 698 699 700 701 702 703 704]] [47 [705 706 707 708 709 710 711 712 713 714 715 716 717 718 719]] [48 [720 721 722 723 724 725 726 727 728 729 730 731 732 734]] [49 [735 736 737 738 739 740 741 742 743 744 745 746 747 748 749]] [50 [750 751 752 753 755 757 758 759 760 761 762 763 764]] [51 [765 766 767 768 769 770 771 772 773 774 775 776 777 778 779]] [52 [780 781 782 783 784 785 786 787 788 789 790 791 792 793 794]] [53 [795 796 797 798 799 800 801 802 803 804 805 806 807 808 809]] [54 [810 811 812 813 814 815 816 817 818 819 820 821 822 824]] [55 [826 827 828 829 830 831 832 833 834 835 836 837 838 839]] [56 [840 841 842 843 844 845 846 847 848 849 850 851 852 853 854]] [57 [855 856 857 858 859 860 861 862 863 864 865 866 867 868 869]] [58 [870 871 872 873 874 875 876 877 878 879 880 881 882 883 884]] [59 [885 886 887 888 889 890 891 892 893 894 895 896 897 898 899]] [60 [900 901 902 903 904 905 906 907 908 909 910 911 912 913 914]] [61 [915 916 917 918 919 920 921 922 923 924 925 926 927 928 929]] [62 [930 931 934 935 936 938 939 941]] [63 [948 949 951 954 955 957 958 959]] [64 [960 961 963 964 968 969 971 972]] [65 [975 976 977 978 980 981 982 983 984 985 986 987 988 989]] [66 [990 991 992 994 995 996 997 998 999 1000 1001 1002 1003 1004]] [67 [1005 1006 1007 1008 1009 1010 1011 1012 1013 1014 1015 1016 1017 1019]] [68 [1020 1022 1024 1025 1026 1027 1028 1029 1030 1031 1032 1033 1034]] [69 [1035 1036 1037 1038 1039 1040 1041 1042 1043 1044 1045 1046 1047 1048 1049]] [70 [1050 1051 1052 1053 1054 1055 1056 1057 1058 1059 1060 1061 1062 1063 1064]] [71 [1065 1067 1068 1070 1071 1073 1074 1075 1076 1077 1079]] [72 [1080 1081 1082 1083 1084 1086 1087 1088 1091 1093]] [73 [1095 1098 1099 1100 1101 1103 1107 1109]] [74 [1110 1111 1112 1113 1114 1115 1116 1117 1118 1119 1120 1122 1123 1124]] [75 [1125 1126 1127 1128 1129 1130 1131 1132 1133 1134 1135 1136 1137 1138 1139]] [76 [1140 1141 1142 1143 1144 1145 1146 1147 1148 1149 1150 1151 1152 1153 1154]] [77 [1155 1156 1157 1158 1159 1160 1161 1162 1163 1164 1165 1166 1167 1168 1169]] [78 [1170 1171 1172 1173 1174 1175 1176 1177 1178 1179 1180 1181 1182 1183 1184]] [79 [1185 1186 1187 1188 1189 1190 1191 1192 1193 1194 1195 1196 1197 1198 1199]] [80 [1200 1201 1202 1203 1204 1205 1206 1207 1208 1209 1210 1211 1212 1213 1214]] [81 [1215 1216 1217 1221 1223 1224 1226 1227 1228 1229]] [82 [1230 1231 1232 1233 1234 1235 1236 1237 1238 1239 1240 1241 1242 1243 1244]] [83 [1245 1246 1247 1248 1249 1250 1251 1252 1253 1254 1255 1256 1257 1258 1259]] [84 [1260 1261 1262 1263 1264 1265 1266 1267 1268 1269 1270 1271 1272 1273]] [85 [1275 1276 1277 1278 1279 1280 1281 1282 1283 1284 1285 1286 1287 1288]] [86 [1290 1291 1292 1293 1294 1295 1296 1297 1298 1299 1300 1301 1302 1303 1304]] [87 [1305 1306 1307 1308 1309 1310 1311 1312 1313 1314 1315 1316 1317 1318 1319]] [88 [1320 1321 1322 1323 1324 1325 1326 1327 1328 1329 1330 1331 1332 1333 1334]] [89 [1335 1336 1337 1338 1339 1340 1341 1342 1343 1344 1345 1346 1347 1348 1349]] [90 [1350 1351 1352 1353 1354 1355 1356 1357 1358 1359 1360 1361 1362 1363 1364]] [91 [1365 1366 1367 1368 1369 1370 1371 1372 1373 1374 1375 1376 1377 1378 1379]] [92 [1380 1381 1382 1383 1384 1385 1386 1387 1388 1389 1390 1391 1392 1393 1394]] [93 [1395 1396 1397 1398 1399 1400 1401 1402 1403 1404 1405 1406 1407 1408 1409]] [94 [1410 1411 1412 1413 1414 1415 1416 1417 1418 1419 1420 1421 1422 1423 1424]] [95 [1425 1427 1428 1429 1431 1432 1434 1437 1438 1439]] [96 [1440 1441 1442 1443 1444 1445 1446 1447 1448 1449 1450 1451 1452 1453 1454]] [97 [1455 1456 1457 1458 1459 1460 1461 1462 1463 1464 1465 1466 1467 1468 1469]] [98 [1470 1471 1472 1473 1474 1475 1476 1477 1478 1479 1480 1484]] [99 [1485 1486 1487 1488 1489 1490 1491 1492 1493 1494 1495 1496 1497 1498 1499]]]","[[0 [1 2 4 8 9 11 13]] [1 [16 18 20 21 24 25 27 28]] [2 [30 31 32 34 36 37 44]] [3 [45 50 52]] [4 [62 64 66 67 70 71 72]] [5 [75 79 80 81 82 83 85]] [6 [91 94 95 96 97 101 104]] [7 [105 106 108 109 111 112 117 119]] [8 [120 121 125 127 131 132 134]] [9 [136 137 138 139 142]] [10 [152 153 155 159 160 161 162 163 164]] [11 [167 169 173 175 176 179]] [12 [180 181 183 185 187 192 193]] [13 [195 197 199 200 202 203 205 209]] [14 [212 214 217 218 220 222 223]] [15 [225 227 228 232 235 236 238]] [16 [240 241 242 243 245 246 247 253 254]] [17 [255 256 257 258 260 261 262 264 265 268 269]] [18 [270 272 273 275 276 277 280 281]] [19 [285 287 288 289 291 292 293 295 296 297 298]] [20 [300 301 302 307 308 309 310 311]] [21 [317 319 320 325 327 329]] [22 [330 331 334 337 338 340 341 344]] [23 [345 347 348 349 351 354 357 358]] [24 [362 366 367 368 369 371 374]] [25 [376 379 380 383 385 386]] [26 [391 392 393 394 395 396 397 400 402 404]] [27 [407 409 410 412 413 418]] [28 [423 424 425 426 427 428 429 431 432 434]] [29 [435 436 437 442 444 447 448 449]] [30 [451 452 453 456 459 461 462]] [31 [467 468 469 470 474 475 479]] [32 [480 482 483 484 485 486 487 492]] [33 [496 497 498 501 504 505]] [34 [510 511 512 513 517 518 519 521]] [35 [525 528 529 530 535 536 537]] [36 [540 541 546 550 551]] [37 [555 556 557 558 562 563 567 568 569]] [38 [571 572 574 576 578 579 583]] [39 [589 591 593 596 598]] [40 [601 603 605 607 609 612 614]] [41 [616 617 618 619 621 622 624 626 628 629]] [42 [632 634 637 643 644]] [43 [646 647 648 650 652 653 657]] [44 [660 663 668 673 674]] [45 [675 676 677 681 683 686 687 688]] [46 [690 691 693 696 698 699 700 704]] [47 [706 708 712 715 716 717 718 719]] [48 [721 723 727 728 731 732 734]] [49 [735 736 739 747 748 749]] [50 [751 752 753 755 760 761 762 763]] [51 [765 768 773 774 775 778 779]] [52 [784 785 786 787 789 790 792]] [53 [798 802 803 806 807 808 809]] [54 [810 811 813 816 817 819 822 824]] [55 [828 829 830 834 835]] [56 [841 842 843 844 847 848 850 851 852]] [57 [856 857 858 861 862 864 868]] [58 [873 876 878 879 881 883 884]] [59 [885 886 888 889 892 896 898]] [60 [900 908 909 910 911 912]] [61 [915 916 917 918 919 922 923 925 927 929]] [62 [930 931 935 936 938 939 941]] [63 [948 949 954 955 958 959]] [64 [960 961 963 964 968 969 971 972]] [65 [976 978 980 981 982 983 984 986 988 989]] [66 [991 992 994 995 996 997 1002 1003 1004]] [67 [1007 1008 1011 1013 1017 1019]] [68 [1020 1022 1024 1025 1028 1032 1034]] [69 [1036 1037 1042 1043 1044 1047 1049]] [70 [1050 1052 1054 1056 1058 1060 1063]] [71 [1065 1067 1068 1070 1071 1073 1076 1077]] [72 [1080 1081 1083 1084 1086 1087 1088 1093]] [73 [1095 1098 1099 1100 1101 1103 1107 1109]] [74 [1110 1112 1117 1118 1119 1120 1122 1124]] [75 [1127 1128 1129 1135 1137 1139]] [76 [1140 1143 1144 1145 1148 1153 1154]] [77 [1155 1157 1160 1166 1167 1168 1169]] [78 [1170 1171 1172 1173 1175 1176 1177 1178 1179 1180 1182 1184]] [79 [1185 1186 1189 1190 1191 1192 1197 1199]] [80 [1200 1203 1204 1205 1206 1207 1212 1213]] [81 [1215 1216 1217 1221 1223 1224 1228]] [82 [1230 1231 1236 1239 1244]] [83 [1245 1246 1248 1253 1254 1255 1256 1258]] [84 [1262 1263 1265 1266 1267 1269 1272 1273]] [85 [1276 1277 1280 1282 1284 1288]] [86 [1293 1294 1296 1298 1300 1303 1304]] [87 [1305 1310 1314 1316 1318 1319]] [88 [1320 1323 1325 1327 1329 1332 1334]] [89 [1337 1338 1340 1341 1344 1346 1348]] [90 [1350 1352 1353 1354 1355 1357 1359 1360 1361 1363]] [91 [1365 1368 1372 1373 1375 1379]] [92 [1382 1383 1384 1387 1391 1392 1393]] [93 [1396 1397 1398 1400 1405 1406]] [94 [1410 1412 1415 1416 1417 1421 1424]] [95 [1425 1432 1434 1437 1438]] [96 [1441 1444 1445 1446 1447 1448 1449 1451]] [97 [1458 1459 1460 1462 1463 1465 1467]] [98 [1471 1475 1476 1477 1480 1484]] [99 [1489 1495 1496 1497 1499]]]",,"[[{citizen 10} [[""A"" [1 1 2 1 1 1 2 1 0 2]]]] [{citizen 12} [[""A"" [2 1 1 3 1 2 1 1 3 5]]]] [{citizen 14} [[""A"" [4 1 2 1 1 2 1 3 4 5]]]] [{citizen 18} [[""A"" [6 5 5 5 4 4 5 5 4 1]]]] [{citizen 22} [[""A"" [1 2 4 2 1 6 5 4 1 0]]]] [{citizen 33} [[""A"" [2 0 1 1 1 1 2 1 0 2]]]] [{citizen 37} [[""A"" [2 2 1 1 0 1 4 2 1 2]]]] [{citizen 39} [[""A"" [0 1 1 1 3 1 2 1 0 2]]]] [{citizen 41} [[""A"" [4 5 0 1 1 2 2 1 1 5]]]] [{citizen 43} [[""A"" [1 2 3 1 1 2 1 5 6 5]]]] [{media 50} [[""A"" [1 1 1 1 1 1 1 1 1 1]]]] [{media 51} [[""A"" [2 2 2 2 2 2 2 2 2 2]]]] [{media 55} [[""A"" [2 2 2 2 2 2 2 2 2 2]]]] [{media 56} [[""A"" [1 1 1 1 1 1 1 1 1 1]]]] [{media 58} [[""A"" [0 0 0 0 0 0 0 0 0 0]]]] [{media 60} [[""A"" [3 3 3 3 3 3 3 3 3 3]]]] [{media 63} [[""A"" [1 1 1 1 1 1 1 1 1 1]]]] [{media 64} [[""A"" [1 1 1 1 1 1 1 1 1 1]]]] [{citizen 4} [[""A"" [1 1 1 3 4 3 1 0 2 1]]]] [{citizen 5} [[""A"" [0 1 1 0 1 1 1 1 0 2]]]] [{citizen 6} [[""A"" [1 3 1 1 1 0 1 5 3 0]]]] [{citizen 3} [[""A"" [5 6 4 3 4 5 2 1 1 5]]]] [{citizen 1} [[""A"" [1 1 0 1 4 2 1 5 1 0]]]] [{media 57} [[""A"" [5 5 5 5 5 5 5 5 5 5]]]] [{citizen 38} [[""A"" [2 1 1 1 1 3 6 5 0 2]]]] [{citizen 0} [[""A"" [2 1 0 1 0 1 2 1 0 2]]]] [{citizen 17} [[""A"" [3 4 0 1 1 2 1 1 1 3]]]] [{citizen 29} [[""A"" [4 1 2 1 1 4 1 5 1 0]]]] [{citizen 31} [[""A"" [2 1 1 3 2 1 1 1 0 2]]]] [{citizen 13} [[""A"" [2 0 2 1 1 1 1 1 0 2]]]] [{citizen 25} [[""A"" [3 1 1 3 1 1 2 1 1 0]]]] [{citizen 20} [[""A"" [3 2 1 1 0 1 4 5 4 5]]]] [{citizen 8} [[""A"" [1 1 2 1 6 4 1 1 1 2]]]] [{citizen 23} [[""A"" [1 0 1 1 3 1 3 5 6 5]]]] [{citizen 16} [[""A"" [1 1 2 2 1 1 1 2 6 5]]]] [{citizen 34} [[""A"" [3 1 2 1 2 1 0 1 3 5]]]] [{citizen 42} [[""A"" [2 2 1 1 4 2 1 1 1 0]]]] [{citizen 11} [[""A"" [5 4 1 2 1 5 6 5 1 2]]]] [{media 59} [[""A"" [5 5 5 5 5 5 5 5 5 5]]]] [{citizen 45} [[""A"" [5 3 2 1 1 0 1 1 0 1]]]] [{citizen 24} [[""A"" [5 2 4 2 1 1 3 1 1 0]]]] [{citizen 28} [[""A"" [3 1 1 0 1 4 3 6 5 4]]]] [{citizen 40} [[""A"" [1 4 5 4 3 1 2 1 0 2]]]] [{citizen 21} [[""A"" [2 1 1 3 5 2 1 1 3 2]]]] [{media 61} [[""A"" [6 6 6 6 6 6 6 6 6 6]]]] [{citizen 30} [[""A"" [1 1 0 2 1 1 1 1 0 2]]]] [{media 53} [[""A"" [4 4 4 4 4 4 4 4 4 4]]]] [{citizen 27} [[""A"" [1 3 2 1 1 1 4 1 1 0]]]] [{citizen 19} [[""A"" [1 1 3 5 4 1 6 1 0 2]]]] [{media 52} [[""A"" [4 4 4 4 4 4 4 4 4 4]]]] [{citizen 44} [[""A"" [4 1 2 1 3 1 1 2 6 5]]]] [{citizen 36} [[""A"" [2 1 1 3 1 5 5 4 1 0]]]] [{citizen 49} [[""A"" [1 1 1 2 1 1 1 1 1 0]]]] [{citizen 9} [[""A"" [4 3 1 1 2 1 4 1 0 2]]]] [{citizen 2} [[""A"" [1 3 1 2 1 1 5 1 0 2]]]] [{media 54} [[""A"" [5 5 5 5 5 5 5 5 5 5]]]] [{citizen 48} [[""A"" [1 2 1 2 1 1 1 1 2 1]]]] [{citizen 15} [[""A"" [2 1 0 1 2 1 1 0 2 1]]]] [{citizen 35} [[""A"" [5 3 4 5 3 1 2 1 1 3]]]] [{media 62} [[""A"" [5 5 5 5 5 5 5 5 5 5]]]] [{citizen 32} [[""A"" [5 4 2 1 3 4 3 4 1 0]]]] [{citizen 26} [[""A"" [1 1 2 1 2 1 3 1 1 0]]]] [{citizen 46} [[""A"" [1 1 2 1 0 1 2 1 1 3]]]] [{citizen 47} [[""A"" [2 0 1 1 1 2 1 1 2 1]]]]]"
"8","[213 0 42]","183.75","-0.20048533600702212","-4.526201337927327","""circle""","""""","9.9","{breed citizens}","false","0.5","1","""up""",,"[[""ID"" 8] [""alpha"" 1] [""beta"" 1] [""malleable"" [""A""]] [""prior"" []] [""cont_tokens"" []] [""A"" 1]]","[[0 [0 1 2 3 4 5 8 9 11 13]] [1 [15 16 17 18 19 20 21 22 23 24 25 26 27 28 29]] [2 [30 31 32 33 34 35 36 37 38 39 40 41 42 43 44]] [3 [45 46 47 48 49 50 51 52 53 54 55 56 57 58]] [4 [60 61 62 63 64 65 66 67 68 69 70 71 72 73 74]] [5 [75 76 77 78 79 80 81 82 83 84 85 86 87 88 89]] [6 [90 91 92 93 94 95 96 97 98 99 100 101 102 103 104]] [7 [105 106 107 108 109 110 111 112 113 114 115 116 117 118 119]] [8 [120 121 122 123 124 125 126 127 128 129 130 131 132 133 134]] [9 [135 136 137 138 139 140 141 142 143 144 145 146 147 149]] [10 [150 151 152 153 154 155 156 158 159 160 161 162 163 164]] [11 [166 167 169 170 171 172 173 174 175 176 177 178 179]] [12 [180 181 182 183 184 185 186 187 188 189 190 191 192 193 194]] [13 [195 196 197 198 199 200 201 202 203 204 205 206 207 208 209]] [14 [210 211 212 213 214 215 216 217 218 219 220 221 222 223 224]] [15 [225 226 227 228 229 230 231 232 233 234 235 236 237 238 239]] [16 [240 241 242 243 244 245 246 247 248 249 250 251 252 253 254]] [17 [255 256 257 258 259 260 261 262 263 264 265 266 267 268 269]] [18 [270 271 272 273 274 275 276 277 278 279 280 281 282 283 284]] [19 [285 286 287 288 289 290 291 292 293 294 295 296 297 298 299]] [20 [300 301 302 303 304 305 306 307 308 309 310 311 312 313 314]] [21 [315 316 317 318 319 320 321 322 323 324 325 326 327 328 329]] [22 [330 331 332 333 334 335 336 337 338 339 340 341 342 343 344]] [23 [345 346 347 348 349 350 351 352 353 354 355 356 357 358]] [24 [360 361 362 363 364 365 366 367 368 369 370 371 372 373 374]] [25 [375 376 377 378 379 380 381 382 383 384 385 386 387 388 389]] [26 [391 392 393 394 395 396 397 398 399 400 401 402 403 404]] [27 [405 406 407 408 409 410 411 412 413 415 416 417 418 419]] [28 [420 421 422 423 424 425 426 427 428 429 430 431 432 433 434]] [29 [435 436 437 438 439 440 441 442 443 444 445 446 447 448 449]] [30 [450 451 452 453 454 455 456 457 458 459 461 462 463 464]] [31 [465 466 467 468 469 470 471 472 473 474 475 476 477 478 479]] [32 [480 481 482 483 484 485 486 487 488 489 490 491 492 493 494]] [33 [495 496 497 498 501 504 505 509]] [34 [510 511 512 513 514 515 516 517 518 519 520 521 522 523 524]] [35 [525 526 527 528 529 530 531 532 533 534 535 536 537 538 539]] [36 [540 541 542 543 544 545 546 547 548 549 550 551 552 553 554]] [37 [555 556 557 558 559 560 561 562 563 564 565 566 567 568 569]] [38 [570 571 572 573 574 575 576 577 578 579 580 581 582 583 584]] [39 [585 586 587 588 589 590 591 592 593 594 595 596 597 598 599]] [40 [600 601 602 603 604 605 606 607 608 609 610 611 612 613 614]] [41 [615 616 617 618 619 620 621 622 624 625 626 627 628 629]] [42 [630 631 632 633 634 635 636 637 638 639 640 641 642 643 644]] [43 [645 646 647 648 649 650 651 652 653 654 655 656 657 658 659]] [44 [660 661 662 663 664 665 666 667 668 669 670 671 672 673 674]] [45 [675 676 677 678 679 680 681 682 683 684 685 686 687 688 689]] [46 [690 691 692 693 694 695 696 697 698 699 700 701 702 703 704]] [47 [705 706 707 708 709 710 711 712 713 714 715 716 717 718 719]] [48 [720 721 722 723 724 725 726 727 728 729 730 731 732 734]] [49 [735 736 737 738 739 740 741 742 743 744 745 746 747 748 749]] [50 [750 751 752 753 755 757 758 759 760 761 762 763 764]] [51 [765 766 767 768 769 770 771 772 773 774 775 776 777 778 779]] [52 [780 781 782 783 784 785 786 787 788 789 790 791 792 793 794]] [53 [795 796 797 798 799 800 801 802 803 804 805 806 807 808 809]] [54 [810 811 812 813 814 815 816 817 818 819 820 821 822 824]] [55 [826 827 828 829 830 831 832 833 834 835 836 837 838 839]] [56 [840 841 842 843 844 845 846 847 848 849 850 851 852 853 854]] [57 [855 856 857 858 859 860 861 862 863 864 865 866 867 868 869]] [58 [870 871 872 873 874 875 876 877 878 879 881 882 883 884]] [59 [885 886 887 888 889 890 891 892 893 894 895 896 897 898 899]] [60 [900 901 902 903 904 905 906 907 908 909 910 911 912 913 914]] [61 [915 916 917 918 919 922 923 925 927 928 929]] [62 [930 931 934 935 936 938 939 941]] [63 [948 949 951 954 955 957 958 959]] [64 [960 961 963 964 968 969 971 972]] [65 [975 976 977 978 980 981 982 983 984 985 986 987 988 989]] [66 [990 991 992 994 995 996 997 998 999 1000 1001 1002 1003 1004]] [67 [1005 1006 1007 1008 1009 1010 1011 1012 1013 1014 1015 1016 1017 1019]] [68 [1020 1022 1024 1025 1026 1027 1028 1029 1030 1031 1032 1033 1034]] [69 [1035 1036 1037 1038 1039 1040 1041 1042 1043 1044 1045 1046 1047 1048 1049]] [70 [1050 1051 1052 1053 1054 1055 1056 1057 1058 1059 1060 1061 1062 1063 1064]] [71 [1065 1066 1067 1068 1069 1070 1071 1072 1073 1074 1075 1076 1077 1079]] [72 [1080 1081 1082 1083 1084 1086 1087 1088 1091 1093]] [73 [1095 1098 1099 1100 1101 1103 1107 1109]] [74 [1110 1111 1112 1113 1114 1115 1116 1117 1118 1119 1120 1122 1123 1124]] [75 [1125 1126 1127 1128 1129 1130 1131 1132 1133 1134 1135 1136 1137 1138 1139]] [76 [1140 1141 1142 1143 1144 1145 1146 1147 1148 1149 1150 1151 1152 1153 1154]] [77 [1155 1156 1157 1158 1159 1160 1161 1162 1163 1164 1165 1166 1167 1168 1169]] [78 [1170 1171 1172 1173 1174 1175 1176 1177 1178 1179 1180 1181 1182 1183 1184]] [79 [1185 1186 1187 1188 1189 1190 1191 1192 1193 1194 1195 1196 1197 1198 1199]] [80 [1200 1201 1202 1203 1204 1205 1206 1207 1208 1209 1210 1211 1212 1213 1214]] [81 [1215 1216 1217 1218 1219 1220 1221 1222 1223 1224 1225 1226 1227 1228 1229]] [82 [1230 1231 1232 1233 1234 1235 1236 1237 1238 1239 1240 1241 1242 1243 1244]] [83 [1245 1246 1247 1248 1249 1250 1251 1252 1253 1254 1255 1256 1257 1258 1259]] [84 [1260 1261 1262 1263 1264 1265 1266 1267 1268 1269 1270 1271 1272 1273 1274]] [85 [1275 1276 1277 1278 1279 1280 1281 1282 1283 1284 1285 1286 1287 1288]] [86 [1290 1291 1292 1293 1294 1295 1296 1297 1298 1299 1300 1301 1302 1303 1304]] [87 [1305 1306 1307 1308 1309 1310 1311 1312 1313 1314 1315 1316 1317 1318 1319]] [88 [1320 1321 1322 1323 1324 1325 1326 1327 1328 1329 1330 1331 1332 1333 1334]] [89 [1335 1336 1337 1338 1339 1340 1341 1342 1343 1344 1345 1346 1347 1348 1349]] [90 [1350 1351 1352 1353 1354 1355 1357 1359 1360 1361 1362 1363 1364]] [91 [1365 1366 1367 1368 1369 1370 1371 1372 1373 1374 1375 1376 1377 1378 1379]] [92 [1380 1381 1382 1383 1384 1385 1386 1387 1388 1389 1390 1391 1392 1393 1394]] [93 [1395 1396 1397 1398 1399 1400 1401 1402 1403 1404 1405 1406 1407 1408 1409]] [94 [1410 1411 1412 1413 1415 1416 1417 1421 1424]] [95 [1425 1427 1428 1429 1431 1432 1434 1437 1438 1439]] [96 [1440 1441 1442 1443 1444 1445 1446 1447 1448 1449 1450 1451 1452 1453 1454]] [97 [1455 1456 1457 1458 1459 1460 1461 1462 1463 1464 1465 1466 1467 1468 1469]] [98 [1470 1471 1472 1473 1474 1475 1476 1477 1478 1479 1480 1481 1482 1483 1484]] [99 [1485 1486 1487 1488 1489 1490 1491 1492 1493 1494 1495 1496 1497 1498 1499]]]","[[0 [1 2 3 4 8 9 11 13]] [1 [16 18 20 21 23 25 27 28]] [2 [30 31 32 34 36 37 43]] [3 [45 46 47 48 49 50 52 58]] [4 [62 64 66 67 70 71 72]] [5 [75 79 80 82 83 85]] [6 [91 94 95 96 97 101 104]] [7 [105 106 110 113 114 115 116 118]] [8 [122 123 124 126 128 129 130 131 132 134]] [9 [136 137 138 139 142 146 147 149]] [10 [150 151 154 156 158 163 164]] [11 [167 169 172 173 175 176 179]] [12 [180 182 183 185 187 192 193]] [13 [195 196 201 204 206 207 208]] [14 [210 211 212 214 215 217 218 220 222 223]] [15 [225 227 228 229 231 233 234 237 239]] [16 [242 243 245 246 247]] [17 [259 261 262 264 265 268 269]] [18 [270 272 273 275 276 277 280 281]] [19 [285 287 288 289 291 294 297 298]] [20 [300 301 302 304 305 306 312 313 314]] [21 [315 316 318 320 322 323 325 327 329]] [22 [330 331 334 337 338 340 341 344]] [23 [345 347 348 349 351 355 356]] [24 [360 361 363 364 365 370 373]] [25 [375 378 379 380 383 385 386]] [26 [391 392 393 394 397 400 402 404]] [27 [405 409 410 412 413 418 419]] [28 [420 421 424 425 426 427 428 429 431 432 434]] [29 [436 437 442 446]] [30 [450 454 455 457 458 464]] [31 [465 466 467 468 469 470 474 475]] [32 [480 482 483 484 486 487 492]] [33 [496 497 498 501 504 505]] [34 [510 511 512 513 517 522]] [35 [525 528 529 530 533 534 536 537]] [36 [542 544 545 546 547 550 551]] [37 [555 556 557 558 562 563 567 568 569]] [38 [571 572 574 576 580 581 582]] [39 [588 590 592 594 595 597 599]] [40 [600 604 606 608 610 611 613]] [41 [615 620 621 625 627]] [42 [630 631 632 633 635 636 638 642 643]] [43 [646 647 648 650 652 653 657]] [44 [660 662 664 665 666 667 668 669]] [45 [678 679 680 684 685 687 688]] [46 [690 691 693 696 698 699 700 704]] [47 [706 708 712 716 717 718]] [48 [721 723 725 726 729 730]] [49 [737 738 740 741 742 743 744 746 747 748 749]] [50 [752 753 755 760 761 762 763]] [51 [765 768 773 774 775 778 779]] [52 [784 785 786 787 790 792 794]] [53 [796 797 799 800 804 806 807 808 809]] [54 [810 811 813 816 817 819 822]] [55 [827 828 829 830 834 835]] [56 [841 842 843 844 849 853 854]] [57 [855 859 860 863 865 866 867]] [58 [870 871 872 874 875 877 879 881 883 884]] [59 [885 886 888 889 892 896 898]] [60 [901 902 903 904 905 906 907 913 914]] [61 [922 923 925 927 928 929]] [62 [930 931 935 936 938 939 941]] [63 [948 949 951 954 955 958 959]] [64 [960 961 963 964 968 969 971 972]] [65 [976 978 980 981 982 983 984 986 988 989]] [66 [991 992 994 998 999 1000 1001 1004]] [67 [1007 1008 1011 1013 1017 1019]] [68 [1020 1022 1024 1025 1026 1027 1028 1032 1034]] [69 [1036 1037 1042 1043 1046 1047 1049]] [70 [1050 1052 1054 1056 1058 1060 1062 1064]] [71 [1065 1067 1068 1070 1071 1073 1076 1077]] [72 [1081 1083 1084 1087 1088 1093]] [73 [1095 1098 1099 1100 1101 1103 1107 1109]] [74 [1110 1112 1116 1117 1119 1122 1124]] [75 [1130 1131 1132 1133 1134 1136 1138]] [76 [1141 1142 1146 1147 1149 1150 1151 1152]] [77 [1155 1158 1159 1161 1163 1164 1165]] [78 [1174 1176 1178 1179 1180 1182 1184]] [79 [1185 1186 1189 1194 1195 1196 1198]] [80 [1201 1202 1205 1206 1207 1212 1213]] [81 [1215 1216 1217 1221 1223 1224 1229]] [82 [1231 1232 1241 1242 1244]] [83 [1245 1246 1249 1250 1257 1259]] [84 [1260 1261 1264 1268 1269 1272 1273]] [85 [1275 1278 1279 1281 1283 1285 1286 1287]] [86 [1290 1291 1292 1293 1294 1296 1298 1300 1303 1304]] [87 [1305 1310 1314 1316 1317 1318 1319]] [88 [1320 1323 1325 1327 1329 1330 1332 1333]] [89 [1335 1336 1339 1342 1345 1347 1349]] [90 [1351 1355 1357 1359 1360 1362 1364]] [91 [1366 1367 1369 1371 1372 1373 1375 1377 1379]] [92 [1382 1384 1387 1389 1390 1394]] [93 [1395 1399 1403 1404 1407 1408]] [94 [1411 1413 1415 1416 1417 1421 1424]] [95 [1427 1428 1429 1431 1432 1434 1437 1438]] [96 [1441 1444 1445 1446 1447 1448 1449 1451]] [97 [1458 1460 1462 1463 1465 1466 1468 1469]] [98 [1470 1474 1475 1477 1480 1484]] [99 [1487 1489 1493 1495 1496 1497 1498 1499]]]",,"[[{citizen 11} [[""A"" [5 2 1 1 2 1 3 2 1 2]]]] [{citizen 13} [[""A"" [2 1 1 0 2 1 1 1 0 2]]]] [{citizen 15} [[""A"" [1 0 1 2 1 2 1 0 2 1]]]] [{citizen 23} [[""A"" [1 2 1 1 3 2 1 3 5 5]]]] [{citizen 30} [[""A"" [1 0 2 1 1 1 2 1 0 2]]]] [{citizen 32} [[""A"" [4 5 2 3 2 3 4 1 1 0]]]] [{citizen 38} [[""A"" [1 2 1 1 1 3 1 0 2 1]]]] [{media 50} [[""A"" [1 1 1 1 1 1 1 1 1 1]]]] [{media 51} [[""A"" [2 2 2 2 2 2 2 2 2 2]]]] [{media 52} [[""A"" [4 4 4 4 4 4 4 4 4 4]]]] [{media 53} [[""A"" [4 4 4 4 4 4 4 4 4 4]]]] [{media 55} [[""A"" [2 2 2 2 2 2 2 2 2 2]]]] [{media 56} [[""A"" [1 1 1 1 1 1 1 1 1 1]]]] [{media 58} [[""A"" [0 0 0 0 0 0 0 0 0 0]]]] [{media 60} [[""A"" [3 3 3 3 3 3 3 3 3 3]]]] [{media 63} [[""A"" [1 1 1 1 1 1 1 1 1 1]]]] [{media 64} [[""A"" [1 1 1 1 1 1 1 1 1 1]]]] [{citizen 4} [[""A"" [1 1 3 4 3 2 1 0 2 1]]]] [{citizen 5} [[""A"" [1 0 1 2 1 2 1 2 1 0]]]] [{citizen 1} [[""A"" [2 1 1 0 2 4 2 1 1 0]]]] [{citizen 0} [[""A"" [1 2 1 0 1 0 2 2 1 0]]]] [{citizen 3} [[""A"" [2 2 2 1 1 3 1 2 3 5]]]] [{media 57} [[""A"" [5 5 5 5 5 5 5 5 5 5]]]] [{citizen 41} [[""A"" [2 3 2 1 2 1 1 5 1 5]]]] [{citizen 17} [[""A"" [2 1 1 1 0 2 2 1 3 5]]]] [{citizen 12} [[""A"" [2 1 1 1 3 2 1 1 3 5]]]] [{citizen 29} [[""A"" [5 2 1 2 1 3 2 1 1 0]]]] [{citizen 14} [[""A"" [2 1 1 1 2 2 1 3 4 5]]]] [{citizen 31} [[""A"" [1 1 1 3 2 1 1 1 0 2]]]] [{citizen 25} [[""A"" [3 1 3 1 1 2 1 2 1 0]]]] [{citizen 20} [[""A"" [1 1 1 0 2 4 3 5 4 5]]]] [{media 59} [[""A"" [5 5 5 5 5 5 5 5 5 5]]]] [{citizen 39} [[""A"" [1 1 3 2 2 2 1 1 0 2]]]] [{citizen 45} [[""A"" [1 2 1 1 0 1 2 1 0 1]]]] [{citizen 24} [[""A"" [1 2 1 1 3 2 1 1 1 0]]]] [{citizen 28} [[""A"" [1 1 0 1 2 4 3 6 4 5]]]] [{citizen 34} [[""A"" [2 1 2 0 1 2 1 1 3 5]]]] [{citizen 16} [[""A"" [2 1 2 1 1 1 1 2 3 5]]]] [{citizen 40} [[""A"" [2 1 1 5 4 3 2 1 0 2]]]] [{citizen 6} [[""A"" [2 1 1 1 0 2 5 3 2 0]]]] [{citizen 43} [[""A"" [2 3 2 1 1 1 2 1 6 5]]]] [{citizen 10} [[""A"" [1 1 2 1 1 2 1 0 2 1]]]] [{citizen 21} [[""A"" [2 1 3 5 2 1 1 3 5 1]]]] [{citizen 7} [[""A"" [1 2 1 3 2 4 2 1 0 1]]]] [{citizen 19} [[""A"" [1 1 3 5 4 2 1 2 1 0]]]] [{citizen 2} [[""A"" [2 1 2 1 1 1 5 2 1 0]]]] [{citizen 42} [[""A"" [1 2 1 1 1 2 2 1 1 0]]]] [{media 61} [[""A"" [6 6 6 6 6 6 6 6 6 6]]]] [{citizen 27} [[""A"" [1 1 1 2 4 2 1 3 1 0]]]] [{citizen 18} [[""A"" [5 5 4 4 5 5 4 2 1 5]]]] [{citizen 36} [[""A"" [4 5 3 2 3 5 5 4 1 0]]]] [{citizen 33} [[""A"" [1 1 2 1 1 2 1 0 2 1]]]] [{citizen 22} [[""A"" [1 0 1 2 4 2 1 4 1 0]]]] [{citizen 44} [[""A"" [2 1 2 1 3 2 1 1 2 5]]]] [{media 54} [[""A"" [5 5 5 5 5 5 5 5 5 5]]]] [{citizen 48} [[""A"" [2 1 2 1 3 1 1 0 2 1]]]] [{citizen 49} [[""A"" [1 1 2 1 1 1 3 1 1 0]]]] [{media 62} [[""A"" [5 5 5 5 5 5 5 5 5 5]]]] [{citizen 9} [[""A"" [4 1 2 0 1 2 4 2 1 0]]]] [{citizen 35} [[""A"" [5 4 5 1 2 1 1 2 3 5]]]] [{citizen 37} [[""A"" [1 1 0 2 4 2 2 1 0 2]]]] [{citizen 47} [[""A"" [1 1 1 0 2 2 1 2 0 1]]]] [{citizen 46} [[""A"" [2 1 1 1 3 2 1 1 3 5]]]] [{citizen 26} [[""A"" [1 0 1 2 1 2 1 3 1 0]]]]]"
"9","[213 0 42]","198.75","-1.6369810555756399","-4.379623318023736","""circle""","""""","9.9","{breed citizens}","false","0.5","1","""up""",,"[[""ID"" 9] [""alpha"" 1] [""beta"" 1] [""malleable"" [""A""]] [""prior"" []] [""cont_tokens"" []] [""A"" 1]]","[[0 [0 1 2 3 4 5 8 9 11 13]] [1 [16 18 20 21 22 23 24 25 27 28]] [2 [30 31 32 33 34 35 36 37 38 39 40 41 42 43 44]] [3 [45 46 47 48 49 50 51 52 53 54 55 56 57 58]] [4 [60 61 62 63 64 65 66 67 68 69 70 71 72 73 74]] [5 [75 76 77 78 79 80 81 82 83 84 85 86 87 88 89]] [6 [90 91 92 93 94 95 96 97 98 99 100 101 102 103 104]] [7 [105 106 107 108 109 110 111 112 113 114 115 116 117 118 119]] [8 [120 121 122 123 124 125 126 127 128 129 130 131 132 134]] [9 [136 137 138 139 142 145 146 147 149]] [10 [150 151 152 153 154 155 156 158 159 160 161 162 163 164]] [11 [166 167 169 170 171 172 173 174 175 176 177 178 179]] [12 [180 181 182 183 184 185 186 187 188 189 190 191 192 193 194]] [13 [195 196 197 198 199 200 201 202 203 204 205 206 207 208 209]] [14 [210 211 212 213 214 215 216 217 218 219 220 221 222 223 224]] [15 [225 226 227 228 229 230 231 232 233 234 235 236 237 238 239]] [16 [240 241 242 243 244 245 246 247 248 249 250 251 252 253 254]] [17 [255 256 257 258 259 260 261 262 263 264 265 266 267 268 269]] [18 [270 272 273 274 275 276 277 278 279 280 281 282 283 284]] [19 [285 286 287 288 289 290 291 292 293 294 295 296 297 298 299]] [20 [300 301 302 303 304 305 306 307 308 309 310 311 312 313 314]] [21 [315 316 317 318 319 320 321 322 323 324 325 326 327 328 329]] [22 [330 331 332 333 334 335 336 337 338 339 340 341 342 343 344]] [23 [345 346 347 348 349 350 351 352 353 354 355 356 357 358]] [24 [360 361 362 366 367 368 369 371 374]] [25 [375 376 377 378 379 380 381 382 383 384 385 386 387 388 389]] [26 [390 391 392 393 394 395 396 397 398 399 400 401 402 403 404]] [27 [405 406 407 408 409 410 411 412 413 415 416 417 418 419]] [28 [420 421 422 423 424 425 426 427 428 429 430 431 432 433 434]] [29 [435 436 437 438 439 440 441 442 443 444 445 446 447 448 449]] [30 [450 451 452 453 454 455 456 457 458 459 460 461 462 463 464]] [31 [465 466 467 468 469 470 471 472 473 474 475 476 477 478 479]] [32 [480 481 482 483 484 485 486 487 488 489 490 491 492 493 494]] [33 [495 496 497 498 499 501 502 503 504 505 506 507 508 509]] [34 [510 511 512 513 514 515 516 517 518 519 520 521 522 523 524]] [35 [525 526 527 528 529 530 531 532 533 534 535 536 537 538 539]] [36 [540 541 542 543 544 545 546 547 548 549 550 551 552 553 554]] [37 [555 556 557 558 559 560 561 562 563 564 565 566 567 568 569]] [38 [570 571 572 573 574 575 576 577 578 579 580 581 582 583 584]] [39 [585 586 587 588 589 590 591 592 593 594 595 596 597 598 599]] [40 [600 601 602 603 604 605 606 607 608 609 610 611 612 613 614]] [41 [615 616 617 618 619 620 621 622 624 625 626 627 628 629]] [42 [630 631 632 633 634 635 636 637 638 639 640 641 642 643 644]] [43 [645 646 647 648 649 650 651 652 653 654 655 656 657 658 659]] [44 [660 661 662 663 664 665 666 667 668 669 670 671 672 673 674]] [45 [675 676 677 678 679 680 681 682 683 684 685 686 687 688 689]] [46 [690 691 692 693 694 695 696 697 698 699 700 701 702 703 704]] [47 [705 706 707 708 709 710 711 712 713 714 715 716 717 718 719]] [48 [720 721 722 723 724 725 726 727 728 729 730 731 732 734]] [49 [735 736 737 738 739 740 741 742 743 744 745 746 747 748 749]] [50 [750 751 752 753 755 757 758 759 760 761 762 763 764]] [51 [765 766 767 768 769 770 771 772 773 774 775 776 777 778 779]] [52 [780 781 782 783 784 785 786 787 788 789 790 791 792 793 794]] [53 [795 796 797 798 799 800 801 802 803 804 805 806 807 808 809]] [54 [810 811 812 813 814 815 816 817 818 819 820 821 822 824]] [55 [826 827 828 829 830 831 832 833 834 835 836 837 838 839]] [56 [840 841 842 843 844 845 846 847 848 849 850 851 852 853 854]] [57 [855 856 857 858 859 860 861 862 863 864 865 866 867 868 869]] [58 [870 871 872 873 874 875 876 877 878 879 880 881 882 883 884]] [59 [885 886 887 888 889 890 891 892 893 894 895 896 897 898 899]] [60 [900 901 902 903 904 905 906 907 908 909 910 911 912 913 914]] [61 [915 916 917 918 919 922 923 925 927 928 929]] [62 [930 931 934 935 936 938 939 941]] [63 [948 949 951 954 955 957 958 959]] [64 [960 961 963 964 968 969 971 972]] [65 [975 976 977 978 980 981 982 983 984 985 986 987 988 989]] [66 [990 991 992 994 995 996 997 998 999 1000 1001 1002 1003 1004]] [67 [1005 1006 1007 1008 1009 1010 1011 1012 1013 1014 1015 1016 1017 1018 1019]] [68 [1020 1022 1024 1025 1026 1027 1028 1029 1030 1031 1032 1033 1034]] [69 [1035 1036 1037 1038 1039 1040 1041 1042 1043 1044 1045 1046 1047 1048 1049]] [70 [1050 1051 1052 1053 1054 1055 1056 1057 1058 1059 1060 1061 1062 1063 1064]] [71 [1065 1066 1067 1068 1069 1070 1071 1072 1073 1074 1075 1076 1077 1079]] [72 [1080 1081 1082 1083 1084 1086 1087 1088 1091 1093]] [73 [1095 1098 1099 1100 1101 1103 1107 1109]] [74 [1110 1111 1112 1113 1114 1115 1116 1117 1118 1119 1120 1122 1123 1124]] [75 [1125 1126 1127 1128 1129 1130 1131 1132 1133 1134 1135 1136 1137 1138 1139]] [76 [1140 1141 1142 1143 1144 1145 1146 1147 1148 1149 1150 1151 1152 1153 1154]] [77 [1155 1156 1157 1158 1159 1160 1161 1162 1163 1164 1165 1166 1167 1168 1169]] [78 [1170 1171 1172 1173 1174 1175 1176 1177 1178 1179 1180 1181 1182 1183 1184]] [79 [1185 1186 1187 1188 1189 1190 1191 1192 1193 1194 1195 1196 1197 1198 1199]] [80 [1200 1201 1202 1203 1204 1205 1206 1207 1208 1209 1210 1211 1212 1213 1214]] [81 [1215 1216 1217 1218 1219 1220 1221 1222 1223 1224 1225 1226 1227 1228 1229]] [82 [1230 1231 1232 1233 1234 1235 1236 1237 1238 1239 1240 1241 1242 1243 1244]] [83 [1245 1246 1247 1248 1249 1250 1251 1252 1253 1254 1255 1256 1257 1258 1259]] [84 [1260 1261 1262 1263 1264 1265 1266 1267 1268 1269 1270 1271 1272 1273]] [85 [1275 1276 1277 1278 1279 1280 1281 1282 1283 1284 1285 1286 1287 1288]] [86 [1290 1291 1292 1293 1294 1295 1296 1297 1298 1299 1300 1301 1302 1303 1304]] [87 [1305 1306 1307 1308 1309 1310 1311 1312 1313 1314 1315 1316 1317 1318 1319]] [88 [1320 1321 1322 1323 1324 1325 1326 1327 1328 1329 1330 1331 1332 1333 1334]] [89 [1335 1336 1337 1338 1339 1340 1341 1342 1343 1344 1345 1346 1347 1348 1349]] [90 [1350 1351 1352 1353 1354 1355 1356 1357 1358 1359 1360 1361 1362 1363 1364]] [91 [1365 1366 1367 1368 1369 1370 1371 1372 1373 1374 1375 1376 1377 1378 1379]] [92 [1380 1381 1382 1383 1384 1385 1386 1387 1388 1389 1390 1391 1392 1393 1394]] [93 [1395 1396 1397 1398 1399 1400 1401 1402 1403 1404 1405 1406 1407 1408 1409]] [94 [1410 1411 1412 1413 1415 1416 1417 1421 1424]] [95 [1425 1427 1428 1429 1431 1432 1434 1437 1438 1439]] [96 [1440 1441 1442 1443 1444 1445 1446 1447 1448 1449 1450 1451 1452 1453 1454]] [97 [1455 1456 1457 1458 1459 1460 1461 1462 1463 1464 1465 1466 1467 1468 1469]] [98 [1470 1471 1472 1473 1474 1475 1476 1477 1478 1479 1480 1484]] [99 [1485 1486 1487 1488 1489 1490 1491 1492 1493 1494 1495 1496 1497 1498 1499]]]","[[0 [1 2 4 8 9 11 13]] [1 [16 18 20 21 24 25 27 28]] [2 [30 31 32 34 36 37 44]] [3 [51 53 54 55 56 57]] [4 [60 61 63 68 69 70 71 72]] [5 [75 79 80 81 82 83 85 88 89]] [6 [90 92 93 100 102 103]] [7 [107 108 109 111 112 117 119]] [8 [120 121 125 127 131 132 134]] [9 [136 137 138 139 142 145 146 147 149]] [10 [151 154 156 158 163 164]] [11 [167 169 172 174 177 178]] [12 [182 184 186 188 189 190 191]] [13 [195 196 198 201 204 206 207 208]] [14 [210 211 212 213 214 215 217 218 220 222 223]] [15 [225 227 228 232 235 236 238]] [16 [240 241 242 243 245 246]] [17 [259 262 264 265 268 269]] [18 [270 272 273 275 276 277 280 281 284]] [19 [285 287 288 289 294 297 299]] [20 [302 307 310 311 313 314]] [21 [315 316 318 320 324 327 329]] [22 [330 331 334 337 338 340 341 344]] [23 [345 347 348 349 351 353 354 357 358]] [24 [362 366 367 368 369 371 374]] [25 [375 377 378 381 382 384 386]] [26 [391 395 396 397 402 404]] [27 [407 410 412 413 418 419]] [28 [420 421 424 425 430 433]] [29 [435 438 439 440 441 442 448 449]] [30 [451 452 453 456 459 461 462]] [31 [466 467 471 472 473 476 477 478]] [32 [481 488 489 490 491 493 494]] [33 [502 503 506 507 508 509]] [34 [510 511 512 513 517 519 521]] [35 [525 528 529 530 533 534 536 537]] [36 [542 544 545 546 547 550 551]] [37 [555 556 557 558 561 565 566]] [38 [570 571 574 576 580 581 582]] [39 [587 588 590 592 594 595 597 599]] [40 [600 604 606 608 610 611 613]] [41 [615 620 621 625 627]] [42 [630 631 632 633 636 639 640 641 642 643 644]] [43 [646 647 648 652 653 657]] [44 [660 663 668 669]] [45 [678 679 680 684 685 687 688]] [46 [690 692 694 697 701 702 703]] [47 [705 707 709 710 713 714 718 719]] [48 [721 723 727 728 731 732 734]] [49 [735 736 739 747 748 749]] [50 [751 752 753 755 757 758 759 764]] [51 [766 768 773 774 775 778 779]] [52 [784 785 786 789 790 792 794]] [53 [795 796 797 799 800 805 808 809]] [54 [810 811 813 816 817 819 822 824]] [55 [828 829 830 834 835]] [56 [841 842 843 844 849 850 851 852]] [57 [856 857 858 861 862 864 868]] [58 [873 876 878 879 882 884]] [59 [887 890 891 893 894 895 897 899]] [60 [903 904 905 906 907 913 914]] [61 [922 923 925 927 928 929]] [62 [930 931 935 936 938 939 941]] [63 [948 949 954 955 958 959]] [64 [960 961 963 964 968 971 972]] [65 [976 978 980 981 982 983 984 986 988 989]] [66 [991 992 994 995 1000 1001]] [67 [1005 1006 1009 1010 1011 1013 1017 1019]] [68 [1020 1022 1024 1025 1028 1032 1034]] [69 [1036 1037 1042 1043 1044 1047 1049]] [70 [1050 1052 1053 1055 1057 1059 1060 1062 1064]] [71 [1065 1067 1068 1070 1071 1073 1076 1077]] [72 [1080 1081 1082 1084 1086 1087 1088 1093]] [73 [1095 1098 1099 1100 1101 1103 1107 1109]] [74 [1110 1116 1117 1120 1122 1124]] [75 [1127 1128 1129 1135 1137 1139]] [76 [1140 1141 1142 1146 1147 1149 1152]] [77 [1156 1158 1159 1161 1163 1164 1165]] [78 [1174 1176 1178 1179 1180 1182 1184]] [79 [1185 1186 1189 1190 1191 1197 1199]] [80 [1200 1203 1204 1206 1207 1212 1213]] [81 [1215 1216 1217 1221 1223 1224 1228 1229]] [82 [1233 1234 1235 1236 1239 1240 1243]] [83 [1247 1248 1251 1253 1254 1258]] [84 [1262 1263 1265 1266 1267 1270 1271 1273]] [85 [1275 1278 1279 1281 1283 1285 1287]] [86 [1290 1291 1292 1293 1296 1298 1300 1303 1304]] [87 [1305 1306 1308 1309 1311 1313 1315]] [88 [1321 1322 1324 1326 1328 1330 1332 1333]] [89 [1335 1336 1339 1343 1344 1346 1348]] [90 [1350 1352 1353 1354 1355 1357 1359 1360 1364]] [91 [1366 1367 1369 1371 1374 1376 1378]] [92 [1380 1381 1385 1386 1388 1389 1390 1391 1392 1393]] [93 [1396 1397 1398 1400 1402 1403 1404 1407 1408]] [94 [1411 1413 1415 1416 1417 1421 1424]] [95 [1427 1428 1429 1431 1432 1434 1437 1438]] [96 [1441 1444 1445 1446 1447 1448 1449 1451]] [97 [1458 1460 1462 1463 1465 1467]] [98 [1472 1473 1476 1477 1480 1484]] [99 [1489 1493 1495 1496 1497 1498 1499]]]",,"[[{citizen 32} [[""A"" [4 5 1 1 3 4 2 3 1 1]]]] [{citizen 47} [[""A"" [1 2 1 1 0 2 2 1 1 1]]]] [{media 50} [[""A"" [1 1 1 1 1 1 1 1 1 1]]]] [{media 51} [[""A"" [2 2 2 2 2 2 2 2 2 2]]]] [{media 55} [[""A"" [2 2 2 2 2 2 2 2 2 2]]]] [{media 56} [[""A"" [1 1 1 1 1 1 1 1 1 1]]]] [{media 58} [[""A"" [0 0 0 0 0 0 0 0 0 0]]]] [{media 63} [[""A"" [1 1 1 1 1 1 1 1 1 1]]]] [{media 64} [[""A"" [1 1 1 1 1 1 1 1 1 1]]]] [{media 53} [[""A"" [4 4 4 4 4 4 4 4 4 4]]]] [{citizen 0} [[""A"" [1 1 0 1 0 2 2 1 0 1]]]] [{citizen 4} [[""A"" [1 1 3 4 4 3 1 0 2 1]]]] [{citizen 5} [[""A"" [0 1 1 0 1 1 2 1 1 1]]]] [{citizen 6} [[""A"" [1 2 1 1 1 0 2 5 3 1]]]] [{media 60} [[""A"" [3 3 3 3 3 3 3 3 3 3]]]] [{citizen 1} [[""A"" [1 1 0 2 4 2 1 3 1 0]]]] [{media 52} [[""A"" [4 4 4 4 4 4 4 4 4 4]]]] [{citizen 3} [[""A"" [2 1 2 1 3 1 2 1 3 5]]]] [{citizen 41} [[""A"" [1 1 3 2 1 2 1 5 1 5]]]] [{citizen 17} [[""A"" [1 2 1 2 1 1 0 2 1 3]]]] [{citizen 12} [[""A"" [2 1 1 1 3 2 1 1 3 5]]]] [{citizen 29} [[""A"" [1 1 1 6 2 1 3 2 1 1]]]] [{citizen 14} [[""A"" [1 2 1 1 1 2 2 1 3 5]]]] [{citizen 31} [[""A"" [1 1 3 4 2 1 1 1 2 1]]]] [{citizen 13} [[""A"" [0 2 2 1 0 2 1 1 2 1]]]] [{citizen 25} [[""A"" [3 1 1 3 1 3 1 2 1 1]]]] [{citizen 20} [[""A"" [2 1 1 0 2 4 3 5 4 5]]]] [{citizen 8} [[""A"" [1 6 4 2 1 3 1 1 2 1]]]] [{citizen 23} [[""A"" [1 2 1 1 3 4 2 1 3 5]]]] [{citizen 16} [[""A"" [2 1 1 1 3 1 2 1 3 5]]]] [{citizen 34} [[""A"" [1 1 3 1 2 1 0 1 2 3]]]] [{citizen 42} [[""A"" [2 1 1 4 2 1 1 2 1 1]]]] [{citizen 11} [[""A"" [4 2 1 2 1 3 5 1 2 1]]]] [{citizen 33} [[""A"" [2 1 1 1 2 2 1 1 2 1]]]] [{citizen 7} [[""A"" [1 1 3 4 2 2 1 1 1 1]]]] [{citizen 15} [[""A"" [1 1 0 1 2 1 1 1 2 1]]]] [{citizen 36} [[""A"" [5 4 5 3 1 1 3 5 5 5]]]] [{citizen 45} [[""A"" [5 3 2 1 1 1 0 2 0 1]]]] [{citizen 24} [[""A"" [1 2 1 3 4 2 1 1 1 1]]]] [{citizen 28} [[""A"" [1 3 1 2 1 1 0 1 3 6]]]] [{citizen 40} [[""A"" [3 4 5 4 3 1 2 0 2 1]]]] [{citizen 43} [[""A"" [1 3 1 1 3 1 2 1 3 5]]]] [{citizen 27} [[""A"" [1 1 3 1 4 2 1 3 1 1]]]] [{citizen 18} [[""A"" [5 5 4 4 5 6 5 4 2 1]]]] [{citizen 19} [[""A"" [1 3 5 4 4 2 1 3 5 1]]]] [{citizen 2} [[""A"" [2 1 2 1 1 3 5 1 0 1]]]] [{citizen 10} [[""A"" [3 1 2 1 2 1 1 1 2 1]]]] [{citizen 44} [[""A"" [4 2 1 2 1 3 2 1 2 3]]]] [{citizen 22} [[""A"" [0 1 2 4 2 1 3 5 1 1]]]] [{citizen 21} [[""A"" [1 1 3 5 4 2 1 1 3 1]]]] [{citizen 49} [[""A"" [1 1 1 2 1 1 3 1 1 1]]]] [{media 54} [[""A"" [5 5 5 5 5 5 5 5 5 5]]]] [{citizen 48} [[""A"" [0 1 2 2 1 3 1 1 2 1]]]] [{citizen 30} [[""A"" [2 1 1 0 2 1 1 1 2 1]]]] [{citizen 39} [[""A"" [1 1 1 3 2 2 1 1 2 1]]]] [{citizen 35} [[""A"" [4 5 3 1 2 1 1 1 1 3]]]] [{citizen 38} [[""A"" [3 1 1 1 3 5 1 0 2 1]]]] [{media 61} [[""A"" [6 6 6 6 6 6 6 6 6 6]]]] [{media 59} [[""A"" [5 5 5 5 5 5 5 5 5 5]]]] [{media 57} [[""A"" [5 5 5 5 5 5 5 5 5 5]]]] [{media 62} [[""A"" [5 5 5 5 5 5 5 5 5 5]]]] [{citizen 37} [[""A"" [1 1 0 2 4 2 1 1 2 1]]]] [{citizen 26} [[""A"" [0 1 2 2 1 3 1 1 0 1]]]] [{citizen 46} [[""A"" [0 2 1 2 1 1 1 3 1 3]]]]]"
"10","[213 0 42]","213.75","-2.4268305299797843","-3.3092130296324087","""circle""","""""","9.9","{breed citizens}","false","0.5","1","""up""",,"[[""ID"" 10] [""alpha"" 1] [""beta"" 1] [""malleable"" [""A""]] [""prior"" []] [""cont_tokens"" []] [""A"" 1]]","[[0 [0 1 2 3 4 5 8 9 11 13]] [1 [16 18 20 21 22 23 24 25 27 28]] [2 [30 31 32 33 34 35 36 37 38 39 40 41 42 43 44]] [3 [45 46 47 48 49 50 51 52 53 54 55 56 57 58]] [4 [60 61 62 63 64 65 66 67 68 69 70 71 72 73 74]] [5 [75 76 77 78 79 80 81 82 83 84 85 86 87 88 89]] [6 [90 91 92 93 94 95 96 97 98 99 100 101 102 103 104]] [7 [105 106 107 108 109 110 111 112 113 114 115 116 117 118 119]] [8 [120 121 122 123 124 125 126 127 128 129 130 131 132 134]] [9 [136 137 138 139 142 145 146 147 149]] [10 [150 151 152 153 154 155 156 158 159 160 161 162 163 164]] [11 [166 167 169 170 171 172 173 174 175 176 177 178 179]] [12 [180 181 182 183 184 185 186 187 188 189 190 191 192 193 194]] [13 [195 196 197 198 199 200 201 202 203 204 205 206 207 208 209]] [14 [210 211 212 213 214 215 216 217 218 219 220 221 222 223 224]] [15 [225 226 227 228 229 230 231 232 233 234 235 236 237 238 239]] [16 [240 241 242 243 244 245 246 247 248 249 250 251 252 253 254]] [17 [255 256 257 258 259 260 261 262 263 264 265 266 267 268 269]] [18 [270 271 272 273 274 275 276 277 278 279 280 281 282 283 284]] [19 [285 286 287 288 289 290 291 292 293 294 295 296 297 298 299]] [20 [300 301 302 303 304 305 306 307 308 309 310 311 312 313 314]] [21 [315 316 317 318 319 320 321 322 323 324 325 326 327 328 329]] [22 [330 331 332 333 334 335 336 337 338 339 340 341 343 344]] [23 [345 346 347 348 349 350 351 352 353 354 355 356 357 358 359]] [24 [360 361 362 363 364 365 366 367 368 369 370 371 372 373 374]] [25 [375 376 377 378 379 380 381 382 383 384 385 386 387 388 389]] [26 [390 391 392 393 394 395 396 397 398 399 400 401 402 403 404]] [27 [405 406 407 408 409 410 411 412 413 414 415 416 417 418 419]] [28 [420 421 422 423 424 425 426 427 428 429 430 431 432 433 434]] [29 [435 436 437 438 439 440 441 442 443 444 445 446 447 448 449]] [30 [450 451 452 453 454 455 456 457 458 459 460 461 462 463 464]] [31 [465 466 467 468 469 470 471 472 473 474 475 476 477 478 479]] [32 [480 481 482 483 484 485 486 487 488 489 490 491 492 493 494]] [33 [495 496 497 498 499 501 502 503 504 505 506 507 508 509]] [34 [510 511 512 513 514 515 516 517 518 519 520 521 522 523 524]] [35 [525 526 527 528 529 530 531 532 533 534 535 536 537 538 539]] [36 [540 541 542 543 544 545 546 547 548 549 550 551 552 553 554]] [37 [555 556 557 558 559 560 561 562 563 564 565 566 567 568 569]] [38 [570 571 572 573 574 575 576 577 578 579 580 581 582 583 584]] [39 [585 586 587 588 589 590 591 592 593 594 595 596 597 598 599]] [40 [600 601 602 603 604 605 606 607 608 609 610 611 612 613 614]] [41 [615 616 617 618 619 620 621 622 623 624 625 626 627 628 629]] [42 [630 631 632 633 634 635 636 637 638 639 640 641 642 643 644]] [43 [645 646 647 648 649 650 651 652 653 654 655 656 657 658 659]] [44 [660 661 662 663 664 665 666 667 668 669 670 671 672 673 674]] [45 [675 676 677 678 679 680 681 682 683 684 685 686 687 688 689]] [46 [690 691 692 693 694 695 696 697 698 699 700 701 702 703 704]] [47 [705 706 707 708 709 710 711 712 713 714 715 716 717 718 719]] [48 [720 721 722 723 724 725 726 727 728 729 730 731 732 734]] [49 [735 736 737 738 739 740 741 742 743 744 745 746 747 748 749]] [50 [750 751 752 753 755 757 758 759 760 761 762 763 764]] [51 [765 766 767 768 769 770 771 772 773 774 775 776 777 778 779]] [52 [780 781 782 783 784 785 786 787 788 789 790 791 792 793 794]] [53 [795 796 797 798 799 800 801 802 803 804 805 806 807 808 809]] [54 [810 811 812 813 814 815 816 817 818 819 820 821 822 824]] [55 [826 827 828 829 830 831 832 833 834 835 836 837 838 839]] [56 [840 841 842 843 844 845 846 847 848 849 850 851 852 853 854]] [57 [855 856 857 858 859 860 861 862 863 864 865 866 867 868 869]] [58 [870 871 872 873 874 875 876 877 878 879 881 882 883 884]] [59 [885 886 887 888 889 890 891 892 893 894 895 896 897 898 899]] [60 [900 901 902 903 904 905 906 907 908 909 910 911 912 913 914]] [61 [915 916 917 918 919 920 921 922 923 924 925 926 927 928 929]] [62 [930 931 934 935 936 938 939 941]] [63 [948 949 951 954 955 957 958 959]] [64 [960 961 963 964 968 969 971 972]] [65 [975 976 977 978 980 981 982 983 984 985 986 987 988 989]] [66 [990 991 992 994 995 996 997 998 999 1000 1001 1002 1003 1004]] [67 [1005 1006 1007 1008 1009 1010 1011 1012 1013 1014 1015 1016 1017 1019]] [68 [1020 1022 1024 1025 1026 1027 1028 1029 1030 1031 1032 1033 1034]] [69 [1035 1036 1037 1038 1039 1040 1041 1042 1043 1044 1045 1046 1047 1048 1049]] [70 [1050 1051 1052 1053 1054 1055 1056 1057 1058 1059 1060 1061 1062 1063 1064]] [71 [1065 1066 1067 1068 1069 1070 1071 1072 1073 1074 1075 1076 1077 1079]] [72 [1080 1081 1082 1083 1084 1086 1087 1088 1091 1093]] [73 [1095 1098 1099 1100 1101 1103 1107 1109]] [74 [1110 1111 1112 1113 1114 1115 1116 1117 1118 1119 1120 1122 1123 1124]] [75 [1125 1126 1127 1128 1129 1130 1131 1132 1133 1134 1135 1136 1137 1138 1139]] [76 [1140 1141 1142 1143 1144 1145 1146 1147 1148 1149 1150 1151 1152 1153 1154]] [77 [1155 1156 1157 1158 1159 1160 1161 1162 1163 1164 1165 1166 1167 1168 1169]] [78 [1170 1171 1172 1173 1174 1175 1176 1177 1178 1179 1180 1181 1182 1183 1184]] [79 [1185 1186 1187 1188 1189 1190 1191 1192 1193 1194 1195 1196 1197 1198 1199]] [80 [1200 1201 1202 1203 1204 1205 1206 1207 1208 1209 1210 1211 1212 1213 1214]] [81 [1215 1216 1217 1218 1219 1220 1221 1222 1223 1224 1225 1226 1227 1228 1229]] [82 [1230 1231 1232 1233 1234 1235 1236 1237 1238 1239 1240 1241 1242 1243 1244]] [83 [1245 1246 1247 1248 1249 1250 1251 1252 1253 1254 1255 1256 1257 1258 1259]] [84 [1260 1261 1262 1263 1264 1265 1266 1267 1268 1269 1270 1271 1272 1273 1274]] [85 [1275 1276 1277 1278 1279 1280 1281 1282 1283 1284 1285 1286 1287 1288]] [86 [1290 1291 1292 1293 1294 1295 1296 1297 1298 1299 1300 1301 1302 1303 1304]] [87 [1305 1306 1307 1308 1309 1310 1311 1312 1313 1314 1315 1316 1317 1318 1319]] [88 [1320 1321 1322 1323 1324 1325 1326 1327 1328 1329 1330 1331 1332 1333 1334]] [89 [1335 1336 1337 1338 1339 1340 1341 1342 1343 1344 1345 1346 1347 1348 1349]] [90 [1350 1351 1352 1353 1354 1355 1356 1357 1358 1359 1360 1361 1362 1363 1364]] [91 [1365 1366 1367 1368 1369 1370 1371 1372 1373 1374 1375 1376 1377 1378 1379]] [92 [1380 1381 1382 1383 1384 1385 1386 1387 1388 1389 1390 1391 1392 1393 1394]] [93 [1395 1396 1397 1398 1399 1400 1401 1402 1403 1404 1405 1406 1407 1408 1409]] [94 [1410 1411 1412 1413 1415 1416 1417 1421 1424]] [95 [1425 1427 1428 1429 1431 1432 1434 1437 1438 1439]] [96 [1440 1441 1442 1443 1444 1445 1446 1447 1448 1449 1450 1451 1452 1453 1454]] [97 [1455 1456 1457 1458 1459 1460 1461 1462 1463 1464 1465 1466 1467 1468 1469]] [98 [1470 1471 1472 1473 1474 1475 1476 1477 1478 1479 1480 1484]] [99 [1485 1486 1487 1488 1489 1490 1491 1492 1493 1494 1495 1496 1497 1498 1499]]]","[[0 [1 2 4 8 9 11 13]] [1 [16 18 21 23 25 27 28]] [2 [30 31 32 34 36 37 43]] [3 [45 46 47 48 49 50 52 58]] [4 [61 63 68 69 70 71 72]] [5 [75 79 80 81 82 83 85 88 89]] [6 [90 92 93 98 99 102 103]] [7 [107 108 109 111 112 117]] [8 [120 121 125 127 130 131 132 134]] [9 [136 137 138 139 142 146 149]] [10 [150 151 154 156 158 163 164]] [11 [167 169 173 175 176 179]] [12 [180 181 183 185 187 192 193]] [13 [195 196 201 204 206 207 208]] [14 [210 211 212 213 214 215 217 218 220 222 223]] [15 [225 228 229 230 231 233 234 237 239]] [16 [244 248 249 250 251 252 254]] [17 [255 256 257 258 260 261 262 264 265 268 269]] [18 [270 272 273 275 276 277 280 281]] [19 [285 287 288 289 291 294 297 298]] [20 [300 301 302 307 310 311 313 314]] [21 [315 316 318 320 322 323 326 328]] [22 [332 333 335 336 339 340]] [23 [345 347 348 349 351 355 356]] [24 [360 361 362 366 367 368 369 371 374]] [25 [375 378 381 382 384 385 388 389]] [26 [390 393 394 398 399 401 403]] [27 [405 409 410 412 413 418]] [28 [420 421 422 423 424 425 430 433]] [29 [435 438 439 440 441 442 444 447 448 449]] [30 [451 452 453 456 459 461 462]] [31 [467 471 472 473 477 478]] [32 [481 484 486 487 492]] [33 [495 496 497 498 501 504 505]] [34 [510 511 512 513 523 524]] [35 [526 527 531 532 533 534 537]] [36 [540 541 543 548 549 552 553 554]] [37 [559 560 563 567 568 569]] [38 [571 572 574 576 580 581 582]] [39 [588 590 595 597 599]] [40 [600 604 606 608 609 612 614]] [41 [616 617 618 619 620 621 625 627]] [42 [630 631 632 633 635 636 639 640 641 642]] [43 [645 651 654 656 658 659]] [44 [661 662 664 665 666 667 669]] [45 [678 679 680 684 685 687 688]] [46 [691 693 695 697 701 702 703]] [47 [705 707 709 710 713 714 718 719]] [48 [721 723 725 726 729 730]] [49 [737 738 740 741 742 743 744 745 746 748 749]] [50 [752 753 755 760 761 762 763]] [51 [765 766 768 773 774 775 778 779]] [52 [780 782 783 788 791 793 794]] [53 [795 796 797 799 800 801 805 808 809]] [54 [811 813 816 817 819 822 824]] [55 [828 829 830 834 835]] [56 [841 842 843 844 849 853 854]] [57 [855 859 860 863 865 866 867]] [58 [870 871 872 874 875 877]] [59 [885 886 887 889 892 896 898]] [60 [900 908 909 910 912]] [61 [915 916 917 918 919 922 923 925 927 928 929]] [62 [930 931 934 935 936 938 939 941]] [63 [948 949 954 955 958 959]] [64 [960 961 963 964 968 971 972]] [65 [976 978 980 981 982 983 984 986 988 989]] [66 [991 992 994 995 998 999 1000 1001 1004]] [67 [1007 1008 1011 1013 1017 1019]] [68 [1020 1022 1025 1026 1027 1028 1032 1034]] [69 [1036 1037 1040 1043 1044 1046 1048]] [70 [1051 1053 1055 1057 1059 1060 1064]] [71 [1065 1067 1068 1070 1071 1073 1076 1077]] [72 [1081 1083 1084 1086 1087 1088 1093]] [73 [1095 1098 1099 1100 1101 1103 1107 1109]] [74 [1110 1112 1116 1117 1120 1122 1124]] [75 [1130 1131 1132 1133 1134 1136 1138]] [76 [1141 1144 1145 1148 1150 1151 1152]] [77 [1155 1158 1159 1161 1163 1164 1165]] [78 [1174 1175 1176 1178 1179 1180 1182 1184]] [79 [1185 1186 1193 1194 1195 1196 1198]] [80 [1201 1202 1205 1206 1207 1212 1213]] [81 [1215 1216 1217 1221 1223 1224 1228]] [82 [1230 1231 1236 1239]] [83 [1245 1246 1248 1251 1253 1254 1259]] [84 [1260 1261 1264 1268 1269 1272 1273]] [85 [1276 1277 1280 1282 1284 1286 1287]] [86 [1290 1291 1292 1293 1294 1296 1298 1300 1303 1304]] [87 [1305 1306 1308 1309 1311 1312 1313 1315]] [88 [1321 1322 1324 1326 1328 1331]] [89 [1335 1336 1339 1343 1344 1346 1348]] [90 [1350 1352 1353 1354 1355 1357 1359 1360 1362 1364]] [91 [1366 1367 1369 1371 1374 1376 1378]] [92 [1380 1381 1385 1386 1388 1389 1390 1394]] [93 [1395 1399 1403 1404 1407 1408]] [94 [1411 1413 1415 1416 1417 1421 1424]] [95 [1427 1428 1429 1431 1432 1434 1437 1438]] [96 [1441 1442 1443 1447 1448 1449 1451]] [97 [1458 1459 1460 1462 1463 1465 1467]] [98 [1471 1473 1476 1478 1479 1480 1484]] [99 [1489 1493 1495 1496 1497 1498 1499]]]",,"[[{citizen 20} [[""A"" [2 1 0 2 4 4 3 5 4 5]]]] [{citizen 35} [[""A"" [3 5 4 5 3 1 2 1 3 4]]]] [{citizen 41} [[""A"" [2 0 1 1 2 3 2 1 6 1]]]] [{citizen 44} [[""A"" [2 1 3 2 1 1 2 5 5 4]]]] [{citizen 47} [[""A"" [1 2 0 1 2 4 1 1 2 1]]]] [{media 50} [[""A"" [1 1 1 1 1 1 1 1 1 1]]]] [{media 51} [[""A"" [2 2 2 2 2 2 2 2 2 2]]]] [{media 55} [[""A"" [2 2 2 2 2 2 2 2 2 2]]]] [{media 56} [[""A"" [1 1 1 1 1 1 1 1 1 1]]]] [{media 58} [[""A"" [0 0 0 0 0 0 0 0 0 0]]]] [{media 60} [[""A"" [3 3 3 3 3 3 3 3 3 3]]]] [{media 63} [[""A"" [1 1 1 1 1 1 1 1 1 1]]]] [{media 64} [[""A"" [1 1 1 1 1 1 1 1 1 1]]]] [{media 53} [[""A"" [4 4 4 4 4 4 4 4 4 4]]]] [{citizen 0} [[""A"" [5 4 1 2 1 0 0 2 1 0]]]] [{citizen 4} [[""A"" [1 3 4 4 4 3 2 0 2 1]]]] [{citizen 5} [[""A"" [5 4 3 2 1 1 1 1 1 2]]]] [{citizen 6} [[""A"" [1 1 1 0 2 4 5 4 3 2]]]] [{citizen 7} [[""A"" [1 1 3 4 2 4 1 1 1 1]]]] [{media 52} [[""A"" [4 4 4 4 4 4 4 4 4 4]]]] [{citizen 3} [[""A"" [3 2 2 1 3 1 2 3 5 4]]]] [{citizen 1} [[""A"" [2 1 0 4 1 3 5 4 1 0]]]] [{citizen 17} [[""A"" [4 0 1 1 2 1 4 1 3 4]]]] [{citizen 12} [[""A"" [0 2 1 1 3 2 1 3 5 4]]]] [{citizen 29} [[""A"" [2 1 1 6 1 3 5 4 2 1]]]] [{citizen 14} [[""A"" [3 1 2 1 1 2 1 3 4 5]]]] [{citizen 31} [[""A"" [0 1 2 1 1 1 3 2 1 1]]]] [{citizen 13} [[""A"" [4 2 1 0 2 1 2 1 1 1]]]] [{citizen 25} [[""A"" [1 2 1 3 1 3 1 1 1 2]]]] [{citizen 8} [[""A"" [2 1 6 4 4 1 3 1 2 1]]]] [{citizen 23} [[""A"" [2 1 0 1 3 2 1 3 5 5]]]] [{citizen 16} [[""A"" [1 2 1 3 2 1 1 1 2 3]]]] [{citizen 34} [[""A"" [1 2 1 3 1 1 1 3 5 4]]]] [{citizen 42} [[""A"" [1 1 3 2 1 1 4 1 2 1]]]] [{citizen 11} [[""A"" [2 1 1 1 3 5 5 4 2 1]]]] [{citizen 33} [[""A"" [5 2 1 0 1 1 1 1 0 1]]]] [{citizen 15} [[""A"" [0 2 4 1 1 2 1 0 2 1]]]] [{citizen 36} [[""A"" [3 2 1 1 3 5 4 5 5 4]]]] [{citizen 45} [[""A"" [3 4 5 5 3 2 1 0 0 1]]]] [{citizen 24} [[""A"" [4 2 1 2 1 3 4 2 1 1]]]] [{citizen 28} [[""A"" [3 1 0 1 4 3 5 6 5 4]]]] [{citizen 40} [[""A"" [1 3 4 4 3 1 2 1 0 2]]]] [{citizen 43} [[""A"" [1 2 3 3 1 2 1 5 6 5]]]] [{citizen 18} [[""A"" [5 5 5 4 4 5 6 5 4 1]]]] [{citizen 19} [[""A"" [3 5 4 4 1 5 5 4 2 1]]]] [{citizen 2} [[""A"" [1 1 2 1 3 1 2 1 2 0]]]] [{citizen 49} [[""A"" [2 1 1 1 2 1 1 3 1 1]]]] [{citizen 21} [[""A"" [1 3 1 3 2 1 1 3 2 1]]]] [{citizen 22} [[""A"" [0 2 4 1 4 3 5 5 4 1]]]] [{citizen 9} [[""A"" [5 4 3 1 2 1 4 2 1 0]]]] [{media 54} [[""A"" [5 5 5 5 5 5 5 5 5 5]]]] [{citizen 48} [[""A"" [0 1 2 1 3 1 1 1 2 1]]]] [{citizen 27} [[""A"" [2 1 3 2 1 3 1 4 1 3]]]] [{citizen 30} [[""A"" [1 1 0 2 1 1 1 2 1 0]]]] [{citizen 39} [[""A"" [2 1 0 1 1 3 2 4 2 1]]]] [{citizen 38} [[""A"" [2 3 1 1 1 3 5 5 4 0]]]] [{media 61} [[""A"" [6 6 6 6 6 6 6 6 6 6]]]] [{media 59} [[""A"" [5 5 5 5 5 5 5 5 5 5]]]] [{media 57} [[""A"" [5 5 5 5 5 5 5 5 5 5]]]] [{media 62} [[""A"" [5 5 5 5 5 5 5 5 5 5]]]] [{citizen 37} [[""A"" [1 2 1 2 1 0 2 4 1 2]]]] [{citizen 32} [[""A"" [5 4 5 2 1 3 4 3 4 1]]]] [{citizen 26} [[""A"" [1 2 1 1 1 2 1 3 1 0]]]] [{citizen 46} [[""A"" [1 0 2 2 1 1 3 1 3 4]]]]]"
"11","[213 0 42]","57","8.365619745709916","5.369162654608135","""circle""","""""","9.9","{breed citizens}","false","0.5","1","""up""",,"[[""ID"" 11] [""alpha"" 1] [""beta"" 1] [""malleable"" [""A""]] [""prior"" []] [""cont_tokens"" []] [""A"" 1]]","[[0 [1 2 3 4 8 9 11 13]] [1 [16 18 20 21 22 23 24 25 27 28]] [2 [30 31 32 33 34 35 36 37 38 39 40 41 42 43 44]] [3 [45 46 47 48 49 50 51 52 53 54 55 56 57 58]] [4 [60 61 62 63 64 65 66 67 68 69 70 71 72 73 74]] [5 [75 76 77 78 79 80 81 82 83 84 85 86 87 88 89]] [6 [90 92 93 94 95 96 97 98 99 100 101 102 103 104]] [7 [105 106 107 108 109 110 111 112 113 114 115 116 117 118 119]] [8 [120 121 122 123 124 125 126 127 128 129 130 131 132 134]] [9 [136 137 138 139 142 145 146 147 149]] [10 [150 151 152 153 154 155 156 158 159 160 161 162 163 164]] [11 [166 167 169 170 171 172 173 174 175 176 177 178 179]] [12 [180 181 182 183 184 185 186 187 188 189 190 191 192 193 194]] [13 [195 196 197 198 199 200 201 202 203 204 205 206 207 208 209]] [14 [210 211 212 213 214 215 216 217 218 219 220 221 222 223 224]] [15 [225 226 227 228 229 230 231 232 233 234 235 236 237 238 239]] [16 [240 241 242 243 244 245 246 247 248 249 250 251 252 253 254]] [17 [255 256 257 258 259 260 261 262 263 264 265 266 267 268 269]] [18 [270 271 272 273 274 275 276 277 278 279 280 281 282 283 284]] [19 [285 286 287 288 289 290 291 292 293 294 295 296 297 298 299]] [20 [300 301 302 303 304 305 306 307 308 309 310 311 312 313 314]] [21 [315 316 317 318 319 320 321 322 323 324 325 326 327 328 329]] [22 [330 331 332 333 334 335 336 337 338 339 340 341 343 344]] [23 [345 346 347 348 349 350 351 352 353 354 355 356 357 358]] [24 [360 361 362 363 364 365 366 367 368 369 370 371 372 373 374]] [25 [375 376 377 378 379 380 381 382 383 384 385 386 387 388 389]] [26 [390 391 392 393 394 395 396 397 398 399 400 401 402 403 404]] [27 [405 406 407 408 409 410 411 412 413 414 415 416 417 418 419]] [28 [420 421 422 423 424 425 426 427 428 429 430 431 432 433 434]] [29 [435 436 437 438 439 440 441 442 443 444 445 446 447 448 449]] [30 [450 451 452 453 454 455 456 457 458 459 460 461 462 463 464]] [31 [465 466 467 468 469 470 471 472 473 474 475 476 477 478 479]] [32 [480 481 482 483 484 485 486 487 488 489 490 491 492 493 494]] [33 [495 496 497 498 499 501 502 503 504 505 506 507 508 509]] [34 [510 511 512 513 514 515 516 517 518 519 520 521 522 523 524]] [35 [525 526 527 528 529 530 531 532 533 534 535 536 537 538 539]] [36 [540 541 542 543 544 545 546 547 548 549 550 551 552 553 554]] [37 [555 556 557 558 559 560 561 562 563 564 565 566 567 568 569]] [38 [570 571 572 573 574 575 576 577 578 579 580 581 582 583 584]] [39 [585 586 587 588 589 590 591 592 593 594 595 596 597 598 599]] [40 [600 601 602 603 604 605 606 607 608 609 610 611 612 613 614]] [41 [615 616 617 618 619 620 621 622 624 625 626 627 628 629]] [42 [630 631 632 633 634 635 636 637 638 639 640 641 642 643 644]] [43 [645 646 647 648 649 650 651 652 653 654 655 656 657 658 659]] [44 [660 661 662 663 664 665 666 667 668 669 670 671 672 673 674]] [45 [675 676 677 678 679 680 681 682 683 684 685 686 687 688 689]] [46 [690 691 692 693 694 695 696 697 698 699 700 701 702 703 704]] [47 [705 706 707 708 709 710 711 712 713 714 715 716 717 718 719]] [48 [720 721 722 723 724 725 726 727 728 729 730 731 732 734]] [49 [735 736 737 738 739 740 741 742 743 744 745 746 747 748 749]] [50 [750 751 752 753 755 757 758 759 760 761 762 763 764]] [51 [765 766 767 768 769 770 771 772 773 774 775 776 777 778 779]] [52 [780 781 782 783 784 785 786 787 788 789 790 791 792 793 794]] [53 [795 796 797 798 799 800 801 802 803 804 805 806 807 808 809]] [54 [810 811 812 813 814 815 816 817 818 819 820 821 822 824]] [55 [826 827 828 829 830 831 832 833 834 835 836 837 838 839]] [56 [840 841 842 843 844 845 846 847 848 849 850 851 852 853 854]] [57 [855 856 857 858 859 860 861 862 863 864 865 866 867 868 869]] [58 [870 871 872 873 874 875 876 877 878 879 881 882 883 884]] [59 [885 886 887 888 889 890 891 892 893 894 895 896 897 898 899]] [60 [900 901 902 903 904 905 906 907 908 909 910 911 912 913 914]] [61 [915 916 917 918 919 920 921 922 923 924 925 926 927 928 929]] [62 [930 931 934 935 936 938 939 941]] [63 [948 949 951 954 955 957 958 959]] [64 [960 961 963 964 968 969 971 972]] [65 [975 976 977 978 980 981 982 983 984 985 986 987 988 989]] [66 [990 991 992 993 994 995 996 997 998 999 1000 1001 1002 1003 1004]] [67 [1005 1006 1007 1008 1009 1010 1011 1012 1013 1014 1015 1016 1017 1019]] [68 [1020 1022 1024 1025 1026 1027 1028 1029 1030 1031 1032 1033 1034]] [69 [1035 1036 1037 1038 1039 1040 1041 1042 1043 1044 1045 1046 1047 1048 1049]] [70 [1050 1051 1052 1053 1054 1055 1056 1057 1058 1059 1060 1061 1062 1063 1064]] [71 [1065 1066 1067 1068 1069 1070 1071 1072 1073 1074 1075 1076 1077 1079]] [72 [1080 1081 1082 1083 1084 1086 1087 1088 1091 1093]] [73 [1095 1098 1099 1100 1101 1103 1107 1109]] [74 [1110 1111 1112 1113 1114 1115 1116 1117 1118 1119 1120 1122 1123 1124]] [75 [1125 1126 1127 1128 1129 1130 1131 1132 1133 1134 1135 1136 1137 1138 1139]] [76 [1140 1141 1142 1143 1144 1145 1146 1147 1148 1149 1150 1151 1152 1153 1154]] [77 [1155 1156 1157 1158 1159 1160 1161 1162 1163 1164 1165 1166 1167 1168 1169]] [78 [1170 1171 1172 1173 1174 1175 1176 1177 1178 1179 1180 1181 1182 1183 1184]] [79 [1185 1186 1187 1188 1189 1190 1191 1192 1193 1194 1195 1196 1197 1198 1199]] [80 [1200 1203 1204 1205 1206 1207 1212 1213]] [81 [1215 1216 1217 1221 1223 1224 1226 1227 1228 1229]] [82 [1230 1231 1232 1233 1234 1235 1236 1237 1238 1239 1240 1241 1242 1243 1244]] [83 [1245 1246 1247 1248 1249 1250 1251 1252 1253 1254 1255 1256 1257 1258 1259]] [84 [1260 1261 1262 1263 1264 1265 1266 1267 1268 1269 1270 1271 1272 1273 1274]] [85 [1275 1276 1277 1278 1279 1280 1281 1282 1283 1284 1285 1286 1287 1288]] [86 [1290 1291 1292 1293 1294 1295 1296 1297 1298 1299 1300 1301 1302 1303 1304]] [87 [1305 1306 1307 1308 1309 1310 1311 1312 1313 1314 1315 1316 1317 1318 1319]] [88 [1320 1321 1322 1323 1324 1325 1326 1327 1328 1329 1330 1331 1332 1333 1334]] [89 [1335 1336 1337 1338 1339 1340 1341 1342 1343 1344 1345 1346 1347 1348 1349]] [90 [1350 1351 1352 1353 1354 1355 1356 1357 1358 1359 1360 1361 1362 1363 1364]] [91 [1365 1366 1367 1368 1369 1370 1371 1372 1373 1374 1375 1376 1377 1378 1379]] [92 [1380 1381 1382 1383 1384 1385 1386 1387 1388 1389 1390 1391 1392 1393 1394]] [93 [1395 1396 1397 1398 1399 1400 1401 1402 1403 1404 1405 1406 1407 1408 1409]] [94 [1410 1411 1412 1413 1414 1415 1416 1417 1418 1419 1420 1421 1422 1423 1424]] [95 [1425 1427 1428 1429 1431 1432 1434 1437 1438 1439]] [96 [1440 1441 1442 1443 1444 1445 1446 1447 1448 1449 1450 1451 1452 1453 1454]] [97 [1455 1456 1457 1458 1459 1460 1461 1462 1463 1464 1465 1466 1467 1468 1469]] [98 [1470 1471 1472 1473 1474 1475 1476 1477 1478 1479 1480 1484]] [99 [1485 1486 1487 1488 1489 1490 1491 1492 1493 1494 1495 1496 1497 1498 1499]]]","[[0 [1 2 4 8 9 11 13]] [1 [16 18 21 24]] [2 [33 35 38 39 40 41 42 43]] [3 [45 47 48 49 50 52 58]] [4 [62 64 66 67 73 74]] [5 [76 77 78 84 86 87]] [6 [90 92 93 100 102 103]] [7 [105 106 108 109 111 112 119]] [8 [120 121 125 127 130 131 132 134]] [9 [136 137 138 139 142]] [10 [152 153 154 156 158 163 164]] [11 [167 169 172 174 177 178]] [12 [182 183 185 187 192 193]] [13 [195 196 198 201 204 206 207 208]] [14 [210 211 212 213 214 216 219 221 224]] [15 [225 227 228 232 235 236 238]] [16 [240 241 242 243 245 246 247 253 254]] [17 [255 256 257 258 263 266 267]] [18 [271 273 275 276 277 280 281 284]] [19 [285 287 288 289 291 292 293 295 296 297 298]] [20 [300 301 302 307 311 313 314]] [21 [315 316 318 320 322 323 326 328]] [22 [332 333 334 337 338 340 341 344]] [23 [345 347 348 349 351 354 357 358]] [24 [362 366 367 368 369 371 374]] [25 [376 379 380 383 387 388 389]] [26 [390 393 394 398 399 401 403]] [27 [406 408 411 414 415 416 417]] [28 [426 428 429 431 432 434]] [29 [435 438 439 440 441 442 443 444 447 448 449]] [30 [451 452 453 456 459 461 462]] [31 [466 467 471 472 473 476 477 478]] [32 [481 488 489 490 491 493 494]] [33 [499 502 503 506 507 508 509]] [34 [510 511 512 513 517 522]] [35 [525 528 529 530 533 534 537]] [36 [541 545 546 547 550 551]] [37 [555 556 557 558 559 560 563 564 567 568 569]] [38 [570 571 574 576 580 581 582]] [39 [587 591 593 594 595 597 599]] [40 [600 604 606 608 610 611 613]] [41 [615 616 617 618 619 621 625 627]] [42 [630 631 632 634 637 643]] [43 [646 647 648 653 657]] [44 [660 663 667 668 669]] [45 [678 679 680 684 685 687 688]] [46 [691 693 695 697 701 702 703]] [47 [705 707 709 710 711 713 714 718 719]] [48 [721 723 727 728 731 734]] [49 [735 736 739 745 746 748 749]] [50 [751 752 753 755 760 761 762 763]] [51 [765 766 771 772 776 777]] [52 [781 782 783 788 791 793 794]] [53 [795 796 797 799 800 804 805 809]] [54 [810 811 813 816 817 819 822 824]] [55 [831 832 833 837 838 839]] [56 [840 845 846 847 848 850 851 852]] [57 [856 858 861 864 868 869]] [58 [871 872 874 875 877 882]] [59 [885 886 888 889 892 896 898]] [60 [900 901 902 906 907 910 911 912]] [61 [915 916 917 918 919 922 923 925 927 929]] [62 [930 931 934 935 936 938 939 941]] [63 [948 949 951 954 955 958 959]] [64 [960 961 963 968 971 972]] [65 [976 978 980 981 982 983 985 987]] [66 [990 992 994 995 996 997 1002 1003 1004]] [67 [1007 1008 1011 1013 1017 1019]] [68 [1020 1022 1024 1025 1026 1027 1028 1032 1034]] [69 [1036 1037 1042 1043 1044 1047 1049]] [70 [1050 1052 1054 1056 1058 1060 1063 1064]] [71 [1065 1067 1068 1070 1071 1073 1074 1075 1077]] [72 [1080 1081 1084 1086 1087 1088 1093]] [73 [1095 1098 1100 1101 1103 1107 1109]] [74 [1110 1112 1116 1117 1120 1122 1124]] [75 [1127 1128 1129 1135 1137 1139]] [76 [1140 1141 1144 1145 1148 1153 1154]] [77 [1157 1162 1166 1167 1168 1169]] [78 [1170 1171 1172 1173 1177 1181 1183]] [79 [1187 1188 1189 1190 1191 1197 1199]] [80 [1200 1203 1204 1206 1207 1212 1213]] [81 [1215 1216 1217 1221 1223 1224 1229]] [82 [1233 1234 1235 1237 1238 1239 1241 1242 1244]] [83 [1245 1246 1249 1250 1259]] [84 [1260 1261 1264 1268 1269 1272 1273]] [85 [1276 1277 1280 1281 1283 1285 1286 1287]] [86 [1291 1292 1295 1297 1301 1302]] [87 [1307 1308 1309 1311 1312 1313 1315]] [88 [1321 1322 1324 1326 1328 1331 1333]] [89 [1335 1336 1339 1343 1344 1346 1348]] [90 [1350 1352 1353 1354 1355 1357 1359 1360 1362 1364]] [91 [1366 1367 1369 1371 1374 1376 1378]] [92 [1380 1381 1385 1386 1388 1389 1390 1394]] [93 [1395 1399 1401 1402 1403 1404 1407 1408]] [94 [1411 1413 1415 1416 1417 1421 1424]] [95 [1425 1432 1434 1437 1438]] [96 [1441 1444 1445 1446 1448 1449 1451]] [97 [1458 1460 1462 1463 1465 1467]] [98 [1471 1474 1475 1476 1478 1479 1480 1484]] [99 [1487 1488 1490 1491 1492 1493 1495 1496 1497 1498 1499]]]",,"[[{citizen 21} [[""A"" [4 1 1 3 2 1 2 1 3 1]]]] [{citizen 33} [[""A"" [5 2 2 0 1 1 2 0 2 1]]]] [{citizen 42} [[""A"" [3 2 1 2 1 2 1 2 1 0]]]] [{citizen 44} [[""A"" [4 1 2 1 3 1 1 1 2 5]]]] [{citizen 45} [[""A"" [5 5 2 4 2 1 1 0 0 1]]]] [{citizen 49} [[""A"" [1 1 1 1 2 1 3 1 1 0]]]] [{media 50} [[""A"" [1 1 1 1 1 1 1 1 1 1]]]] [{media 51} [[""A"" [2 2 2 2 2 2 2 2 2 2]]]] [{media 55} [[""A"" [2 2 2 2 2 2 2 2 2 2]]]] [{media 56} [[""A"" [1 1 1 1 1 1 1 1 1 1]]]] [{media 58} [[""A"" [0 0 0 0 0 0 0 0 0 0]]]] [{media 60} [[""A"" [3 3 3 3 3 3 3 3 3 3]]]] [{media 63} [[""A"" [1 1 1 1 1 1 1 1 1 1]]]] [{media 64} [[""A"" [1 1 1 1 1 1 1 1 1 1]]]] [{citizen 4} [[""A"" [2 1 1 3 4 4 3 0 2 1]]]] [{citizen 5} [[""A"" [4 5 5 5 4 0 1 1 2 0]]]] [{citizen 8} [[""A"" [4 1 1 6 4 4 1 1 0 1]]]] [{citizen 1} [[""A"" [3 2 0 1 4 2 5 4 1 0]]]] [{citizen 3} [[""A"" [5 6 4 5 5 2 2 2 2 1]]]] [{citizen 41} [[""A"" [5 2 0 1 3 2 1 2 1 5]]]] [{citizen 17} [[""A"" [2 0 1 2 2 1 1 1 4 3]]]] [{citizen 12} [[""A"" [1 1 0 1 2 1 1 2 1 3]]]] [{citizen 29} [[""A"" [5 4 1 1 1 6 5 2 1 0]]]] [{citizen 14} [[""A"" [5 4 1 1 1 1 2 3 4 5]]]] [{citizen 31} [[""A"" [0 1 1 1 2 1 2 1 2 0]]]] [{citizen 13} [[""A"" [5 5 4 1 0 2 1 1 1 0]]]] [{citizen 25} [[""A"" [4 5 5 4 1 3 2 1 2 0]]]] [{citizen 20} [[""A"" [0 1 2 4 5 4 3 5 4 5]]]] [{citizen 23} [[""A"" [4 2 4 1 0 1 2 3 5 5]]]] [{citizen 6} [[""A"" [2 1 1 0 1 5 4 3 2 0]]]] [{citizen 16} [[""A"" [3 2 1 2 1 1 2 3 6 5]]]] [{citizen 34} [[""A"" [4 1 3 1 2 0 1 1 3 5]]]] [{citizen 24} [[""A"" [5 4 5 5 2 4 1 2 1 0]]]] [{citizen 28} [[""A"" [3 1 0 1 4 5 3 6 5 4]]]] [{citizen 40} [[""A"" [3 1 5 4 3 1 2 1 0 2]]]] [{citizen 43} [[""A"" [5 5 1 3 1 1 2 5 6 5]]]] [{citizen 10} [[""A"" [2 1 2 1 1 2 1 0 2 1]]]] [{citizen 7} [[""A"" [1 2 1 2 2 4 1 1 0 1]]]] [{citizen 19} [[""A"" [2 1 2 1 3 4 6 2 1 0]]]] [{citizen 2} [[""A"" [1 2 1 3 2 1 2 1 2 0]]]] [{media 53} [[""A"" [4 4 4 4 4 4 4 4 4 4]]]] [{citizen 27} [[""A"" [5 5 1 3 1 2 1 4 3 0]]]] [{citizen 0} [[""A"" [4 1 1 0 1 0 1 2 1 0]]]] [{citizen 15} [[""A"" [2 1 0 1 2 4 1 0 2 1]]]] [{citizen 18} [[""A"" [6 5 5 5 4 4 5 6 5 4]]]] [{citizen 36} [[""A"" [4 5 4 1 1 5 4 5 4 0]]]] [{media 52} [[""A"" [4 4 4 4 4 4 4 4 4 4]]]] [{citizen 22} [[""A"" [1 2 4 2 4 6 5 4 1 0]]]] [{citizen 9} [[""A"" [4 5 5 4 4 1 4 2 1 0]]]] [{media 54} [[""A"" [5 5 5 5 5 5 5 5 5 5]]]] [{citizen 48} [[""A"" [0 1 2 2 1 1 1 0 2 1]]]] [{citizen 30} [[""A"" [2 1 2 1 0 2 1 2 1 0]]]] [{citizen 39} [[""A"" [0 1 2 1 1 2 4 2 1 0]]]] [{citizen 35} [[""A"" [5 5 5 4 5 4 1 1 1 3]]]] [{citizen 38} [[""A"" [1 1 2 1 1 1 3 6 0 1]]]] [{media 61} [[""A"" [6 6 6 6 6 6 6 6 6 6]]]] [{media 59} [[""A"" [5 5 5 5 5 5 5 5 5 5]]]] [{media 57} [[""A"" [5 5 5 5 5 5 5 5 5 5]]]] [{media 62} [[""A"" [5 5 5 5 5 5 5 5 5 5]]]] [{citizen 37} [[""A"" [2 1 2 0 1 2 4 2 2 0]]]] [{citizen 32} [[""A"" [5 4 5 4 1 4 3 4 1 0]]]] [{citizen 26} [[""A"" [0 1 2 1 1 2 2 3 1 0]]]] [{citizen 47} [[""A"" [1 2 1 0 1 2 1 1 0 1]]]] [{citizen 46} [[""A"" [1 1 2 1 0 2 1 2 1 3]]]]]"
"12","[43 0 212]","240","-3.542326257316062","-2.028430182074788","""circle""","""""","9.9","{breed citizens}","false","0.5","1","""up""",,"[[""ID"" 12] [""alpha"" 1] [""beta"" 1] [""malleable"" [""A""]] [""prior"" []] [""cont_tokens"" []] [""A"" 5]]","[[0 [0 1 2 3 4 5 8 9 11 13]] [1 [15 16 17 18 19 20 21 22 23 24 25 27 28]] [2 [30 31 32 33 34 35 36 37 38 39 40 41 42 43 44]] [3 [45 46 47 48 49 50 51 52 53 54 55 56 57 58]] [4 [60 61 62 63 64 65 66 67 68 69 70 71 72 73 74]] [5 [75 76 77 78 79 80 81 82 83 84 85 86 87 88 89]] [6 [90 91 92 93 94 95 96 97 98 99 100 101 102 103 104]] [7 [105 106 107 108 109 110 111 112 113 114 115 116 117 118 119]] [8 [120 121 122 123 124 125 126 127 128 129 130 131 132 134]] [9 [136 137 138 139 142 145 146 147 149]] [10 [150 151 152 153 154 155 156 158 159 160 161 162 163 164]] [11 [166 167 169 170 171 172 173 174 175 176 177 178 179]] [12 [180 181 182 183 184 185 186 187 188 189 190 191 192 193 194]] [13 [195 196 197 198 199 200 201 202 203 204 205 206 207 208 209]] [14 [210 211 212 213 214 215 216 217 218 219 220 221 222 223 224]] [15 [225 226 227 228 229 230 231 232 233 234 235 236 237 238 239]] [16 [240 241 242 243 244 245 246 247 248 249 250 251 252 253 254]] [17 [255 256 257 258 259 260 261 262 263 264 265 266 267 268 269]] [18 [270 271 272 273 274 275 276 277 278 279 280 281 282 283 284]] [19 [285 286 287 288 289 290 291 292 293 294 295 296 297 298 299]] [20 [300 301 302 303 304 305 306 307 308 309 310 311 312 313 314]] [21 [315 316 317 318 319 320 321 322 323 324 325 326 327 328 329]] [22 [330 331 332 333 334 335 336 337 338 339 340 341 343 344]] [23 [345 346 347 348 349 350 351 352 353 354 355 356 357 358 359]] [24 [360 361 362 363 364 365 366 367 368 369 370 371 372 373 374]] [25 [375 376 377 378 379 380 381 382 383 384 385 386 387 388 389]] [26 [390 391 392 393 394 395 396 397 398 400 401 402 403 404]] [27 [405 406 407 408 409 410 411 412 413 414 415 416 417 418 419]] [28 [420 421 422 423 424 425 426 427 428 429 430 431 432 433 434]] [29 [435 436 437 438 439 440 441 442 443 444 445 446 447 448 449]] [30 [450 451 452 453 454 455 456 457 458 459 461 462 463 464]] [31 [465 466 467 468 469 470 471 472 473 474 475 476 477 478 479]] [32 [480 482 483 484 485 486 487 488 489 490 491 492 493 494]] [33 [495 496 497 498 501 504 505 509]] [34 [510 511 512 513 514 515 516 517 518 519 520 521 522 523 524]] [35 [525 526 527 528 529 530 531 532 533 534 535 536 537 538 539]] [36 [540 541 542 543 544 545 546 547 548 549 550 551 552 553 554]] [37 [555 556 557 558 559 560 561 562 563 564 565 566 567 568 569]] [38 [570 571 572 573 574 575 576 577 578 579 580 581 582 583 584]] [39 [585 586 587 588 589 590 591 592 593 594 595 596 597 598 599]] [40 [600 601 602 603 604 605 606 607 608 609 610 611 612 613 614]] [41 [615 616 617 618 619 620 621 622 624 625 626 627 628 629]] [42 [630 631 632 633 634 635 636 637 638 639 640 641 642 643 644]] [43 [645 646 647 648 649 650 651 652 653 654 655 656 657 658 659]] [44 [660 661 662 663 664 665 666 667 668 669 670 671 672 673 674]] [45 [675 676 677 678 679 680 681 682 683 684 685 686 687 688 689]] [46 [690 691 692 693 694 695 696 697 698 699 700 701 702 703 704]] [47 [705 706 707 708 709 710 711 712 713 714 715 716 717 718 719]] [48 [720 721 722 723 724 725 726 727 728 729 730 731 732 734]] [49 [735 736 737 738 739 740 741 742 743 744 745 746 747 748 749]] [50 [750 751 752 753 755 757 758 759 760 761 762 763 764]] [51 [765 766 767 768 769 770 771 772 773 774 775 776 777 778 779]] [52 [780 781 782 783 784 785 786 787 788 789 790 791 792 793 794]] [53 [795 796 797 798 799 800 801 802 803 804 805 806 807 808 809]] [54 [810 811 812 813 814 815 816 817 818 819 820 821 822 823 824]] [55 [826 827 828 829 830 831 832 833 834 835 836 837 838 839]] [56 [840 841 842 843 844 845 846 847 848 849 850 851 852 853 854]] [57 [855 856 857 858 859 860 861 862 863 864 865 866 867 868 869]] [58 [870 871 872 873 874 875 876 877 878 879 880 881 882 883 884]] [59 [885 886 887 888 889 890 891 892 893 894 895 896 897 898 899]] [60 [900 901 902 903 904 905 906 907 908 909 910 911 912 913 914]] [61 [915 916 917 918 919 922 923 925 927 928 929]] [62 [930 931 934 935 936 938 939 941]] [63 [948 949 951 954 955 957 958 959]] [64 [960 961 963 964 968 969 971 972]] [65 [975 976 977 978 980 981 982 983 984 985 986 987 988 989]] [66 [990 991 992 994 995 996 997 998 999 1000 1001 1002 1003 1004]] [67 [1005 1006 1007 1008 1009 1010 1011 1012 1013 1014 1015 1016 1017 1018 1019]] [68 [1020 1022 1024 1025 1026 1027 1028 1029 1030 1031 1032 1033 1034]] [69 [1035 1036 1037 1038 1039 1040 1041 1042 1043 1044 1045 1046 1047 1048 1049]] [70 [1050 1051 1052 1053 1054 1055 1056 1057 1058 1059 1060 1061 1062 1063 1064]] [71 [1065 1067 1068 1070 1071 1073 1074 1075 1076 1077 1079]] [72 [1080 1081 1082 1083 1084 1086 1087 1088 1091 1093]] [73 [1095 1098 1099 1100 1101 1103 1107 1109]] [74 [1110 1111 1112 1113 1114 1115 1116 1117 1118 1119 1120 1122 1123 1124]] [75 [1125 1126 1127 1128 1129 1130 1131 1132 1133 1134 1135 1136 1137 1138 1139]] [76 [1140 1141 1142 1143 1144 1145 1146 1147 1148 1149 1150 1151 1152 1153 1154]] [77 [1155 1156 1157 1158 1159 1160 1161 1162 1163 1164 1165 1166 1167 1168 1169]] [78 [1170 1171 1172 1173 1174 1175 1176 1177 1178 1179 1180 1181 1182 1183 1184]] [79 [1185 1186 1187 1188 1189 1190 1191 1192 1193 1194 1195 1196 1197 1198 1199]] [80 [1200 1201 1202 1203 1204 1205 1206 1207 1208 1209 1210 1211 1212 1213 1214]] [81 [1215 1216 1217 1221 1223 1224 1226 1227 1228 1229]] [82 [1230 1231 1232 1233 1234 1235 1236 1237 1238 1239 1240 1241 1242 1243 1244]] [83 [1245 1246 1247 1248 1249 1250 1251 1252 1253 1254 1255 1256 1257 1258 1259]] [84 [1260 1261 1262 1263 1264 1265 1266 1267 1268 1269 1270 1271 1272 1273]] [85 [1275 1276 1277 1278 1279 1280 1281 1282 1283 1284 1285 1286 1287 1288]] [86 [1290 1291 1292 1293 1294 1295 1296 1297 1298 1299 1300 1301 1302 1303 1304]] [87 [1305 1306 1307 1308 1309 1310 1311 1312 1313 1314 1315 1316 1317 1318 1319]] [88 [1320 1321 1322 1323 1324 1325 1326 1327 1328 1329 1330 1331 1332 1333 1334]] [89 [1335 1336 1337 1338 1339 1340 1341 1342 1343 1344 1345 1346 1347 1348 1349]] [90 [1350 1351 1352 1353 1354 1355 1356 1357 1358 1359 1360 1361 1362 1363 1364]] [91 [1365 1366 1367 1368 1369 1370 1371 1372 1373 1374 1375 1376 1377 1378 1379]] [92 [1380 1381 1382 1383 1384 1385 1386 1387 1388 1389 1390 1391 1392 1393 1394]] [93 [1395 1396 1397 1398 1399 1400 1401 1402 1403 1404 1405 1406 1407 1408 1409]] [94 [1410 1411 1412 1413 1414 1415 1416 1417 1418 1419 1420 1421 1422 1423 1424]] [95 [1425 1427 1428 1429 1431 1432 1434 1437 1438 1439]] [96 [1440 1441 1442 1443 1444 1445 1446 1447 1448 1449 1450 1451 1452 1453 1454]] [97 [1457 1458 1459 1460 1462 1463 1465 1466 1467 1468 1469]] [98 [1471 1472 1473 1474 1475 1476 1477 1478 1479 1480 1484]] [99 [1485 1486 1487 1488 1489 1490 1491 1492 1493 1494 1495 1496 1497 1498 1499]]]","[[0 [1 2 3 4 8 9 11]] [1 [16 18 20 21 23 25 27 28]] [2 [30 31 32 34 36 37 44]] [3 [45 51 53 55 56 57 58]] [4 [61 63 68 69 70 71 72]] [5 [75 79 80 82 83 85 88 89]] [6 [90 92 93 98 99 100 102 103]] [7 [107 108 109 111 112 117 119]] [8 [120 121 125 127 131 132 134]] [9 [136 137 138 139 142 149]] [10 [151 154 156 158 163 164]] [11 [166 167 169 173 175 176 179]] [12 [180 181 182 183 185 187 192 193]] [13 [195 196 201 204 206 207 208]] [14 [210 211 212 214 220 222 223]] [15 [225 227 228 229 230 231 233 234 237 239]] [16 [244 248 249 250 252 253 254]] [17 [255 256 257 258 263 266 267 268 269]] [18 [270 272 274 278 279 282 283]] [19 [286 290 292 293 295 296 298]] [20 [300 301 302 307 311 313]] [21 [315 316 318 320 322 323 326 328]] [22 [332 333 335 336 338 340 341]] [23 [345 347 348 349 351 353 354 357 358]] [24 [362 366 367 368 369 371 374]] [25 [375 377 378 381 382 384 386]] [26 [391 392 394 398 401 403]] [27 [406 408 411 415 416 417]] [28 [421 423 424 425 426 427 428 429 431 432 434]] [29 [435 436 437 442 446]] [30 [450 454 455 457 458 464]] [31 [465 466 467 468 469 470 474 475 479]] [32 [480 482 483 484 486 487 492]] [33 [496 497 498 501 504 505]] [34 [510 511 512 513 520 523 524]] [35 [526 527 530 535 536 538 539]] [36 [540 541 546 547 550 551]] [37 [555 556 557 558 559 560 562 563 564 567 568 569]] [38 [570 571 572 574 576 580 581 582]] [39 [587 588 590 594 595 597 599]] [40 [600 604 606 608 610 611 613]] [41 [615 620 621 622 624 628 629]] [42 [633 636 639 640 641 642 643]] [43 [646 647 648 653 657]] [44 [660 663 670 671 672 673 674]] [45 [675 676 677 681 683 686 687 688]] [46 [690 691 693 695 697 701 702 703]] [47 [705 707 709 710 711 713 714 718 719]] [48 [721 723 725 727 728 731 734]] [49 [735 736 739 747 748 749]] [50 [751 752 753 755 760 761 762 763]] [51 [765 766 769 770 771 773 774 775 778 779]] [52 [784 785 786 787 790 792]] [53 [798 800 801]] [54 [810 811 813 816 817 819 822]] [55 [828 829 830 834 835]] [56 [841 842 843 844 849 850 851 852]] [57 [856 857 858 861 864 868]] [58 [873 876 878 879 881 883 884]] [59 [887 891 893 894 895 897 899]] [60 [903 904 905 906 907 913 914]] [61 [919 922 923 925 927 928 929]] [62 [930 931 935 936 938 939 941]] [63 [948 949 951 957 958 959]] [64 [960 961 963 964 968 969 971 972]] [65 [976 978 980 981 982 983 986 988 989]] [66 [991 992 994 998 999 1000 1001]] [67 [1005 1006 1009 1010 1011 1013 1017 1019]] [68 [1020 1022 1024 1025 1026 1027 1028 1032 1034]] [69 [1036 1037 1042 1043 1044 1046]] [70 [1050 1052 1054 1056 1058 1060 1063]] [71 [1065 1067 1068 1070 1071 1073 1076 1077]] [72 [1081 1083 1084 1086 1087 1088 1093]] [73 [1095 1098 1099 1100 1101 1103 1107 1109]] [74 [1110 1113 1114 1115 1118 1119 1120 1122 1124]] [75 [1127 1128 1129 1135 1137 1139]] [76 [1140 1143 1145 1148 1153 1154]] [77 [1155 1157 1160 1163 1164 1165]] [78 [1174 1175 1176 1177 1183]] [79 [1187 1188 1189 1192 1197 1199]] [80 [1200 1203 1204 1206 1207 1212 1213]] [81 [1215 1216 1217 1221 1223 1224 1228 1229]] [82 [1233 1234 1235 1237 1238 1239 1241 1242 1244]] [83 [1245 1246 1248 1251 1253 1254 1255 1256 1258]] [84 [1263 1265 1266 1267 1270 1271 1273]] [85 [1275 1278 1279 1281 1283 1285 1286 1287]] [86 [1290 1291 1292 1293 1294 1296 1298 1300 1303 1304]] [87 [1305 1306 1308 1309 1311 1312 1313 1315]] [88 [1321 1322 1324 1326 1328 1331 1333 1334]] [89 [1337 1338 1340 1341 1344 1346]] [90 [1350 1352 1353 1354 1355 1357 1359 1360 1362 1364]] [91 [1366 1367 1369 1370 1372 1373 1375 1377 1379]] [92 [1382 1384 1387 1391 1392 1393]] [93 [1396 1397 1398 1400 1405 1406 1409]] [94 [1410 1412 1416 1417 1421 1424]] [95 [1427 1428 1429 1431 1432 1434 1437 1438]] [96 [1441 1442 1443 1447 1448 1449 1451]] [97 [1458 1460 1462 1463 1465 1467]] [98 [1471 1473 1476 1478 1479 1480 1484]] [99 [1487 1488 1490 1491 1492 1494]]]",,"[[{citizen 16} [[""A"" [1 1 1 1 2 4 2 5 6 5]]]] [{citizen 17} [[""A"" [0 1 1 2 1 1 4 2 1 3]]]] [{citizen 19} [[""A"" [3 5 4 4 2 1 5 6 4 0]]]] [{citizen 23} [[""A"" [4 0 4 4 2 1 3 5 6 5]]]] [{citizen 46} [[""A"" [0 1 1 2 1 0 1 2 1 1]]]] [{media 50} [[""A"" [1 1 1 1 1 1 1 1 1 1]]]] [{media 51} [[""A"" [2 2 2 2 2 2 2 2 2 2]]]] [{media 55} [[""A"" [2 2 2 2 2 2 2 2 2 2]]]] [{media 56} [[""A"" [1 1 1 1 1 1 1 1 1 1]]]] [{media 58} [[""A"" [0 0 0 0 0 0 0 0 0 0]]]] [{media 60} [[""A"" [3 3 3 3 3 3 3 3 3 3]]]] [{media 63} [[""A"" [1 1 1 1 1 1 1 1 1 1]]]] [{media 64} [[""A"" [1 1 1 1 1 1 1 1 1 1]]]] [{media 53} [[""A"" [4 4 4 4 4 4 4 4 4 4]]]] [{citizen 0} [[""A"" [4 1 0 1 0 1 4 2 1 0]]]] [{citizen 4} [[""A"" [1 1 3 4 4 4 3 1 0 2]]]] [{citizen 5} [[""A"" [5 5 4 0 1 1 2 1 1 1]]]] [{citizen 6} [[""A"" [3 1 1 1 0 1 4 5 4 3]]]] [{citizen 7} [[""A"" [4 2 1 1 4 4 2 1 1 1]]]] [{media 52} [[""A"" [4 4 4 4 4 4 4 4 4 4]]]] [{citizen 3} [[""A"" [5 6 4 5 2 1 2 5 6 4]]]] [{citizen 1} [[""A"" [1 0 1 4 2 1 5 4 1 0]]]] [{media 57} [[""A"" [5 5 5 5 5 5 5 5 5 5]]]] [{citizen 38} [[""A"" [1 1 2 1 3 5 6 5 1 0]]]] [{citizen 41} [[""A"" [5 2 0 1 1 1 5 4 1 5]]]] [{media 59} [[""A"" [5 5 5 5 5 5 5 5 5 5]]]] [{citizen 39} [[""A"" [1 1 1 2 4 2 1 2 1 2]]]] [{citizen 45} [[""A"" [5 5 3 2 1 0 2 1 0 1]]]] [{citizen 24} [[""A"" [5 4 5 2 4 4 1 1 1 0]]]] [{citizen 31} [[""A"" [5 6 4 2 1 1 1 2 1 1]]]] [{citizen 28} [[""A"" [5 1 0 1 4 3 5 6 5 4]]]] [{citizen 34} [[""A"" [3 5 3 1 1 0 1 3 5 4]]]] [{citizen 40} [[""A"" [2 4 5 4 3 1 2 1 0 2]]]] [{media 61} [[""A"" [6 6 6 6 6 6 6 6 6 6]]]] [{citizen 30} [[""A"" [0 2 1 0 2 1 1 2 1 0]]]] [{citizen 27} [[""A"" [5 5 3 2 1 4 2 1 1 0]]]] [{citizen 18} [[""A"" [5 5 5 4 4 5 5 4 2 1]]]] [{citizen 42} [[""A"" [1 1 2 1 4 4 2 1 2 1]]]] [{citizen 2} [[""A"" [1 2 1 2 1 5 4 2 1 0]]]] [{citizen 14} [[""A"" [4 5 1 1 4 2 1 3 4 5]]]] [{citizen 13} [[""A"" [5 4 3 5 4 0 2 1 1 1]]]] [{citizen 36} [[""A"" [3 4 5 3 5 4 5 5 4 1]]]] [{citizen 8} [[""A"" [4 3 1 4 4 4 2 1 1 1]]]] [{citizen 33} [[""A"" [4 3 5 2 0 1 2 1 0 2]]]] [{citizen 25} [[""A"" [5 4 5 4 3 1 1 2 1 1]]]] [{citizen 10} [[""A"" [1 1 1 1 2 1 1 1 0 2]]]] [{citizen 44} [[""A"" [1 2 1 3 1 1 2 5 6 5]]]] [{citizen 22} [[""A"" [2 4 2 1 4 5 6 5 4 1]]]] [{citizen 43} [[""A"" [5 3 5 1 1 4 1 5 6 5]]]] [{citizen 21} [[""A"" [5 5 4 2 5 2 3 1 1 3]]]] [{citizen 11} [[""A"" [4 1 2 1 5 6 5 4 1 2]]]] [{citizen 49} [[""A"" [4 1 1 1 2 1 1 1 1 0]]]] [{citizen 20} [[""A"" [2 1 0 4 5 4 5 6 4 5]]]] [{citizen 29} [[""A"" [4 1 1 4 4 2 1 5 2 1]]]] [{citizen 9} [[""A"" [3 1 1 4 2 1 2 1 1 0]]]] [{media 54} [[""A"" [5 5 5 5 5 5 5 5 5 5]]]] [{citizen 48} [[""A"" [1 2 0 1 2 2 1 1 1 2]]]] [{citizen 15} [[""A"" [0 1 2 4 1 1 1 0 2 1]]]] [{citizen 35} [[""A"" [6 3 4 5 3 1 1 1 4 3]]]] [{media 62} [[""A"" [5 5 5 5 5 5 5 5 5 5]]]] [{citizen 37} [[""A"" [5 4 1 2 1 0 4 2 1 1]]]] [{citizen 32} [[""A"" [4 2 4 4 5 4 4 2 4 1]]]] [{citizen 26} [[""A"" [1 1 1 2 2 1 3 1 1 0]]]] [{citizen 47} [[""A"" [1 2 1 1 4 2 1 1 1 1]]]]]"
"13","[213 0 42]","262.5","-4.777469087960143","-0.8630226435210594","""circle""","""""","9.9","{breed citizens}","false","0.5","1","""up""",,"[[""ID"" 13] [""alpha"" 1] [""beta"" 1] [""malleable"" [""A""]] [""prior"" []] [""cont_tokens"" []] [""A"" 1]]","[[0 [0 1 2 3 4 5 8 9 11 13]] [1 [16 18 20 21 22 23 24 25 27 28]] [2 [30 31 32 33 34 35 36 37 38 39 40 41 42 43 44]] [3 [45 46 47 48 49 50 51 52 53 54 55 56 57 58]] [4 [60 61 62 63 64 65 66 67 68 69 70 71 72 73 74]] [5 [75 76 77 78 79 80 81 82 83 84 85 86 87 88 89]] [6 [90 91 92 93 94 95 96 97 98 99 100 101 102 103 104]] [7 [105 106 107 108 109 110 111 112 113 114 115 116 117 118 119]] [8 [120 121 122 123 124 125 126 127 128 129 130 131 132 133 134]] [9 [135 136 137 138 139 140 141 142 143 144 145 146 147 148 149]] [10 [150 151 152 153 154 155 156 158 159 160 161 162 163 164]] [11 [166 167 168 169 170 171 172 173 174 175 176 177 178 179]] [12 [180 181 182 183 184 185 186 187 188 189 190 191 192 193 194]] [13 [195 196 197 198 199 200 201 202 203 204 205 206 207 208 209]] [14 [210 211 212 213 214 215 216 217 218 219 220 221 222 223 224]] [15 [225 226 227 228 229 230 231 232 233 234 235 236 237 238 239]] [16 [240 241 242 243 244 245 246 247 248 249 250 251 252 253 254]] [17 [255 256 257 258 259 260 261 262 263 264 265 266 267 268 269]] [18 [270 271 272 273 274 275 276 277 278 279 280 281 282 283 284]] [19 [285 286 287 288 289 290 291 292 293 294 295 296 297 298 299]] [20 [300 301 302 303 304 305 306 307 308 309 310 311 312 313 314]] [21 [315 316 317 318 319 320 321 322 323 324 325 326 327 328 329]] [22 [330 331 332 333 334 335 336 337 338 339 340 341 342 343 344]] [23 [345 346 347 348 349 350 351 352 353 354 355 356 357 358]] [24 [360 361 362 366 367 368 369 371 374]] [25 [375 376 377 378 379 380 381 382 383 384 385 386 387 388 389]] [26 [390 391 392 393 394 395 396 397 398 399 400 401 402 403 404]] [27 [405 406 407 408 409 410 411 412 413 414 415 416 417 418 419]] [28 [420 421 422 423 424 425 426 427 428 429 430 431 432 433 434]] [29 [435 436 437 438 439 440 441 442 443 444 445 446 447 448 449]] [30 [450 451 452 453 454 455 456 457 458 459 461 462 463 464]] [31 [465 466 467 468 469 470 471 472 473 474 475 476 477 478 479]] [32 [480 482 483 484 485 486 487 488 489 490 491 492 493 494]] [33 [495 496 497 498 501 504 505 509]] [34 [510 511 512 513 514 515 516 517 518 519 520 521 522 523 524]] [35 [525 526 527 528 529 530 531 532 533 534 535 536 537 538 539]] [36 [540 541 542 543 544 545 546 547 548 549 550 551 552 553 554]] [37 [555 556 557 558 559 560 561 562 563 564 565 566 567 568 569]] [38 [570 571 572 573 574 575 576 577 578 579 580 581 582 583 584]] [39 [585 586 587 588 589 590 591 592 593 594 595 596 597 598 599]] [40 [600 601 602 603 604 605 606 607 608 609 610 611 612 613 614]] [41 [615 616 617 618 619 620 621 622 624 625 626 627 628 629]] [42 [630 631 632 633 634 635 636 637 638 639 640 641 642 643 644]] [43 [645 646 647 648 649 650 651 652 653 654 655 656 657 658 659]] [44 [660 661 662 663 664 665 666 667 668 669 670 671 672 673 674]] [45 [675 676 677 678 679 680 681 682 683 684 685 686 687 688 689]] [46 [690 691 692 693 694 695 696 697 698 699 700 701 702 703 704]] [47 [705 706 707 708 709 710 711 712 713 714 715 716 717 718 719]] [48 [720 721 722 723 724 725 726 727 728 729 730 731 732 734]] [49 [735 736 737 738 739 740 741 742 743 744 745 746 747 748 749]] [50 [750 751 752 753 755 757 758 759 760 761 762 763 764]] [51 [765 766 767 768 769 770 771 772 773 774 775 776 777 778 779]] [52 [780 781 782 783 784 785 786 787 788 789 790 791 792 793 794]] [53 [795 796 797 799 800 801 804 805 806 807 808 809]] [54 [810 811 812 813 814 815 816 817 818 819 820 821 822 824]] [55 [826 827 828 829 830 831 832 833 834 835 836 837 838 839]] [56 [840 841 842 843 844 845 846 847 848 849 850 851 852 853 854]] [57 [855 856 857 858 859 860 861 862 863 864 865 866 867 868 869]] [58 [870 871 872 873 874 875 876 877 878 879 881 882 883 884]] [59 [885 886 887 888 889 890 891 892 893 894 895 896 897 898 899]] [60 [900 901 902 903 904 905 906 907 908 909 910 911 912 913 914]] [61 [915 916 917 918 919 922 923 925 927 928 929]] [62 [930 931 934 935 936 938 939 941]] [63 [948 949 951 954 955 957 958 959]] [64 [960 961 963 964 968 969 971 972]] [65 [975 976 977 978 980 981 982 983 984 985 986 987 988 989]] [66 [990 991 992 994 995 996 997 998 999 1000 1001 1002 1003 1004]] [67 [1005 1006 1007 1008 1009 1010 1011 1012 1013 1014 1015 1016 1017 1018 1019]] [68 [1020 1022 1024 1025 1026 1027 1028 1029 1030 1031 1032 1033 1034]] [69 [1035 1036 1037 1038 1039 1040 1041 1042 1043 1044 1045 1046 1047 1048 1049]] [70 [1050 1051 1052 1053 1054 1055 1056 1057 1058 1059 1060 1061 1062 1063 1064]] [71 [1065 1066 1067 1068 1069 1070 1071 1072 1073 1074 1075 1076 1077 1079]] [72 [1080 1081 1082 1083 1084 1086 1087 1088 1091 1093]] [73 [1095 1098 1099 1100 1101 1103 1107 1109]] [74 [1110 1111 1112 1113 1114 1115 1116 1117 1118 1119 1120 1122 1123 1124]] [75 [1125 1126 1127 1128 1129 1130 1131 1132 1133 1134 1135 1136 1137 1138 1139]] [76 [1140 1141 1142 1143 1144 1145 1146 1147 1148 1149 1150 1151 1152 1153 1154]] [77 [1155 1156 1157 1158 1159 1160 1161 1162 1163 1164 1165 1166 1167 1168 1169]] [78 [1170 1171 1172 1173 1174 1175 1176 1177 1178 1179 1180 1181 1182 1183 1184]] [79 [1185 1186 1187 1188 1189 1190 1191 1192 1193 1194 1195 1196 1197 1198 1199]] [80 [1200 1203 1204 1205 1206 1207 1212 1213]] [81 [1215 1216 1217 1221 1223 1224 1226 1227 1228 1229]] [82 [1230 1231 1232 1233 1234 1235 1236 1237 1238 1239 1240 1241 1242 1243 1244]] [83 [1245 1246 1247 1248 1249 1250 1251 1252 1253 1254 1255 1256 1257 1258 1259]] [84 [1260 1261 1262 1263 1264 1265 1266 1267 1268 1269 1270 1271 1272 1273 1274]] [85 [1275 1276 1277 1278 1279 1280 1281 1282 1283 1284 1285 1286 1287 1288]] [86 [1290 1291 1292 1293 1294 1295 1296 1297 1298 1299 1300 1301 1302 1303 1304]] [87 [1305 1306 1307 1308 1309 1310 1311 1312 1313 1314 1315 1316 1317 1318 1319]] [88 [1320 1321 1322 1323 1324 1325 1326 1327 1328 1329 1330 1331 1332 1333 1334]] [89 [1335 1336 1337 1338 1339 1340 1341 1342 1343 1344 1345 1346 1347 1348 1349]] [90 [1350 1351 1352 1353 1354 1355 1357 1359 1360 1361 1362 1363 1364]] [91 [1365 1366 1367 1368 1369 1370 1371 1372 1373 1374 1375 1376 1377 1378 1379]] [92 [1380 1381 1382 1383 1384 1385 1386 1387 1388 1389 1390 1391 1392 1393 1394]] [93 [1395 1396 1397 1398 1399 1400 1401 1402 1403 1404 1405 1406 1407 1408 1409]] [94 [1410 1411 1412 1413 1415 1416 1417 1421 1424]] [95 [1425 1427 1428 1429 1431 1432 1434 1437 1438 1439]] [96 [1440 1441 1442 1443 1444 1445 1446 1447 1448 1449 1450 1451 1452 1453 1454]] [97 [1455 1456 1457 1458 1459 1460 1461 1462 1463 1464 1465 1466 1467 1468 1469]] [98 [1470 1471 1472 1473 1474 1475 1476 1477 1478 1479 1480 1484]] [99 [1485 1486 1487 1488 1489 1490 1491 1492 1493 1494 1495 1496 1497 1498 1499]]]","[[0 [1 2 4 8 9 11 13]] [1 [16 18 21 23 25 28]] [2 [30 31 32 34 36 43]] [3 [45 51 53 54 55 56 57]] [4 [60 61 63 68 69 70 71 72]] [5 [75 79 80 82 83 85]] [6 [91 94 95 96 97 101 104]] [7 [105 106 110 113 114 115 116 118]] [8 [122 123 124 126 133]] [9 [135 140 141 143 144 147 149]] [10 [150 151 154 156 158]] [11 [167 169 172 174 177 178]] [12 [184 186 188 189 190 191 193]] [13 [195 196 198 201 204 206 207 208]] [14 [210 211 212 216 219 221 224]] [15 [226 230 231 233 234 237 239]] [16 [244 248 249 250 251 252 253]] [17 [257 258 260 261 262 264 265 268 269]] [18 [270 272 274 278 279 282 283]] [19 [286 290 291 292 293 295 296 297 298]] [20 [300 301 302 304 305 306 312 313 314]] [21 [315 316 318 320 322 323 325 327 329]] [22 [330 331 334 337 338 340 341 344]] [23 [345 347 348 349 351 354 357 358]] [24 [366 367 368 369 371 374]] [25 [376 379 380 383 385 386]] [26 [391 392 393 394 398 399 401 403]] [27 [406 408 411 414 415 416 417 418]] [28 [421 422 423 424 425 430 433]] [29 [435 438 439 440 441 445 446]] [30 [450 454 455 457 458 464]] [31 [465 466 467 468 469 470 474 475 479]] [32 [480 482 483 484 485 486 487 492]] [33 [496 497 498 501 504]] [34 [510 511 512 513 520 523 524]] [35 [526 527 531 532 534 536 537]] [36 [540 541 548 549 552 553 554]] [37 [560 562 563 564 567 568 569]] [38 [570 571 574 576 580 581 582]] [39 [587 588 590 595 597 599]] [40 [600 604 606 608 609 611 613]] [41 [615 620 621 622 624 628 629]] [42 [635 636 639 640 641 642]] [43 [645 649 650 652 653 657]] [44 [660 663 670 671 672]] [45 [675 676 677 681 683 686]] [46 [690 692 694 695 697 701 702 703]] [47 [705 707 709 710 711 713 714 718 719]] [48 [721 723 727 728 731 732 734]] [49 [735 736 739 747 748 749]] [50 [752 753 755 757 758 759 764]] [51 [767 769 770 771 776 777]] [52 [780 782 783 788 791 793 794]] [53 [795 796 797 799 800 801 805 808 809]] [54 [810 811 813 816 817 819 822 824]] [55 [828 829 830 834 835]] [56 [841 842 843 844 849 853 854]] [57 [855 859 860 863 865 866 867]] [58 [870 871 872 874 875 877 879 881 883 884]] [59 [887 889 892 896 898]] [60 [901 902 903 904 905 906 907 913 914]] [61 [919 922 923 925 927 928 929]] [62 [930 931 935 936 938 939 941]] [63 [948 949 951 957 958 959]] [64 [960 961 963 964 968 969 971 972]] [65 [976 978 980 981 982 983 986 988 989]] [66 [991 992 994 995 998 999 1000 1001]] [67 [1005 1006 1009 1010 1011 1013 1017 1019]] [68 [1020 1022 1024 1025 1027 1028 1032 1034]] [69 [1036 1037 1042 1043 1044 1047 1049]] [70 [1050 1052 1054 1056 1058 1060 1062 1064]] [71 [1065 1067 1068 1070 1071 1073 1076 1077]] [72 [1081 1083 1084 1086 1087 1088 1093]] [73 [1095 1098 1099 1100 1101 1103 1107 1109]] [74 [1110 1112 1116 1117 1119 1120 1122 1124]] [75 [1127 1128 1129 1130 1131 1132 1133 1134 1136 1138]] [76 [1142 1146 1147 1149 1150 1151 1152]] [77 [1155 1158 1160 1166 1167 1168 1169]] [78 [1170 1171 1172 1173 1177 1183]] [79 [1187 1188 1189 1190 1191 1192 1197 1199]] [80 [1200 1203 1204 1206 1207 1212 1213]] [81 [1215 1216 1217 1221 1223 1224 1228 1229]] [82 [1233 1234 1235 1237 1238 1240 1243]] [83 [1247 1248 1249 1250 1257 1259]] [84 [1260 1261 1264 1268 1269 1272 1273]] [85 [1275 1278 1279 1281 1283 1285 1287]] [86 [1290 1291 1292 1295 1297 1301 1302]] [87 [1306 1307 1308 1309 1311 1312 1313 1315]] [88 [1321 1322 1324 1326 1328 1331 1333]] [89 [1335 1336 1339 1342 1345 1347 1349]] [90 [1351 1354 1355 1357 1359 1360 1364]] [91 [1366 1367 1369 1371 1374 1375 1377 1379]] [92 [1382 1384 1387 1392 1393]] [93 [1396 1397 1398 1400 1402 1403 1404 1407 1408]] [94 [1411 1413 1415 1416 1417 1421 1424]] [95 [1427 1428 1429 1431 1432 1434 1437 1438]] [96 [1441 1444 1445 1446 1449 1451]] [97 [1458 1459 1460 1462 1463 1465 1467]] [98 [1472 1473 1476 1478 1479 1480 1484]] [99 [1489 1493 1495 1496 1497 1498 1499]]]",,"[[{citizen 20} [[""A"" [2 1 1 0 1 2 4 5 4 5]]]] [{citizen 26} [[""A"" [2 1 1 1 1 2 2 1 1 0]]]] [{citizen 31} [[""A"" [1 1 4 2 1 1 2 1 1 0]]]] [{citizen 36} [[""A"" [5 3 1 1 3 1 5 5 4 0]]]] [{media 50} [[""A"" [1 1 1 1 1 1 1 1 1 1]]]] [{media 51} [[""A"" [2 2 2 2 2 2 2 2 2 2]]]] [{media 55} [[""A"" [2 2 2 2 2 2 2 2 2 2]]]] [{media 56} [[""A"" [1 1 1 1 1 1 1 1 1 1]]]] [{media 58} [[""A"" [0 0 0 0 0 0 0 0 0 0]]]] [{media 60} [[""A"" [3 3 3 3 3 3 3 3 3 3]]]] [{media 63} [[""A"" [1 1 1 1 1 1 1 1 1 1]]]] [{media 64} [[""A"" [1 1 1 1 1 1 1 1 1 1]]]] [{media 53} [[""A"" [4 4 4 4 4 4 4 4 4 4]]]] [{citizen 0} [[""A"" [2 1 1 1 0 1 2 2 1 0]]]] [{citizen 4} [[""A"" [3 4 4 3 1 2 1 0 2 1]]]] [{citizen 5} [[""A"" [4 3 1 1 0 1 2 1 2 0]]]] [{citizen 8} [[""A"" [4 3 1 6 4 2 1 2 1 1]]]] [{media 52} [[""A"" [4 4 4 4 4 4 4 4 4 4]]]] [{citizen 3} [[""A"" [2 3 2 1 2 1 1 2 4 5]]]] [{citizen 1} [[""A"" [1 1 0 1 4 2 5 4 1 0]]]] [{citizen 41} [[""A"" [0 1 2 3 1 2 1 6 4 5]]]] [{citizen 17} [[""A"" [4 2 0 2 1 1 1 2 3 4]]]] [{citizen 12} [[""A"" [1 1 1 3 1 2 1 2 4 5]]]] [{citizen 29} [[""A"" [1 1 1 6 2 5 4 2 1 0]]]] [{citizen 14} [[""A"" [1 2 1 1 1 2 2 3 4 5]]]] [{citizen 45} [[""A"" [3 2 1 1 1 0 2 1 0 1]]]] [{citizen 24} [[""A"" [2 1 3 4 1 2 1 1 0 1]]]] [{citizen 28} [[""A"" [1 2 1 0 1 4 6 5 4 5]]]] [{citizen 34} [[""A"" [2 1 0 1 1 2 3 5 4 5]]]] [{citizen 16} [[""A"" [1 2 1 1 1 1 2 2 6 5]]]] [{citizen 40} [[""A"" [1 4 5 4 1 2 1 0 2 1]]]] [{citizen 23} [[""A"" [1 3 4 2 2 3 5 6 5 5]]]] [{citizen 6} [[""A"" [0 1 2 5 4 3 1 2 0 1]]]] [{citizen 43} [[""A"" [4 3 1 1 1 2 5 6 5 5]]]] [{citizen 10} [[""A"" [1 1 1 2 1 2 1 0 2 1]]]] [{citizen 21} [[""A"" [3 1 1 3 4 2 1 1 2 1]]]] [{citizen 25} [[""A"" [3 1 3 1 1 1 2 1 2 0]]]] [{citizen 7} [[""A"" [1 2 1 1 4 2 2 1 1 1]]]] [{citizen 19} [[""A"" [3 5 4 4 2 6 4 2 1 0]]]] [{citizen 2} [[""A"" [3 1 2 1 1 5 2 1 2 0]]]] [{citizen 11} [[""A"" [1 1 2 6 5 4 2 1 2 1]]]] [{citizen 42} [[""A"" [2 1 1 4 2 1 2 1 0 1]]]] [{citizen 27} [[""A"" [3 1 2 1 1 1 4 2 1 0]]]] [{citizen 15} [[""A"" [0 1 2 2 1 2 1 0 2 1]]]] [{citizen 18} [[""A"" [5 5 4 4 5 6 5 4 2 5]]]] [{citizen 33} [[""A"" [1 1 1 1 1 2 1 0 2 1]]]] [{citizen 44} [[""A"" [1 3 1 1 1 2 6 5 4 5]]]] [{citizen 22} [[""A"" [0 1 2 4 2 6 5 4 1 0]]]] [{citizen 49} [[""A"" [1 1 1 1 2 1 2 1 1 0]]]] [{citizen 9} [[""A"" [2 1 1 4 2 1 2 1 1 0]]]] [{media 54} [[""A"" [5 5 5 5 5 5 5 5 5 5]]]] [{citizen 48} [[""A"" [0 1 2 1 2 1 1 1 2 1]]]] [{citizen 30} [[""A"" [1 1 0 2 1 2 2 1 0 2]]]] [{citizen 39} [[""A"" [3 1 2 2 1 2 1 0 2 1]]]] [{citizen 35} [[""A"" [4 5 3 1 2 1 1 3 4 5]]]] [{citizen 38} [[""A"" [1 1 2 3 6 5 4 1 0 1]]]] [{media 61} [[""A"" [6 6 6 6 6 6 6 6 6 6]]]] [{media 59} [[""A"" [5 5 5 5 5 5 5 5 5 5]]]] [{media 57} [[""A"" [5 5 5 5 5 5 5 5 5 5]]]] [{media 62} [[""A"" [5 5 5 5 5 5 5 5 5 5]]]] [{citizen 37} [[""A"" [1 1 1 0 2 4 2 1 2 2]]]] [{citizen 32} [[""A"" [5 4 1 1 3 4 2 4 1 0]]]] [{citizen 47} [[""A"" [1 0 1 2 2 1 1 2 1 1]]]] [{citizen 46} [[""A"" [1 1 2 1 1 1 3 1 4 5]]]]]"
"14","[43 0 212]","277.5","-4.29465293832446","0.793191681902617","""circle""","""""","9.9","{breed citizens}","false","0.5","1","""up""",,"[[""ID"" 14] [""alpha"" 1] [""beta"" 1] [""malleable"" [""A""]] [""prior"" []] [""cont_tokens"" []] [""A"" 5]]","[[0 [0 1 2 3 4 5 8 9 11 13]] [1 [16 18 20 21 22 23 24 25 27 28]] [2 [30 31 32 33 34 35 36 37 38 39 40 41 42 43 44]] [3 [45 46 47 48 49 50 51 52 53 54 55 56 57 58]] [4 [60 61 62 63 64 65 66 67 68 69 70 71 72 73 74]] [5 [75 76 77 78 79 80 81 82 83 84 85 86 87 88 89]] [6 [90 91 92 93 94 95 96 97 98 99 100 101 102 103 104]] [7 [105 106 107 108 109 110 111 112 113 114 115 116 117 118 119]] [8 [120 121 122 123 124 125 126 127 128 129 130 131 132 133 134]] [9 [136 137 138 139 142 145 146 147 149]] [10 [150 151 152 153 154 155 156 158 159 160 161 162 163 164]] [11 [166 167 169 170 171 172 173 174 175 176 177 178 179]] [12 [180 181 182 183 184 185 186 187 188 189 190 191 192 193 194]] [13 [195 196 197 198 199 200 201 202 203 204 205 206 207 208 209]] [14 [210 211 212 213 214 215 216 217 218 219 220 221 222 223 224]] [15 [225 226 227 228 229 230 231 232 233 234 235 236 237 238 239]] [16 [240 241 242 243 244 245 246 247 248 249 250 251 252 253 254]] [17 [255 256 257 258 259 260 261 262 263 264 265 266 267 268 269]] [18 [270 271 272 273 274 275 276 277 278 279 280 281 282 283 284]] [19 [285 286 287 288 289 290 291 292 293 294 295 296 297 298 299]] [20 [300 301 302 303 304 305 306 307 309 310 311 312 313 314]] [21 [315 316 317 318 319 320 321 322 323 324 325 326 327 328 329]] [22 [330 331 332 333 334 335 336 337 338 339 340 341 342 343 344]] [23 [345 346 347 348 349 350 351 352 353 354 355 356 357 358 359]] [24 [361 362 366 367 368 369 371 374]] [25 [375 376 377 378 379 380 381 382 383 384 385 386 387 388 389]] [26 [390 391 392 393 394 395 396 397 398 399 400 401 402 403 404]] [27 [405 406 407 408 409 410 411 412 413 414 415 416 417 418 419]] [28 [420 421 422 423 424 425 426 427 428 429 430 431 432 433 434]] [29 [435 436 437 438 439 440 441 442 443 444 445 446 447 448 449]] [30 [450 451 452 453 454 455 456 457 458 459 460 461 462 463 464]] [31 [465 466 467 468 469 470 471 472 473 474 475 476 477 478 479]] [32 [480 481 482 483 484 485 486 487 488 489 490 491 492 493 494]] [33 [495 496 497 498 501 504 505 509]] [34 [510 511 512 513 514 515 516 517 518 519 520 521 522 523 524]] [35 [525 526 527 528 529 530 531 532 533 534 535 536 537 538 539]] [36 [540 541 542 543 544 545 546 547 548 549 550 551 552 553 554]] [37 [555 556 557 558 559 560 561 562 563 564 565 566 567 568 569]] [38 [570 571 572 573 574 575 576 577 578 579 580 581 582 583 584]] [39 [585 586 587 588 589 590 591 592 593 594 595 596 597 598 599]] [40 [600 601 602 603 604 605 606 607 608 609 610 611 612 613 614]] [41 [615 616 617 618 619 620 621 622 624 625 626 627 628 629]] [42 [630 631 632 633 634 635 636 637 638 639 640 641 642 643 644]] [43 [645 646 647 648 649 650 651 652 653 654 655 656 657 658 659]] [44 [660 661 662 663 664 665 666 667 668 669 670 671 672 673 674]] [45 [675 676 677 678 679 680 681 682 683 684 685 686 687 688 689]] [46 [690 691 692 693 694 695 696 697 698 699 700 701 702 703 704]] [47 [705 706 707 708 709 710 711 712 713 714 715 716 717 718 719]] [48 [720 721 722 723 724 725 726 727 728 729 730 731 732 734]] [49 [735 736 737 738 739 740 741 742 743 744 745 746 747 748 749]] [50 [750 751 752 753 755 757 758 759 760 761 762 763 764]] [51 [765 766 767 768 769 770 771 772 773 774 775 776 777 778 779]] [52 [780 781 782 783 784 785 786 787 788 789 790 791 792 793 794]] [53 [795 796 797 799 800 801 804 805 806 807 808 809]] [54 [810 811 812 813 814 815 816 817 818 819 820 821 822 824]] [55 [826 827 828 829 830 831 832 833 834 835 836 837 838 839]] [56 [840 841 842 843 844 845 846 847 848 849 850 851 852 853 854]] [57 [855 856 857 858 859 860 861 862 863 864 865 866 867 868 869]] [58 [870 871 872 873 874 875 876 877 878 879 880 881 882 883 884]] [59 [885 886 887 888 889 890 891 892 893 894 895 896 897 898 899]] [60 [900 901 902 903 904 905 906 907 908 909 910 911 912 913 914]] [61 [915 916 917 918 919 920 921 922 923 924 925 926 927 928 929]] [62 [930 931 934 935 936 938 939 941]] [63 [948 949 951 954 955 957 958 959]] [64 [960 961 963 964 968 969 971 972]] [65 [975 976 977 978 980 981 982 983 984 985 986 987 988 989]] [66 [990 991 992 994 995 996 997 998 999 1000 1001 1002 1003 1004]] [67 [1005 1006 1007 1008 1009 1010 1011 1012 1013 1014 1015 1016 1017 1019]] [68 [1020 1022 1024 1025 1026 1027 1028 1029 1030 1031 1032 1033 1034]] [69 [1035 1036 1037 1038 1039 1040 1041 1042 1043 1044 1045 1046 1047 1048 1049]] [70 [1050 1051 1052 1053 1054 1055 1056 1057 1058 1059 1060 1061 1062 1063 1064]] [71 [1065 1066 1067 1068 1069 1070 1071 1072 1073 1074 1075 1076 1077 1079]] [72 [1080 1081 1082 1083 1084 1086 1087 1088 1091 1093]] [73 [1095 1098 1099 1100 1101 1103 1107 1109]] [74 [1110 1111 1112 1113 1114 1115 1116 1117 1118 1119 1120 1122 1123 1124]] [75 [1125 1126 1127 1128 1129 1130 1131 1132 1133 1134 1135 1136 1137 1138 1139]] [76 [1140 1141 1142 1143 1144 1145 1146 1147 1148 1149 1150 1151 1152 1153 1154]] [77 [1155 1156 1157 1158 1159 1160 1161 1162 1163 1164 1165 1166 1167 1168 1169]] [78 [1170 1171 1172 1173 1174 1175 1176 1177 1178 1179 1180 1181 1182 1183 1184]] [79 [1185 1186 1187 1188 1189 1190 1191 1192 1193 1194 1195 1196 1197 1198 1199]] [80 [1200 1201 1202 1203 1204 1205 1206 1207 1208 1209 1210 1211 1212 1213 1214]] [81 [1215 1216 1217 1218 1219 1220 1221 1222 1223 1224 1225 1226 1227 1228 1229]] [82 [1230 1231 1232 1233 1234 1235 1236 1237 1238 1239 1240 1241 1242 1243 1244]] [83 [1245 1246 1247 1248 1249 1250 1251 1252 1253 1254 1255 1256 1257 1258 1259]] [84 [1260 1261 1262 1263 1264 1265 1266 1267 1268 1269 1270 1271 1272 1273 1274]] [85 [1275 1276 1277 1278 1279 1280 1281 1282 1283 1284 1285 1286 1287 1288]] [86 [1290 1291 1292 1293 1294 1295 1296 1297 1298 1299 1300 1301 1302 1303 1304]] [87 [1305 1306 1307 1308 1309 1310 1311 1312 1313 1314 1315 1316 1317 1318 1319]] [88 [1320 1321 1322 1323 1324 1325 1326 1327 1328 1329 1330 1331 1332 1333 1334]] [89 [1335 1336 1337 1338 1339 1340 1341 1342 1343 1344 1345 1346 1347 1348 1349]] [90 [1350 1351 1352 1353 1354 1355 1356 1357 1358 1359 1360 1361 1362 1363 1364]] [91 [1365 1366 1367 1368 1369 1370 1371 1372 1373 1374 1375 1376 1377 1378 1379]] [92 [1380 1381 1382 1383 1384 1385 1386 1387 1388 1389 1390 1391 1392 1393 1394]] [93 [1395 1396 1397 1398 1399 1400 1401 1402 1403 1404 1405 1406 1407 1408 1409]] [94 [1410 1411 1412 1413 1415 1416 1417 1421 1424]] [95 [1425 1427 1428 1429 1431 1432 1434 1437 1438 1439]] [96 [1440 1441 1442 1443 1444 1445 1446 1447 1448 1449 1450 1451 1452 1453 1454]] [97 [1455 1456 1457 1458 1459 1460 1461 1462 1463 1464 1465 1466 1467 1468 1469]] [98 [1470 1471 1472 1473 1474 1475 1476 1477 1478 1479 1480 1484]] [99 [1485 1486 1487 1488 1489 1490 1491 1492 1493 1494 1495 1496 1497 1498 1499]]]","[[0 [1 2 3 4 8 9 11 13]] [1 [16 18 21 23 25 27 28]] [2 [30 31 32 34 36 37 44]] [3 [51 53 54 55 56 57 58]] [4 [61 63 68 69 70 71 72]] [5 [75 79 80 81 82 83 85]] [6 [91 94 95 96 97 101 104]] [7 [105 106 110 113 114 115 116 117 119]] [8 [120 121 125 127 130 131 132 134]] [9 [136 137 138 139 142 145 146 149]] [10 [150 151 154 156 158 163 164]] [11 [167 169 173 175 176 179]] [12 [180 181 182 184 186 188 189 190 191 193]] [13 [195 196 201 204 206 207 208]] [14 [210 211 212 214 215 217 218 220 222 223]] [15 [225 227 228 229 230 231 233 234 237 239]] [16 [244 248 249 251 252 254]] [17 [255 256 257 258 263 266 267 268 269]] [18 [270 272 273 275 276 277 280 281 284]] [19 [285 287 288 289 291 294 299]] [20 [303 304 305 306 312 313 314]] [21 [315 316 318 320 322 323 325 327 329]] [22 [330 331 334 337 338 340 343]] [23 [346 350 352 353 354 357 358]] [24 [362 366 367 368 369 371 374]] [25 [376 379 380 383 385 388 389]] [26 [390 393 394 395 396 397 400 402 404]] [27 [407 410 412 413 419]] [28 [420 422 423 424 425 426 427 428 429 431 432 434]] [29 [436 437 443 444 447 448 449]] [30 [451 452 453 456 457 458 463 464]] [31 [465 466 467 468 469 470 474 475 479]] [32 [480 482 483 484 486 487 492]] [33 [495 496 497 498 501 504 505]] [34 [510 511 512 513 520 523 524]] [35 [526 527 531 532 533 534 537]] [36 [540 541 543 548 549 552 553 554]] [37 [559 560 563 567 568 569]] [38 [571 572 574 576 580 581 582]] [39 [588 590 594 595 597 599]] [40 [600 604 606 608 609 611 613]] [41 [615 620 621 626 629]] [42 [633 635 636 639 640 641 642 643]] [43 [646 647 648 650 652 653 657]] [44 [660 663 668 673 674]] [45 [675 676 677 681 682 683 686]] [46 [690 691 693 696 698 699 700 704]] [47 [706 708 712 715 716 717 719]] [48 [721 723 727 728 731 734]] [49 [735 736 739 747 748 749]] [50 [751 752 753 755 757 759 764]] [51 [766 767 769 770 771 772 776 777]] [52 [780 781 782 783 788 791 793 794]] [53 [795 796 797 799 800 801 805 809]] [54 [810 811 813 817 819 822]] [55 [827 828 829 830 834 835]] [56 [841 842 843 844 849 850 851 852]] [57 [856 857 858 861 862 864 868]] [58 [873 876 878 879 881 883 884]] [59 [885 886 887 891 893 894 895 897 899]] [60 [903 904 905 906 907 910 911 912]] [61 [915 916 917 918 919 922 923 925 927 928 929]] [62 [930 931 934 935 936 938 939 941]] [63 [948 949 954 955 958 959]] [64 [960 961 963 964 968 971 972]] [65 [976 978 980 981 982 983 984 986 988 989]] [66 [991 992 994 995 996 997 1002 1003 1004]] [67 [1007 1012 1014 1015 1016 1019]] [68 [1020 1022 1025 1026 1027 1028 1032 1034]] [69 [1036 1037 1042 1043 1044 1047 1049]] [70 [1050 1052 1054 1056 1058 1060 1063 1064]] [71 [1065 1067 1068 1070 1071 1073 1076 1077]] [72 [1081 1083 1084 1086 1087 1088 1093]] [73 [1095 1098 1099 1100 1101 1103 1107 1109]] [74 [1110 1112 1117 1119 1123]] [75 [1125 1126 1127 1128 1129 1135 1137 1139]] [76 [1140 1143 1145 1148 1153 1154]] [77 [1155 1158 1159 1161 1163 1164 1165]] [78 [1174 1175 1176 1177 1178 1179 1180 1182 1184]] [79 [1185 1186 1193 1194 1195 1196 1198]] [80 [1201 1202 1208 1209 1210 1211 1214]] [81 [1218 1219 1220 1222 1225 1227 1228]] [82 [1231 1236 1239 1241 1242 1244]] [83 [1245 1246 1248 1251 1253 1255 1256 1258 1259]] [84 [1260 1261 1264 1268 1269 1272 1273]] [85 [1277 1280 1282 1284 1288]] [86 [1293 1294 1296 1298 1300 1303 1304]] [87 [1305 1310 1314 1316 1317 1318 1319]] [88 [1320 1323 1325 1327 1329 1330 1332 1334]] [89 [1337 1338 1340 1341 1344 1346 1348]] [90 [1350 1352 1353 1354 1355 1357 1359 1360 1364]] [91 [1366 1367 1369 1370 1372 1373 1375 1379]] [92 [1382 1383 1384 1387 1389 1390 1394]] [93 [1395 1399 1404 1407 1408]] [94 [1411 1413 1415 1416 1417 1421 1424]] [95 [1425 1431 1432 1434 1437 1438]] [96 [1441 1444 1445 1446 1447 1448 1449 1451]] [97 [1458 1460 1462 1463 1465 1467]] [98 [1472 1473 1476 1477 1480 1484]] [99 [1487 1492 1494]]]",,"[[{citizen 15} [[""A"" [1 0 2 4 1 1 1 0 2 1]]]] [{citizen 17} [[""A"" [5 4 0 1 2 1 4 2 1 3]]]] [{citizen 19} [[""A"" [1 1 1 3 5 4 4 5 6 1]]]] [{citizen 29} [[""A"" [4 3 1 1 6 4 2 5 2 1]]]] [{citizen 46} [[""A"" [1 2 1 0 2 1 2 1 1 1]]]] [{media 50} [[""A"" [1 1 1 1 1 1 1 1 1 1]]]] [{media 51} [[""A"" [2 2 2 2 2 2 2 2 2 2]]]] [{media 55} [[""A"" [2 2 2 2 2 2 2 2 2 2]]]] [{media 56} [[""A"" [1 1 1 1 1 1 1 1 1 1]]]] [{media 58} [[""A"" [0 0 0 0 0 0 0 0 0 0]]]] [{media 63} [[""A"" [1 1 1 1 1 1 1 1 1 1]]]] [{media 64} [[""A"" [1 1 1 1 1 1 1 1 1 1]]]] [{media 53} [[""A"" [4 4 4 4 4 4 4 4 4 4]]]] [{citizen 0} [[""A"" [4 1 1 0 1 0 4 2 1 0]]]] [{citizen 4} [[""A"" [1 1 1 3 4 4 1 0 2 1]]]] [{citizen 5} [[""A"" [5 5 4 5 4 1 1 0 1 2]]]] [{citizen 6} [[""A"" [3 1 1 1 1 0 4 5 3 2]]]] [{citizen 7} [[""A"" [2 1 2 1 4 4 2 1 1 1]]]] [{media 60} [[""A"" [3 3 3 3 3 3 3 3 3 3]]]] [{media 52} [[""A"" [4 4 4 4 4 4 4 4 4 4]]]] [{citizen 3} [[""A"" [3 5 4 3 2 2 2 1 1 5]]]] [{citizen 1} [[""A"" [1 1 1 0 4 2 1 5 1 0]]]] [{citizen 41} [[""A"" [4 0 1 3 2 1 1 6 5 4]]]] [{citizen 12} [[""A"" [0 1 2 1 1 1 3 2 1 5]]]] [{citizen 45} [[""A"" [4 3 2 1 1 1 0 2 0 1]]]] [{citizen 24} [[""A"" [4 2 4 1 2 1 3 4 1 1]]]] [{citizen 31} [[""A"" [2 1 1 2 1 1 1 4 1 1]]]] [{citizen 28} [[""A"" [1 3 1 1 0 4 5 5 6 4]]]] [{citizen 34} [[""A"" [5 5 4 4 3 3 1 2 0 5]]]] [{citizen 16} [[""A"" [2 1 2 1 1 1 2 4 5 6]]]] [{citizen 40} [[""A"" [1 1 4 5 4 1 2 1 0 2]]]] [{citizen 23} [[""A"" [4 1 0 2 1 1 1 4 4 5]]]] [{citizen 43} [[""A"" [3 5 5 1 3 1 4 1 5 6]]]] [{citizen 10} [[""A"" [3 1 1 2 1 1 2 1 2 1]]]] [{citizen 21} [[""A"" [3 1 1 3 1 3 5 4 1 1]]]] [{citizen 25} [[""A"" [4 4 3 1 1 3 1 2 1 2]]]] [{citizen 20} [[""A"" [3 2 1 1 0 4 5 5 4 5]]]] [{citizen 27} [[""A"" [5 5 1 3 2 1 1 4 2 1]]]] [{citizen 18} [[""A"" [5 5 5 4 4 5 6 5 4 2]]]] [{citizen 42} [[""A"" [2 1 1 1 4 4 2 1 2 1]]]] [{citizen 2} [[""A"" [1 2 3 1 2 1 1 5 2 0]]]] [{citizen 33} [[""A"" [5 1 2 0 1 1 1 2 2 1]]]] [{citizen 8} [[""A"" [4 4 3 1 6 4 4 1 1 1]]]] [{citizen 44} [[""A"" [4 3 1 2 1 3 1 2 5 6]]]] [{citizen 22} [[""A"" [1 0 2 4 2 5 6 5 4 1]]]] [{citizen 11} [[""A"" [5 4 1 2 1 5 6 1 2 1]]]] [{citizen 49} [[""A"" [4 5 4 1 1 1 2 1 1 1]]]] [{citizen 13} [[""A"" [5 5 4 0 2 1 0 1 1 1]]]] [{citizen 36} [[""A"" [5 4 5 4 3 1 5 5 5 1]]]] [{citizen 9} [[""A"" [5 4 4 3 1 4 2 1 1 0]]]] [{media 54} [[""A"" [5 5 5 5 5 5 5 5 5 5]]]] [{citizen 48} [[""A"" [2 2 0 2 2 1 1 1 2 1]]]] [{citizen 30} [[""A"" [4 0 1 2 1 1 0 2 1 1]]]] [{citizen 39} [[""A"" [1 2 1 1 1 2 4 2 1 2]]]] [{citizen 35} [[""A"" [5 5 3 5 4 5 3 1 1 4]]]] [{citizen 38} [[""A"" [4 1 2 1 1 5 6 1 0 1]]]] [{media 61} [[""A"" [6 6 6 6 6 6 6 6 6 6]]]] [{media 59} [[""A"" [5 5 5 5 5 5 5 5 5 5]]]] [{media 57} [[""A"" [5 5 5 5 5 5 5 5 5 5]]]] [{media 62} [[""A"" [5 5 5 5 5 5 5 5 5 5]]]] [{citizen 37} [[""A"" [2 1 1 0 4 2 1 2 1 2]]]] [{citizen 32} [[""A"" [5 5 5 2 4 5 4 5 4 1]]]] [{citizen 26} [[""A"" [2 1 1 1 0 2 2 1 1 0]]]] [{citizen 47} [[""A"" [1 1 1 0 4 2 1 1 1 1]]]]]"
"15","[213 0 42]","139.6875","6.376907925505293","-7.35150822486077","""circle""","""""","9.9","{breed citizens}","false","0.5","1","""up""",,"[[""ID"" 15] [""alpha"" 1] [""beta"" 1] [""malleable"" [""A""]] [""prior"" []] [""cont_tokens"" []] [""A"" 1]]","[[0 [1 2 3 4 8 9 11 13]] [1 [16 18 20 21 22 23 24 25 27 28]] [2 [30 31 32 33 34 35 36 37 38 39 40 41 42 43 44]] [3 [45 46 47 48 49 50 51 52 53 54 55 56 57 58]] [4 [60 61 62 63 64 65 66 67 68 69 70 71 72 73 74]] [5 [75 76 77 78 79 80 81 82 83 84 85 86 87 88 89]] [6 [90 91 92 93 94 95 96 97 98 99 100 101 102 103 104]] [7 [105 106 107 108 109 110 111 112 113 114 115 116 117 118 119]] [8 [120 121 122 123 124 125 126 127 128 129 130 131 132 133 134]] [9 [136 137 138 139 142 145 146 147 149]] [10 [150 151 152 153 154 155 156 158 159 160 161 162 163 164]] [11 [166 167 169 170 171 172 173 174 175 176 177 178 179]] [12 [180 181 182 183 184 185 186 187 188 189 190 191 192 193 194]] [13 [195 196 197 198 199 200 201 202 203 204 205 206 207 208 209]] [14 [210 211 212 213 214 215 216 217 218 219 220 221 222 223 224]] [15 [225 226 227 228 229 230 231 232 233 234 235 236 237 238 239]] [16 [240 241 242 243 244 245 246 247 248 249 250 251 252 253 254]] [17 [255 256 257 258 259 260 261 262 263 264 265 266 267 268 269]] [18 [270 271 272 273 274 275 276 277 278 279 280 281 282 283 284]] [19 [285 286 287 288 289 290 291 292 293 294 295 296 297 298 299]] [20 [300 301 302 303 304 305 306 307 309 310 311 312 313 314]] [21 [315 316 317 318 319 320 321 322 323 324 325 326 327 328 329]] [22 [330 331 332 333 334 335 336 337 338 339 340 341 343 344]] [23 [345 346 347 348 349 350 351 352 353 354 355 356 357 358]] [24 [360 361 362 363 364 365 366 367 368 369 370 371 372 373 374]] [25 [375 376 377 378 379 380 381 382 383 384 385 386 387 388 389]] [26 [390 391 392 393 394 395 396 397 398 399 400 401 402 403 404]] [27 [405 406 407 408 409 410 411 412 413 414 415 416 417 418 419]] [28 [420 421 422 423 424 425 426 427 428 429 430 431 432 433 434]] [29 [435 436 437 438 439 440 441 442 443 444 445 446 447 448 449]] [30 [450 451 452 453 454 455 456 457 458 459 460 461 462 463 464]] [31 [465 466 467 468 469 470 471 472 473 474 475 476 477 478 479]] [32 [480 481 482 483 484 485 486 487 488 489 490 491 492 493 494]] [33 [495 496 497 498 501 504 505 509]] [34 [510 511 512 513 514 515 516 517 518 519 520 521 522 523 524]] [35 [525 526 527 528 529 530 531 532 533 534 535 536 537 538 539]] [36 [540 541 542 543 544 545 546 547 548 549 550 551 552 553 554]] [37 [555 556 557 558 559 560 561 562 563 564 565 566 567 568 569]] [38 [570 571 572 573 574 575 576 577 578 579 580 581 582 583 584]] [39 [585 586 587 588 589 590 591 592 593 594 595 596 597 598 599]] [40 [600 601 602 603 604 605 606 607 608 609 610 611 612 613 614]] [41 [615 616 617 618 619 620 621 622 624 625 626 627 628 629]] [42 [630 631 632 633 634 635 636 637 638 639 640 641 642 643 644]] [43 [645 646 647 648 649 650 651 652 653 654 655 656 657 658 659]] [44 [660 661 662 663 664 665 666 667 668 669 670 671 672 673 674]] [45 [675 676 677 678 679 680 681 682 683 684 685 686 687 688 689]] [46 [690 691 692 693 694 695 696 697 698 699 700 701 702 703 704]] [47 [705 706 707 708 709 710 711 712 713 714 715 716 717 718 719]] [48 [720 721 722 723 724 725 726 727 728 729 730 731 732 734]] [49 [735 736 737 738 739 740 741 742 743 744 745 746 747 748 749]] [50 [750 751 752 753 755 757 758 759 760 761 762 763 764]] [51 [765 766 767 768 769 770 771 772 773 774 775 776 777 778 779]] [52 [780 781 782 783 784 785 786 787 788 789 790 791 792 793 794]] [53 [795 796 797 798 799 800 801 802 803 804 805 806 807 808 809]] [54 [810 811 812 813 814 815 816 817 818 819 820 821 822 824]] [55 [826 827 828 829 830 831 832 833 834 835 836 837 838 839]] [56 [840 841 842 843 844 845 846 847 848 849 850 851 852 853 854]] [57 [855 856 857 858 859 860 861 862 863 864 865 866 867 868 869]] [58 [871 872 873 874 875 876 877 878 879 880 881 882 883 884]] [59 [885 886 887 888 889 890 891 892 893 894 895 896 897 898 899]] [60 [902 903 904 905 906 907 910 911 912 913 914]] [61 [915 916 917 918 919 920 921 922 923 924 925 926 927 928 929]] [62 [930 931 934 935 936 938 939 941]] [63 [948 949 951 954 955 957 958 959]] [64 [960 961 963 964 968 969 971 972]] [65 [975 976 977 978 980 981 982 983 984 985 986 987 988 989]] [66 [990 991 992 994 995 996 997 998 999 1000 1001 1002 1003 1004]] [67 [1005 1006 1007 1008 1009 1010 1011 1012 1013 1014 1015 1016 1017 1019]] [68 [1020 1022 1024 1025 1026 1027 1028 1029 1030 1031 1032 1033 1034]] [69 [1035 1036 1037 1038 1039 1040 1041 1042 1043 1044 1045 1046 1047 1048 1049]] [70 [1050 1051 1052 1053 1054 1055 1056 1057 1058 1059 1060 1061 1062 1063 1064]] [71 [1065 1066 1067 1068 1069 1070 1071 1072 1073 1074 1075 1076 1077 1079]] [72 [1080 1081 1082 1083 1084 1086 1087 1088 1091 1093]] [73 [1095 1098 1099 1100 1101 1103 1107 1109]] [74 [1110 1111 1112 1113 1114 1115 1116 1117 1118 1119 1120 1122 1123 1124]] [75 [1125 1126 1127 1128 1129 1130 1131 1132 1133 1134 1135 1136 1137 1138 1139]] [76 [1140 1141 1142 1143 1144 1145 1146 1147 1148 1149 1150 1151 1152 1153 1154]] [77 [1155 1156 1157 1158 1159 1160 1161 1162 1163 1164 1165 1166 1167 1168 1169]] [78 [1170 1171 1172 1173 1174 1175 1176 1177 1178 1179 1180 1181 1182 1183 1184]] [79 [1185 1186 1187 1188 1189 1190 1191 1192 1193 1194 1195 1196 1197 1198 1199]] [80 [1200 1201 1202 1203 1204 1205 1206 1207 1208 1209 1210 1211 1212 1213 1214]] [81 [1215 1216 1217 1218 1219 1220 1221 1222 1223 1224 1225 1226 1227 1228 1229]] [82 [1230 1231 1232 1233 1234 1235 1236 1237 1238 1239 1240 1241 1242 1243 1244]] [83 [1245 1246 1247 1248 1249 1250 1251 1252 1253 1254 1255 1256 1257 1258 1259]] [84 [1260 1261 1262 1263 1264 1265 1266 1267 1268 1269 1270 1271 1272 1273]] [85 [1275 1276 1277 1278 1279 1280 1281 1282 1283 1284 1285 1286 1287 1288]] [86 [1290 1291 1292 1293 1294 1295 1296 1297 1298 1299 1300 1301 1302 1303 1304]] [87 [1305 1306 1307 1308 1309 1310 1311 1312 1313 1314 1315 1316 1317 1318 1319]] [88 [1320 1321 1322 1323 1324 1325 1326 1327 1328 1329 1330 1331 1332 1333 1334]] [89 [1335 1336 1337 1338 1339 1340 1341 1342 1343 1344 1345 1346 1347 1348 1349]] [90 [1350 1351 1352 1353 1354 1355 1356 1357 1358 1359 1360 1361 1362 1363 1364]] [91 [1365 1366 1367 1368 1369 1370 1371 1372 1373 1374 1375 1376 1377 1378 1379]] [92 [1380 1381 1382 1383 1384 1385 1386 1387 1388 1389 1390 1391 1392 1393 1394]] [93 [1395 1396 1397 1398 1399 1400 1401 1402 1403 1404 1405 1406 1407 1408 1409]] [94 [1410 1411 1412 1413 1414 1415 1416 1417 1418 1419 1420 1421 1422 1423 1424]] [95 [1425 1427 1428 1429 1431 1432 1434 1437 1438 1439]] [96 [1440 1441 1442 1443 1444 1445 1446 1447 1448 1449 1450 1451 1452 1453 1454]] [97 [1455 1456 1457 1458 1459 1460 1461 1462 1463 1464 1465 1466 1467 1468 1469]] [98 [1470 1471 1472 1473 1474 1475 1476 1477 1478 1479 1480 1484]] [99 [1485 1486 1487 1488 1489 1490 1491 1492 1493 1494 1495 1496 1497 1498 1499]]]","[[0 [1 2 3 9 11 13]] [1 [16 18 20 21 24]] [2 [33 35 38 39 40 41 42 43]] [3 [45 47 48 49 50 52 58]] [4 [61 63 68 69 70 71 72]] [5 [75 79 80 82 83 85]] [6 [91 94 95 96 97 101]] [7 [105 106 108 109 111 117 119]] [8 [120 121 125 127 130 131 132 134]] [9 [136 137 138 139 142 146 147 149]] [10 [150 151 154 156 158 163 164]] [11 [167 169 172 174 177]] [12 [182 184 186 188 189 190 191 193]] [13 [195 196 198 201 204 206 207 208]] [14 [210 211 212 214 215 217 218 220 222 223]] [15 [225 227 228 229 230 231 233 234 237 239]] [16 [244 248 249 251 252 253 254]] [17 [255 256 257 258 263 266 267]] [18 [271 273 275 276 277 280 281 284]] [19 [285 287 288 289 291 294 297 299]] [20 [302 307 310 311 313 314]] [21 [315 316 318 320 322 323 326 328]] [22 [332 333 335 336 339 340 341 344]] [23 [345 347 348 349 351 354 357 358]] [24 [362 366 367 368 369 371 374]] [25 [376 379 380 383 387 389]] [26 [390 392 393 394 395 396 397 400 402 404]] [27 [405 407 410 412 413 418 419]] [28 [420 421 422 423 424 425 430 433]] [29 [438 439 440 441 442 444 447 448 449]] [30 [451 452 453 456 459 461 462]] [31 [467 468 469 470 474 475 479]] [32 [480 482 483 484 485 486 487 492]] [33 [496 497 498 501 504 505]] [34 [510 511 512 513 520 523 524]] [35 [526 527 531 532 533 534 537]] [36 [540 541 543 548 549 552 553 554]] [37 [559 560 562 563 567 568 569]] [38 [570 571 572 574 576 580 581 582]] [39 [587 588 590 595 597 599]] [40 [600 604 606 608 610 611 613]] [41 [615 620 621 622 624 626 628 629]] [42 [633 636 638 639 640 641 642]] [43 [645 651 654 655 656 658 659]] [44 [661 662 664 665 666 667 668 670 671 672]] [45 [675 676 677 681 685 686 687 688]] [46 [690 691 693 696 698 699 700 704]] [47 [706 708 712 715 716 717 719]] [48 [721 723 727 728 730]] [49 [737 738 740 742 743 744 746 748 749]] [50 [753 755 760 761 762 763]] [51 [765 768 773 774 775 778 779]] [52 [784 785 786 787 790 792 794]] [53 [795 796 797 799 800 805 809]] [54 [810 811 813 816 817 819 822 824]] [55 [831 832 833 836 837 838 839]] [56 [840 845 846 847 848 850 851 852]] [57 [856 857 858 861 864 868]] [58 [873 876 878 879 882 884]] [59 [887 891 893 894 895 897 899]] [60 [903 904 905 906 907 910 911 912]] [61 [915 916 917 918 919 922 923 925 927 929]] [62 [930 931 934 935 936 938 939 941]] [63 [948 949 951 957 958 959]] [64 [960 961 963 964 968 971 972]] [65 [976 978 980 981 982 983 984 986 988 989]] [66 [991 992 994 998 999 1000 1001 1004]] [67 [1007 1008 1012 1014 1015 1016 1019]] [68 [1020 1022 1024 1025 1026 1027 1029 1030 1031 1033]] [69 [1035 1038 1039 1040 1041 1045 1046 1048]] [70 [1051 1053 1055 1057 1059 1060 1062 1064]] [71 [1065 1067 1068 1070 1071 1073 1076 1077]] [72 [1081 1083 1084 1086 1087 1088 1093]] [73 [1095 1098 1100 1101 1103 1107 1109]] [74 [1110 1112 1116 1117 1119]] [75 [1125 1126 1127 1128 1129 1135 1137 1139]] [76 [1140 1143 1144 1145 1148 1150 1151 1152]] [77 [1156 1158 1161 1163 1164 1165]] [78 [1174 1175 1176 1178 1179 1180 1182 1184]] [79 [1185 1186 1193 1194 1195 1196 1198]] [80 [1201 1202 1208 1209 1210 1211 1214]] [81 [1218 1219 1220 1222 1225 1226 1227 1228 1229]] [82 [1233 1234 1235 1236 1239 1240 1243]] [83 [1247 1248 1251 1253 1255 1256 1258]] [84 [1262 1263 1265 1266 1267 1269 1272 1273]] [85 [1276 1277 1280 1282 1284 1286 1287]] [86 [1290 1291 1292 1295 1297 1301 1302]] [87 [1306 1307 1308 1309 1311 1312 1313 1315]] [88 [1321 1322 1324 1326 1328 1330 1332 1334]] [89 [1338 1340 1341 1344 1346 1348]] [90 [1350 1352 1353 1354 1355 1357 1359 1360 1361 1363]] [91 [1365 1368 1372 1373 1375 1377 1379]] [92 [1382 1383 1384 1387 1389 1390 1394]] [93 [1395 1399 1401 1402 1403 1404 1407 1408]] [94 [1411 1413 1415 1416 1417 1421 1424]] [95 [1427 1428 1429 1431 1432 1434 1437 1438]] [96 [1441 1444 1445 1446 1448 1449 1451]] [97 [1457 1459 1460 1462 1463 1465 1467]] [98 [1472 1473 1476 1477 1480 1484]] [99 [1489 1493 1495 1496 1497 1498 1499]]]",,"[[{citizen 48} [[""A"" [2 2 0 1 1 2 3 1 1 1]]]] [{media 50} [[""A"" [1 1 1 1 1 1 1 1 1 1]]]] [{media 51} [[""A"" [2 2 2 2 2 2 2 2 2 2]]]] [{media 55} [[""A"" [2 2 2 2 2 2 2 2 2 2]]]] [{media 56} [[""A"" [1 1 1 1 1 1 1 1 1 1]]]] [{media 58} [[""A"" [0 0 0 0 0 0 0 0 0 0]]]] [{media 60} [[""A"" [3 3 3 3 3 3 3 3 3 3]]]] [{media 63} [[""A"" [1 1 1 1 1 1 1 1 1 1]]]] [{media 64} [[""A"" [1 1 1 1 1 1 1 1 1 1]]]] [{citizen 4} [[""A"" [2 1 1 1 3 4 4 3 1 0]]]] [{citizen 5} [[""A"" [5 5 4 3 1 1 1 2 1 2]]]] [{citizen 8} [[""A"" [1 1 1 6 4 4 2 3 1 1]]]] [{citizen 6} [[""A"" [3 2 1 1 1 0 5 4 3 2]]]] [{citizen 7} [[""A"" [2 1 2 1 1 4 4 2 1 1]]]] [{citizen 14} [[""A"" [3 1 2 1 1 1 2 3 4 5]]]] [{citizen 1} [[""A"" [0 4 2 1 3 5 4 1 1 0]]]] [{citizen 41} [[""A"" [0 1 1 2 3 2 1 2 1 5]]]] [{citizen 17} [[""A"" [5 0 1 1 2 2 1 2 1 3]]]] [{citizen 12} [[""A"" [1 0 1 2 1 3 1 2 3 4]]]] [{citizen 29} [[""A"" [4 3 1 1 1 1 2 3 2 1]]]] [{citizen 31} [[""A"" [1 2 1 2 1 1 1 1 2 1]]]] [{citizen 13} [[""A"" [3 4 5 4 1 0 2 1 1 1]]]] [{citizen 25} [[""A"" [4 3 1 3 1 1 1 2 1 2]]]] [{citizen 20} [[""A"" [2 1 2 1 0 4 3 5 4 5]]]] [{citizen 23} [[""A"" [4 1 0 1 2 1 2 3 5 6]]]] [{citizen 16} [[""A"" [2 1 2 1 1 1 2 3 6 5]]]] [{citizen 34} [[""A"" [1 2 3 1 2 1 1 1 3 4]]]] [{citizen 3} [[""A"" [2 2 1 2 1 1 2 3 5 4]]]] [{citizen 42} [[""A"" [2 1 2 1 1 4 2 1 2 1]]]] [{citizen 11} [[""A"" [1 1 2 1 3 5 6 4 2 1]]]] [{citizen 33} [[""A"" [3 4 5 0 1 2 0 1 1 2]]]] [{citizen 45} [[""A"" [5 5 3 2 1 1 0 2 1 0]]]] [{citizen 24} [[""A"" [4 5 2 4 1 2 1 3 4 1]]]] [{citizen 28} [[""A"" [3 1 1 0 1 4 3 5 6 4]]]] [{citizen 40} [[""A"" [3 1 4 5 4 3 1 2 1 0]]]] [{citizen 43} [[""A"" [4 5 1 1 3 1 1 3 5 6]]]] [{citizen 10} [[""A"" [0 1 2 1 2 1 1 1 2 1]]]] [{citizen 21} [[""A"" [1 1 3 2 1 1 3 1 1 3]]]] [{citizen 19} [[""A"" [1 3 5 4 2 5 6 4 2 1]]]] [{citizen 2} [[""A"" [2 1 3 2 1 2 1 2 2 0]]]] [{media 53} [[""A"" [4 4 4 4 4 4 4 4 4 4]]]] [{citizen 27} [[""A"" [5 1 3 1 2 1 1 4 2 3]]]] [{citizen 0} [[""A"" [4 3 4 1 1 0 0 2 1 0]]]] [{citizen 18} [[""A"" [6 5 5 5 4 4 5 5 4 2]]]] [{citizen 36} [[""A"" [4 5 3 1 1 5 5 5 4 1]]]] [{citizen 44} [[""A"" [1 2 1 3 1 1 2 3 6 4]]]] [{media 52} [[""A"" [4 4 4 4 4 4 4 4 4 4]]]] [{citizen 22} [[""A"" [0 2 4 2 3 5 6 4 1 1]]]] [{citizen 49} [[""A"" [4 2 1 2 1 1 1 3 1 1]]]] [{citizen 9} [[""A"" [4 3 1 1 2 4 2 2 1 0]]]] [{media 54} [[""A"" [5 5 5 5 5 5 5 5 5 5]]]] [{media 61} [[""A"" [6 6 6 6 6 6 6 6 6 6]]]] [{citizen 35} [[""A"" [5 4 3 5 3 1 2 1 3 4]]]] [{citizen 30} [[""A"" [2 1 1 0 2 1 1 2 2 1]]]] [{citizen 38} [[""A"" [1 2 1 1 2 3 5 6 4 0]]]] [{media 59} [[""A"" [5 5 5 5 5 5 5 5 5 5]]]] [{media 57} [[""A"" [5 5 5 5 5 5 5 5 5 5]]]] [{media 62} [[""A"" [5 5 5 5 5 5 5 5 5 5]]]] [{citizen 39} [[""A"" [1 1 0 2 1 2 1 2 2 1]]]] [{citizen 37} [[""A"" [1 2 1 2 1 0 4 2 1 2]]]] [{citizen 32} [[""A"" [4 4 4 1 1 4 2 3 4 1]]]] [{citizen 26} [[""A"" [2 1 1 1 2 2 3 1 1 0]]]] [{citizen 47} [[""A"" [1 2 0 1 1 2 1 1 2 1]]]] [{citizen 46} [[""A"" [1 0 2 1 2 1 1 1 3 4]]]]]"
"16","[43 0 212]","66","8.027043272589435","4.0046207105561855","""circle""","""""","9.9","{breed citizens}","false","0.5","1","""up""",,"[[""ID"" 16] [""alpha"" 1] [""beta"" 1] [""malleable"" [""A""]] [""prior"" []] [""cont_tokens"" []] [""A"" 5]]","[[0 [1 2 3 4 8 9 11 13]] [1 [16 18 20 21 22 23 24 25 27 28]] [2 [30 31 32 33 34 35 36 37 38 39 40 41 42 43 44]] [3 [45 46 47 48 49 50 51 52 53 54 55 56 57 58]] [4 [60 61 62 63 64 65 66 67 68 69 70 71 72 73 74]] [5 [75 76 77 78 79 80 81 82 83 84 85 86 87 88 89]] [6 [90 91 92 93 94 95 96 97 98 99 100 101 102 103 104]] [7 [105 106 107 108 109 110 111 112 113 114 115 116 117 118 119]] [8 [120 121 122 123 124 125 126 127 128 129 130 131 132 134]] [9 [136 137 138 139 142 145 146 147 149]] [10 [150 151 152 153 154 155 156 158 159 160 161 162 163 164]] [11 [166 167 169 170 171 172 173 174 175 176 177 178 179]] [12 [180 181 182 183 184 185 186 187 188 189 190 191 192 193 194]] [13 [195 196 197 198 199 200 201 202 203 204 205 206 207 208 209]] [14 [210 211 212 213 214 215 216 217 218 219 220 221 222 223 224]] [15 [225 226 227 228 229 230 231 232 233 234 235 236 237 238 239]] [16 [240 241 242 243 244 245 246 247 248 249 250 251 252 253 254]] [17 [255 256 257 258 259 260 261 262 263 264 265 266 267 268 269]] [18 [270 271 272 273 274 275 276 277 278 279 280 281 282 283 284]] [19 [285 286 287 288 289 290 291 292 293 294 295 296 297 298 299]] [20 [300 301 302 303 304 305 306 307 308 309 310 311 312 313 314]] [21 [315 316 317 318 319 320 321 322 323 324 325 326 327 328 329]] [22 [330 331 332 333 334 335 336 337 338 339 340 341 343 344]] [23 [345 346 347 348 349 350 351 352 353 354 355 356 357 358]] [24 [360 361 362 363 364 365 366 367 368 369 370 371 372 373 374]] [25 [375 376 377 378 379 380 381 382 383 384 385 386 387 388 389]] [26 [390 391 392 393 394 395 396 397 398 399 400 401 402 403 404]] [27 [405 406 407 408 409 410 411 412 413 414 415 416 417 418 419]] [28 [420 421 422 423 424 425 426 427 428 429 430 431 432 433 434]] [29 [435 436 437 438 439 440 441 442 443 444 445 446 447 448 449]] [30 [450 451 452 453 454 455 456 457 458 459 460 461 462 463 464]] [31 [465 466 467 468 469 470 471 472 473 474 475 476 477 478 479]] [32 [480 481 482 483 484 485 486 487 488 489 490 491 492 493 494]] [33 [495 496 497 498 499 501 502 503 504 505 506 507 508 509]] [34 [510 511 512 513 514 515 516 517 518 519 520 521 522 523 524]] [35 [525 526 527 528 529 530 531 532 533 534 535 536 537 538 539]] [36 [540 541 542 543 544 545 546 547 548 549 550 551 552 553 554]] [37 [555 556 557 558 559 560 561 562 563 564 565 566 567 568 569]] [38 [570 571 572 573 574 575 576 577 578 579 580 581 582 583 584]] [39 [585 586 587 588 589 590 591 592 593 594 595 596 597 598 599]] [40 [600 601 602 603 604 605 606 607 608 609 610 611 612 613 614]] [41 [615 616 617 618 619 620 621 622 624 625 626 627 628 629]] [42 [630 631 632 633 634 635 636 637 638 639 640 641 642 643 644]] [43 [645 646 647 648 649 650 651 652 653 654 655 656 657 658 659]] [44 [660 662 663 664 665 666 667 668 669 670 671 672 673 674]] [45 [675 676 677 678 679 680 681 682 683 684 685 686 687 688 689]] [46 [690 691 692 693 694 695 696 697 698 699 700 701 702 703 704]] [47 [705 706 707 708 709 710 711 712 713 714 715 716 717 718 719]] [48 [720 721 722 723 724 725 726 727 728 729 730 731 732 734]] [49 [735 736 737 738 739 740 741 742 743 744 745 746 747 748 749]] [50 [750 751 752 753 755 757 758 759 760 761 762 763 764]] [51 [765 766 767 768 769 770 771 772 773 774 775 776 777 778 779]] [52 [780 781 782 783 784 785 786 787 788 789 790 791 792 793 794]] [53 [795 796 797 798 799 800 801 802 803 804 805 806 807 808 809]] [54 [810 811 812 813 814 815 816 817 818 819 820 821 822 824]] [55 [826 827 828 829 830 831 832 833 834 835 836 837 838 839]] [56 [840 841 842 843 844 845 846 847 848 849 850 851 852 853 854]] [57 [855 856 857 858 859 860 861 862 863 864 865 866 867 868 869]] [58 [870 871 872 873 874 875 876 877 878 879 881 882 883 884]] [59 [885 886 887 888 889 890 891 892 893 894 895 896 897 898 899]] [60 [900 901 902 903 904 905 906 907 908 909 910 911 912 913 914]] [61 [915 916 917 918 919 920 921 922 923 924 925 926 927 928 929]] [62 [930 931 934 935 936 938 939 941]] [63 [948 949 951 954 955 957 958 959]] [64 [960 961 963 964 968 969 971 972]] [65 [975 976 977 978 980 981 982 983 984 985 986 987 988 989]] [66 [990 991 992 994 995 996 997 998 999 1000 1001 1002 1003 1004]] [67 [1005 1006 1007 1008 1009 1010 1011 1012 1013 1014 1015 1016 1017 1019]] [68 [1020 1022 1024 1025 1026 1027 1028 1029 1030 1031 1032 1033 1034]] [69 [1035 1036 1037 1038 1039 1040 1041 1042 1043 1044 1045 1046 1047 1048 1049]] [70 [1050 1051 1052 1053 1054 1055 1056 1057 1058 1059 1060 1061 1062 1063 1064]] [71 [1065 1066 1067 1068 1069 1070 1071 1072 1073 1074 1075 1076 1077 1079]] [72 [1080 1081 1082 1083 1084 1086 1087 1088 1091 1093]] [73 [1095 1098 1099 1100 1101 1103 1107 1109]] [74 [1110 1111 1112 1113 1114 1115 1116 1117 1118 1119 1120 1122 1123 1124]] [75 [1125 1126 1127 1128 1129 1130 1131 1132 1133 1134 1135 1136 1137 1138 1139]] [76 [1140 1141 1142 1143 1144 1145 1146 1147 1148 1149 1150 1151 1152 1153 1154]] [77 [1155 1156 1157 1158 1159 1160 1161 1162 1163 1164 1165 1166 1167 1168 1169]] [78 [1170 1171 1172 1173 1174 1175 1176 1177 1178 1179 1180 1181 1182 1183 1184]] [79 [1185 1186 1187 1188 1189 1190 1191 1192 1193 1194 1195 1196 1197 1198 1199]] [80 [1200 1201 1202 1203 1204 1205 1206 1207 1208 1209 1210 1211 1212 1213 1214]] [81 [1215 1216 1217 1221 1223 1224 1226 1227 1228 1229]] [82 [1230 1231 1232 1233 1234 1235 1236 1237 1238 1239 1240 1241 1242 1243 1244]] [83 [1245 1246 1247 1248 1249 1250 1251 1252 1253 1254 1255 1256 1257 1258 1259]] [84 [1260 1261 1262 1263 1264 1265 1266 1267 1268 1269 1270 1271 1272 1273]] [85 [1275 1276 1277 1278 1279 1280 1281 1282 1283 1284 1285 1286 1287 1288]] [86 [1290 1291 1292 1293 1294 1295 1296 1297 1298 1299 1300 1301 1302 1303 1304]] [87 [1305 1306 1307 1308 1309 1310 1311 1312 1313 1314 1315 1316 1317 1318 1319]] [88 [1320 1321 1322 1323 1324 1325 1326 1327 1328 1329 1330 1331 1332 1333 1334]] [89 [1335 1336 1337 1338 1339 1340 1341 1342 1343 1344 1345 1346 1347 1348 1349]] [90 [1350 1351 1352 1353 1354 1355 1356 1357 1358 1359 1360 1361 1362 1363 1364]] [91 [1365 1366 1367 1368 1369 1370 1371 1372 1373 1374 1375 1376 1377 1378 1379]] [92 [1380 1381 1382 1383 1384 1385 1386 1387 1388 1389 1390 1391 1392 1393 1394]] [93 [1395 1396 1397 1398 1399 1400 1401 1402 1403 1404 1405 1406 1407 1408 1409]] [94 [1410 1411 1412 1413 1414 1415 1416 1417 1418 1419 1420 1421 1422 1423 1424]] [95 [1425 1427 1428 1429 1431 1432 1434 1437 1438 1439]] [96 [1440 1441 1442 1443 1444 1445 1446 1447 1448 1449 1450 1451 1452 1453 1454]] [97 [1457 1458 1459 1460 1462 1463 1465 1466 1467 1468 1469]] [98 [1470 1471 1472 1473 1474 1475 1476 1477 1478 1479 1480 1484]] [99 [1485 1486 1487 1488 1489 1490 1491 1492 1493 1494 1495 1496 1497 1498 1499]]]","[[0 [1 2 4 8 9 11 13]] [1 [16 18 20 21 24 25 27 28]] [2 [30 31 32 34 36 37 44]] [3 [45 47 48 49 50 52 58]] [4 [63 68 69 70 71 72]] [5 [75 79 80 81 82 83 84 86 87 89]] [6 [90 92 93 100 102 103]] [7 [107 108 109 111 112 119]] [8 [120 121 125 127 130 131 132 134]] [9 [136 137 138 139 142]] [10 [152 155 159 160 161 162 164]] [11 [166 167 169 173 175 176 179]] [12 [180 181 183 185 187 192 193]] [13 [195 196 198 201 204 206 207 208]] [14 [210 211 212 214 219]] [15 [226 230 231 233 234 237 239]] [16 [242 243 245 246 247 253 254]] [17 [255 256 257 258 260 261 262 264 265 268 269]] [18 [270 272 274 278 279 282 283]] [19 [286 290 291 294 297 299]] [20 [302 304 305 306 312 313 314]] [21 [315 316 318 320 322 323 326 328]] [22 [332 333 335 336 339 341 344]] [23 [345 347 348 349 351 353 354 357 358]] [24 [362 366 367 368 369 371 374]] [25 [376 379 380 383 385 386]] [26 [391 395 396 397 400 402 404]] [27 [405 407 410 412 413 419]] [28 [420 421 422 423 424 425 430 433]] [29 [438 439 440 441 442 444 447 448 449]] [30 [451 452 453 456 459 461 462]] [31 [467 468 469 470 474 475 479]] [32 [480 482 483 484 488 489 490 491 493 494]] [33 [499 503 506 507 508 509]] [34 [514 515 516 518 519 521 522]] [35 [526 527 531 532 534 537]] [36 [540 541 543 548 549 552 553 554]] [37 [559 560 562 563 564 567 568 569]] [38 [571 574 576 580 581 582]] [39 [588 590 595 597 599]] [40 [600 604 606 608 610 611 613]] [41 [615 620 621 625 627]] [42 [630 631 632 634 637 643]] [43 [646 647 648 653 657]] [44 [660 663 668 670 671 672 673 674]] [45 [675 676 677 681 685 686]] [46 [690 691 693 695 697 701]] [47 [705 707 709 710 713 714 718 719]] [48 [721 723 725 726 729 730 731 732 734]] [49 [735 736 739 745 746 748 749]] [50 [752 753 755 760 761 762 763]] [51 [765 766 769 770 771 772 777]] [52 [781 782 783 788 791 793 794]] [53 [795 796 797 799 800 801 805 809]] [54 [810 811 813 816 817 819 822]] [55 [826 827 829 830 834 835]] [56 [841 842 843 844 847 848 849 853 854]] [57 [855 859 860 863 865 866 867]] [58 [870 871 872 874 875 877 879 882]] [59 [885 886 888 889 892 896 898]] [60 [900 901 902 904 905 906 907 910 911 912]] [61 [915 916 917 918 919 922 923 925 927 929]] [62 [930 931 934 935 936 938 939 941]] [63 [948 949 954 955 957 958 959]] [64 [960 961 963 964 968 969]] [65 [975 977 984 986 988 989]] [66 [991 992 994 995 998 999 1000 1001 1002 1003 1004]] [67 [1007 1008 1012 1014 1015 1016 1019]] [68 [1020 1022 1024 1025 1028 1032 1034]] [69 [1037 1042 1043 1044 1047 1049]] [70 [1050 1052 1054 1056 1058 1060 1063 1064]] [71 [1065 1067 1068 1070 1071 1073 1076 1077]] [72 [1081 1083 1084 1086 1087 1088 1093]] [73 [1095 1098 1099 1100 1101 1103 1107 1109]] [74 [1110 1113 1114 1115 1118 1119 1122 1124]] [75 [1130 1131 1132 1133 1134 1136 1138]] [76 [1141 1144 1145 1148 1150 1151 1152]] [77 [1155 1156 1158 1159 1161 1163 1164 1165]] [78 [1174 1176 1177 1181 1183]] [79 [1187 1188 1189 1195 1196 1198]] [80 [1201 1202 1205 1206 1207 1212 1213]] [81 [1215 1216 1217 1221 1223 1224 1229]] [82 [1233 1234 1237 1238 1239 1240 1243]] [83 [1247 1248 1251 1253 1254 1255 1256]] [84 [1262 1263 1265 1266 1267 1270 1271 1273]] [85 [1275 1278 1279 1281 1283 1285 1287]] [86 [1290 1291 1292 1293 1294 1296 1298 1300 1303]] [87 [1305 1306 1308 1309 1311 1312 1313 1315]] [88 [1321 1322 1324 1326 1328 1330 1332 1334]] [89 [1337 1338 1340 1341 1344 1346 1348]] [90 [1350 1352 1353 1354 1355 1357 1359 1360 1362 1364]] [91 [1366 1367 1369 1370 1372 1373 1375 1376 1378]] [92 [1380 1381 1385 1386 1390 1391 1392 1393]] [93 [1396 1397 1400 1405 1406 1409]] [94 [1410 1412 1413 1415 1416 1417 1421 1424]] [95 [1425 1434 1437 1438]] [96 [1441 1442 1443 1447 1448 1449 1451]] [97 [1457 1459 1460 1462 1463 1465 1467]] [98 [1471 1473 1476 1477 1480 1484]] [99 [1487 1488 1490 1491 1492 1494]]]",,"[[{citizen 29} [[""A"" [5 6 4 2 1 5 4 2 1 1]]]] [{citizen 34} [[""A"" [4 2 3 1 2 1 1 3 5 4]]]] [{citizen 35} [[""A"" [4 5 4 1 2 1 4 1 3 4]]]] [{citizen 40} [[""A"" [5 4 3 1 2 1 1 0 2 1]]]] [{media 50} [[""A"" [1 1 1 1 1 1 1 1 1 1]]]] [{media 51} [[""A"" [2 2 2 2 2 2 2 2 2 2]]]] [{media 55} [[""A"" [2 2 2 2 2 2 2 2 2 2]]]] [{media 56} [[""A"" [1 1 1 1 1 1 1 1 1 1]]]] [{media 58} [[""A"" [0 0 0 0 0 0 0 0 0 0]]]] [{media 60} [[""A"" [3 3 3 3 3 3 3 3 3 3]]]] [{media 63} [[""A"" [1 1 1 1 1 1 1 1 1 1]]]] [{media 64} [[""A"" [1 1 1 1 1 1 1 1 1 1]]]] [{citizen 4} [[""A"" [3 4 4 4 3 1 1 0 2 1]]]] [{citizen 5} [[""A"" [5 4 5 4 1 2 1 1 1 1]]]] [{citizen 6} [[""A"" [3 1 1 0 4 5 4 3 1 1]]]] [{citizen 7} [[""A"" [1 1 3 4 4 2 1 1 1 1]]]] [{citizen 12} [[""A"" [2 1 2 3 1 1 1 3 5 4]]]] [{citizen 3} [[""A"" [5 4 2 2 3 1 1 5 5 4]]]] [{citizen 1} [[""A"" [0 4 2 1 5 4 1 1 0 1]]]] [{citizen 41} [[""A"" [1 1 2 3 2 1 6 5 4 1]]]] [{citizen 17} [[""A"" [4 1 1 2 1 4 2 1 3 4]]]] [{citizen 14} [[""A"" [4 1 2 1 1 2 1 3 4 5]]]] [{citizen 31} [[""A"" [1 3 4 1 1 2 1 1 1 1]]]] [{citizen 13} [[""A"" [2 1 0 2 1 1 1 1 1 1]]]] [{citizen 25} [[""A"" [3 3 1 1 2 1 1 1 0 1]]]] [{citizen 20} [[""A"" [3 2 1 0 4 5 3 5 4 5]]]] [{citizen 8} [[""A"" [1 1 6 4 4 2 1 1 1 1]]]] [{citizen 23} [[""A"" [1 0 3 4 4 1 3 5 5 4]]]] [{citizen 45} [[""A"" [3 2 1 0 1 2 1 1 0 1]]]] [{citizen 24} [[""A"" [4 2 1 2 3 4 1 1 0 1]]]] [{citizen 28} [[""A"" [1 3 0 1 4 3 5 6 5 4]]]] [{media 53} [[""A"" [4 4 4 4 4 4 4 4 4 4]]]] [{citizen 27} [[""A"" [1 3 2 3 4 2 1 1 0 1]]]] [{citizen 0} [[""A"" [4 1 2 1 1 0 2 1 0 1]]]] [{citizen 18} [[""A"" [4 5 4 4 5 6 5 4 2 1]]]] [{citizen 19} [[""A"" [4 4 2 1 5 5 4 1 0 1]]]] [{citizen 42} [[""A"" [2 1 4 2 1 1 2 1 1 1]]]] [{citizen 33} [[""A"" [5 4 2 0 1 1 2 1 0 1]]]] [{citizen 10} [[""A"" [3 1 1 2 1 1 1 0 2 1]]]] [{citizen 44} [[""A"" [4 4 2 3 1 1 2 5 5 4]]]] [{media 52} [[""A"" [4 4 4 4 4 4 4 4 4 4]]]] [{citizen 22} [[""A"" [2 1 4 5 6 5 4 1 1 1]]]] [{citizen 43} [[""A"" [1 1 2 3 3 4 1 5 6 5]]]] [{citizen 21} [[""A"" [2 1 3 3 5 4 1 1 3 1]]]] [{citizen 11} [[""A"" [1 1 2 1 5 5 4 1 1 1]]]] [{citizen 49} [[""A"" [1 1 1 1 1 1 1 1 0 1]]]] [{citizen 36} [[""A"" [2 1 3 5 4 5 5 4 1 1]]]] [{citizen 2} [[""A"" [1 3 1 2 1 5 1 1 0 1]]]] [{citizen 9} [[""A"" [4 1 2 4 2 2 1 1 0 1]]]] [{media 54} [[""A"" [5 5 5 5 5 5 5 5 5 5]]]] [{citizen 48} [[""A"" [2 0 1 2 1 1 1 1 2 1]]]] [{citizen 15} [[""A"" [0 2 4 1 1 1 1 0 2 1]]]] [{citizen 30} [[""A"" [2 1 0 2 1 1 1 1 0 1]]]] [{citizen 39} [[""A"" [1 1 1 3 2 4 2 2 1 1]]]] [{citizen 38} [[""A"" [1 1 3 5 6 5 4 1 0 1]]]] [{media 61} [[""A"" [6 6 6 6 6 6 6 6 6 6]]]] [{media 59} [[""A"" [5 5 5 5 5 5 5 5 5 5]]]] [{media 57} [[""A"" [5 5 5 5 5 5 5 5 5 5]]]] [{media 62} [[""A"" [5 5 5 5 5 5 5 5 5 5]]]] [{citizen 37} [[""A"" [1 2 2 1 0 4 2 1 1 1]]]] [{citizen 32} [[""A"" [5 4 1 3 4 2 3 4 1 1]]]] [{citizen 26} [[""A"" [1 2 2 1 3 1 1 1 0 1]]]] [{citizen 47} [[""A"" [2 1 2 1 4 2 1 1 1 1]]]] [{citizen 46} [[""A"" [1 0 2 1 2 1 3 1 1 4]]]]]"
"17","[43 0 212]","230","-7.805558371176705","-6.5679504045705155","""circle""","""""","9.9","{breed citizens}","false","0.5","1","""up""",,"[[""ID"" 17] [""alpha"" 1] [""beta"" 1] [""malleable"" [""A""]] [""prior"" []] [""cont_tokens"" []] [""A"" 5]]","[[0 [1 2 3 4 8 9 11 13]] [1 [15 16 17 18 19 20 21 22 23 24 25 27 28]] [2 [30 31 32 33 34 35 36 37 38 39 40 41 42 43 44]] [3 [45 46 47 48 49 50 51 52 53 54 55 56 57 58 59]] [4 [60 61 62 63 64 65 66 67 68 69 70 71 72 73 74]] [5 [75 76 77 78 79 80 81 82 83 84 85 86 87 88 89]] [6 [90 91 92 93 94 95 96 97 98 99 100 101 102 103 104]] [7 [105 106 107 108 109 110 111 112 113 114 115 116 117 118 119]] [8 [120 121 125 127 128 129 130 131 132 134]] [9 [136 137 138 139 140 142 145 146 147 149]] [10 [150 151 152 153 154 155 156 158 159 160 161 162 163 164]] [11 [166 167 169 170 171 172 173 174 175 176 177 178 179]] [12 [180 181 182 183 184 185 186 187 188 189 190 191 192 193 194]] [13 [195 196 197 198 199 200 201 202 203 204 205 206 207 208 209]] [14 [210 211 212 213 214 215 216 217 218 219 220 221 222 223 224]] [15 [225 226 227 228 229 230 231 232 233 234 235 236 237 238 239]] [16 [240 241 242 243 244 245 246 247 248 249 250 251 252 253 254]] [17 [255 256 257 258 259 260 261 262 263 264 265 266 267 268 269]] [18 [270 271 272 273 274 275 276 277 278 279 280 281 282 283 284]] [19 [285 286 287 288 289 290 291 292 293 294 295 296 297 298 299]] [20 [300 301 302 303 304 305 306 307 308 309 310 311 312 313 314]] [21 [315 316 317 318 319 320 321 322 323 324 325 326 327 328 329]] [22 [330 331 332 333 334 335 336 337 338 339 340 341 342 343 344]] [23 [345 346 347 348 349 350 351 352 353 354 355 356 357 358 359]] [24 [361 362 366 367 368 369 371 374]] [25 [375 376 377 378 379 380 381 382 383 384 385 386 387 388 389]] [26 [390 391 392 393 394 395 396 397 398 399 400 401 402 403 404]] [27 [405 406 407 408 409 410 411 412 413 414 415 416 417 418 419]] [28 [420 421 422 423 424 425 426 427 428 429 430 431 432 433 434]] [29 [435 436 437 438 439 440 441 442 443 444 445 446 447 448 449]] [30 [450 451 452 453 454 455 456 457 458 459 461 462 463 464]] [31 [465 466 467 468 469 470 471 472 473 474 475 476 477 478 479]] [32 [480 481 482 483 484 485 486 487 488 489 490 491 492 493 494]] [33 [495 496 497 498 501 504 505 509]] [34 [510 511 512 513 514 515 516 517 518 519 520 521 522 523 524]] [35 [525 526 527 528 529 530 531 532 533 534 535 536 537 538 539]] [36 [540 541 542 543 544 545 546 547 548 549 550 551 552 553 554]] [37 [555 556 557 558 559 560 561 562 563 564 565 566 567 568 569]] [38 [570 571 572 573 574 575 576 577 578 579 580 581 582 583 584]] [39 [585 586 587 588 589 590 591 592 593 594 595 596 597 598 599]] [40 [600 601 602 603 604 605 606 607 608 609 610 611 612 613 614]] [41 [615 616 617 618 619 620 621 622 623 624 625 626 627 628 629]] [42 [630 631 632 633 634 635 636 637 638 639 640 641 642 643 644]] [43 [645 646 647 648 649 650 651 652 653 654 655 656 657 658 659]] [44 [660 661 662 663 664 665 666 667 668 669 670 671 672 673 674]] [45 [675 676 677 678 679 680 681 682 683 684 685 686 687 688 689]] [46 [690 691 692 693 694 695 696 697 698 699 700 701 702 703 704]] [47 [705 706 707 708 709 710 711 712 713 714 715 716 717 718 719]] [48 [720 721 722 723 724 725 726 727 728 729 730 731 732 734]] [49 [735 736 737 738 739 740 741 742 743 744 745 746 747 748 749]] [50 [750 751 752 753 755 757 758 759 760 761 762 763 764]] [51 [765 766 767 768 769 770 771 772 773 774 775 776 777 778 779]] [52 [780 781 782 783 784 785 786 787 788 789 790 791 792 793 794]] [53 [795 796 797 798 799 800 801 802 803 804 805 806 807 808 809]] [54 [810 811 812 813 814 815 816 817 818 819 820 821 822 824]] [55 [826 827 828 829 830 831 832 833 834 835 836 837 838 839]] [56 [840 841 842 843 844 845 846 847 848 849 850 851 852 853 854]] [57 [855 856 857 858 859 860 861 862 863 864 865 866 867 868 869]] [58 [870 871 872 873 874 875 876 877 878 879 881 882 883 884]] [59 [885 886 887 888 889 890 891 892 893 894 895 896 897 898 899]] [60 [900 901 902 903 904 905 906 907 908 909 910 911 912 913 914]] [61 [915 916 917 918 919 920 921 922 923 924 925 926 927 928 929]] [62 [930 931 934 935 936 938 939 941]] [63 [948 949 951 954 955 957 958 959]] [64 [960 961 963 964 968 969 971 972]] [65 [975 976 977 978 980 981 982 983 984 985 986 987 988 989]] [66 [990 991 992 993 994 995 996 997 998 999 1000 1001 1002 1003 1004]] [67 [1005 1006 1007 1008 1009 1010 1011 1012 1013 1014 1015 1016 1017 1019]] [68 [1020 1022 1024 1025 1026 1027 1028 1029 1030 1031 1032 1033 1034]] [69 [1035 1036 1037 1038 1039 1040 1041 1042 1043 1044 1045 1046 1047 1048 1049]] [70 [1050 1051 1052 1053 1054 1055 1056 1057 1058 1059 1060 1061 1062 1063 1064]] [71 [1065 1066 1067 1068 1069 1070 1071 1072 1073 1074 1075 1076 1077 1079]] [72 [1080 1081 1082 1083 1084 1086 1087 1088 1091 1093]] [73 [1095 1098 1099 1100 1101 1103 1107 1109]] [74 [1110 1111 1112 1113 1114 1115 1116 1117 1118 1119 1120 1122 1123 1124]] [75 [1125 1126 1127 1128 1129 1130 1131 1132 1133 1134 1135 1136 1137 1138 1139]] [76 [1140 1141 1142 1143 1144 1145 1146 1147 1148 1149 1150 1151 1152 1153 1154]] [77 [1155 1156 1157 1158 1159 1160 1161 1162 1163 1164 1165 1166 1167 1168 1169]] [78 [1170 1171 1172 1173 1174 1175 1176 1177 1178 1179 1180 1181 1182 1183 1184]] [79 [1185 1186 1187 1188 1189 1190 1191 1192 1193 1194 1195 1196 1197 1198 1199]] [80 [1200 1201 1202 1203 1204 1205 1206 1207 1208 1209 1210 1211 1212 1213 1214]] [81 [1215 1216 1217 1218 1219 1220 1221 1222 1223 1224 1225 1226 1227 1228 1229]] [82 [1230 1231 1232 1233 1234 1235 1236 1237 1238 1239 1240 1241 1242 1243 1244]] [83 [1245 1246 1247 1248 1249 1250 1251 1252 1253 1254 1255 1256 1257 1258 1259]] [84 [1260 1261 1262 1263 1264 1265 1266 1267 1268 1269 1270 1271 1272 1273]] [85 [1275 1276 1277 1278 1279 1280 1281 1282 1283 1284 1285 1286 1287 1288]] [86 [1290 1291 1292 1293 1294 1295 1296 1297 1298 1299 1300 1301 1302 1303 1304]] [87 [1305 1306 1307 1308 1309 1310 1311 1312 1313 1314 1315 1316 1317 1318 1319]] [88 [1320 1321 1322 1323 1324 1325 1326 1327 1328 1329 1330 1331 1332 1333 1334]] [89 [1335 1336 1337 1338 1339 1340 1341 1342 1343 1344 1345 1346 1347 1348 1349]] [90 [1350 1351 1352 1353 1354 1355 1357 1359 1360 1361 1362 1363 1364]] [91 [1365 1366 1367 1368 1369 1370 1371 1372 1373 1374 1375 1376 1377 1378 1379]] [92 [1380 1381 1382 1383 1384 1385 1386 1387 1388 1389 1390 1391 1392 1393 1394]] [93 [1395 1396 1397 1398 1399 1400 1401 1402 1403 1404 1405 1406 1407 1408 1409]] [94 [1410 1411 1412 1413 1415 1416 1417 1421 1424]] [95 [1425 1427 1428 1429 1431 1432 1434 1437 1438 1439]] [96 [1440 1441 1442 1443 1444 1445 1446 1447 1448 1449 1450 1451 1452 1453 1454]] [97 [1455 1456 1457 1458 1459 1460 1461 1462 1463 1464 1465 1466 1467 1468 1469]] [98 [1470 1471 1472 1473 1474 1475 1476 1477 1478 1479 1480 1484]] [99 [1485 1486 1487 1488 1489 1490 1491 1492 1493 1494 1495 1496 1497 1498 1499]]]","[[0 [2 4 8 9 11 13]] [1 [16 18 20 21 24]] [2 [33 35 38 39 40 41 42]] [3 [45 46 47 48 49 50 52 58]] [4 [62 64 65 66 67 73 74]] [5 [76 77 78 83 85 88 89]] [6 [90 92 93 98 99 100 102 103]] [7 [107 108 109 111 112 117 119]] [8 [120 121 125 127 131]] [9 [136 137 138 139 142 146 147 149]] [10 [150 151 153 155 159 160 161 162 163 164]] [11 [166 167 169 173 175 176 179]] [12 [180 181 182 183 185 187 192 193]] [13 [195 196 201 204 206 207 208]] [14 [210 211 212 214 216 219 221 224]] [15 [225 227 228 229 231 233 234 237 239]] [16 [242 243 245 246 247 251 252 253 254]] [17 [255 256 257 258 263 266 267 268 269]] [18 [270 272 274 278 279 282 283]] [19 [286 290 291 292 293 295 296 298]] [20 [300 301 302 304 305 306 312 314]] [21 [315 316 318 320 325 327 329]] [22 [330 331 334 337 338 340 343]] [23 [346 350 352 353 354 357 358]] [24 [362 366 367 368 369 371 374]] [25 [375 377 378 381 382 384 385 388 389]] [26 [390 392 394 397 400 402 404]] [27 [405 407 410 412 413 418 419]] [28 [420 422 423 424 425 430 433]] [29 [435 438 439 440 441 442 446]] [30 [450 454 455 457 458 463 464]] [31 [465 466 467 468 469 470 474 475 479]] [32 [480 482 483 484 486 487 492]] [33 [496 497 498 501 504 505 509]] [34 [514 515 517 519 521 522]] [35 [526 527 531 533 534 537]] [36 [540 541 543 548 549 552 553 554]] [37 [559 560 563 564 568 569]] [38 [570 571 574 576 578 579 583 584]] [39 [585 586 589 591 592 594 595 597 599]] [40 [600 604 606 608 609 612 614]] [41 [616 617 618 619 621 626 628 629]] [42 [633 636 638 641 642]] [43 [645 651 654 655 656 658 659]] [44 [661 662 664 665 666 667 668 670 671 672 673 674]] [45 [675 676 677 681 682 683 686 687 688]] [46 [691 693 696 698 699 700 704]] [47 [706 708 712 716 717 719]] [48 [721 723 725 727 728 731 732 734]] [49 [735 736 739 745 746 748 749]] [50 [751 752 753 755 760 761 762 763]] [51 [765 768 773 774 775 778 779]] [52 [784 785 786 789 790 792 794]] [53 [795 796 797 799 800 805 808 809]] [54 [814 815 817 819 822 824]] [55 [831 832 833 837 838 839]] [56 [840 845 846 848 849 850 851 852]] [57 [856 857 858 861 864 868 869]] [58 [872 874 875 877 882 884]] [59 [885 886 888 889 892 896 898]] [60 [900 908 909 910 911 912]] [61 [915 916 917 918 919 922 923 925 927 929]] [62 [930 931 934 935 936 938 939 941]] [63 [948 949 954 955 957 958 959]] [64 [960 961 963 964 968 971 972]] [65 [976 978 980 981 982 985 987]] [66 [990 995 996 997 1002 1003 1004]] [67 [1007 1008 1011 1013 1017 1019]] [68 [1020 1022 1024 1025 1028 1032 1034]] [69 [1036 1037 1042 1043 1044 1047 1049]] [70 [1050 1052 1054 1056 1058 1060 1062 1064]] [71 [1065 1067 1068 1070 1071 1073 1074 1075 1076 1077]] [72 [1081 1083 1084 1086 1087 1088 1093]] [73 [1095 1098 1100 1101 1103 1107 1109]] [74 [1110 1112 1117 1120 1122 1124]] [75 [1130 1131 1132 1133 1134 1136 1138]] [76 [1141 1144 1145 1148 1151 1152]] [77 [1155 1156 1158 1160 1163 1164 1165]] [78 [1174 1176 1178 1179 1180 1182 1184]] [79 [1185 1186 1189 1192 1197 1199]] [80 [1200 1203 1204 1206 1207 1212 1213]] [81 [1215 1216 1217 1221 1223 1224 1229]] [82 [1233 1234 1235 1237 1238 1239 1242 1244]] [83 [1245 1246 1249 1250 1252 1254 1258]] [84 [1263 1265 1266 1267 1269 1272 1273]] [85 [1275 1278 1279 1281 1283 1285 1287]] [86 [1290 1291 1292 1295 1297 1299 1301 1302]] [87 [1306 1308 1309 1311 1312 1313 1315]] [88 [1321 1322 1324 1326 1328 1331]] [89 [1335 1336 1339 1342 1345 1347 1349]] [90 [1351 1355 1357 1359 1360 1362 1364]] [91 [1366 1367 1369 1370 1371 1374 1375 1379]] [92 [1382 1383 1384 1387 1389 1390 1394]] [93 [1395 1399 1403 1404 1407 1408]] [94 [1411 1413 1415 1416 1417 1421]] [95 [1427 1428 1429 1431 1432 1434 1437 1438]] [96 [1441 1442 1443 1447 1448 1449 1451]] [97 [1457 1459 1460 1462 1463 1465 1467]] [98 [1472 1473 1476 1477 1480 1484]] [99 [1487 1492 1494]]]",,"[[{citizen 24} [[""A"" [1 2 2 1 3 4 2 1 1 0]]]] [{media 50} [[""A"" [1 1 1 1 1 1 1 1 1 1]]]] [{media 51} [[""A"" [2 2 2 2 2 2 2 2 2 2]]]] [{media 55} [[""A"" [2 2 2 2 2 2 2 2 2 2]]]] [{media 56} [[""A"" [1 1 1 1 1 1 1 1 1 1]]]] [{media 58} [[""A"" [0 0 0 0 0 0 0 0 0 0]]]] [{media 63} [[""A"" [1 1 1 1 1 1 1 1 1 1]]]] [{media 64} [[""A"" [1 1 1 1 1 1 1 1 1 1]]]] [{citizen 4} [[""A"" [1 2 1 1 1 3 4 4 0 2]]]] [{citizen 5} [[""A"" [5 5 4 1 1 0 1 1 1 2]]]] [{citizen 6} [[""A"" [1 2 1 1 1 0 2 5 2 0]]]] [{citizen 7} [[""A"" [1 2 1 2 1 4 2 4 2 1]]]] [{citizen 14} [[""A"" [4 5 4 1 1 1 1 2 4 5]]]] [{media 60} [[""A"" [3 3 3 3 3 3 3 3 3 3]]]] [{citizen 0} [[""A"" [5 4 1 1 0 1 0 2 1 0]]]] [{citizen 12} [[""A"" [0 1 2 1 1 3 2 1 4 5]]]] [{citizen 1} [[""A"" [1 0 1 2 4 2 1 5 4 0]]]] [{media 57} [[""A"" [5 5 5 5 5 5 5 5 5 5]]]] [{citizen 38} [[""A"" [1 2 1 1 1 1 6 4 0 2]]]] [{citizen 41} [[""A"" [1 3 1 2 1 1 1 6 5 5]]]] [{media 59} [[""A"" [5 5 5 5 5 5 5 5 5 5]]]] [{citizen 39} [[""A"" [1 0 1 2 1 1 1 2 2 2]]]] [{citizen 45} [[""A"" [5 5 4 3 2 1 1 0 0 1]]]] [{citizen 31} [[""A"" [1 2 1 1 1 4 2 1 0 2]]]] [{citizen 3} [[""A"" [2 2 1 1 1 2 5 6 4 5]]]] [{citizen 28} [[""A"" [3 1 2 1 0 1 4 6 4 5]]]] [{citizen 34} [[""A"" [4 3 1 1 2 0 1 2 4 5]]]] [{citizen 16} [[""A"" [1 2 1 2 1 1 1 2 6 5]]]] [{citizen 40} [[""A"" [2 1 4 5 4 1 2 1 0 2]]]] [{citizen 23} [[""A"" [0 1 2 1 1 4 2 5 6 5]]]] [{citizen 43} [[""A"" [5 4 1 3 1 1 2 5 6 5]]]] [{citizen 10} [[""A"" [2 1 1 1 2 1 2 1 0 2]]]] [{citizen 21} [[""A"" [4 3 1 3 1 3 5 4 2 1]]]] [{citizen 25} [[""A"" [4 3 1 3 1 1 2 1 2 0]]]] [{citizen 20} [[""A"" [2 1 1 0 2 4 5 6 4 5]]]] [{citizen 19} [[""A"" [1 3 5 4 4 6 4 2 1 0]]]] [{media 61} [[""A"" [6 6 6 6 6 6 6 6 6 6]]]] [{citizen 30} [[""A"" [2 1 1 1 0 2 1 1 0 2]]]] [{media 53} [[""A"" [4 4 4 4 4 4 4 4 4 4]]]] [{citizen 27} [[""A"" [5 5 1 3 1 2 1 1 4 0]]]] [{citizen 18} [[""A"" [5 5 5 4 4 5 6 5 4 5]]]] [{citizen 42} [[""A"" [3 2 2 1 1 1 4 2 1 2]]]] [{citizen 2} [[""A"" [2 1 3 1 2 1 1 5 2 0]]]] [{citizen 33} [[""A"" [2 0 2 1 1 2 2 1 0 2]]]] [{citizen 8} [[""A"" [5 5 4 3 1 6 4 4 1 2]]]] [{citizen 44} [[""A"" [2 1 3 1 2 1 2 6 4 5]]]] [{citizen 29} [[""A"" [6 5 4 5 5 4 1 1 6 2]]]] [{media 52} [[""A"" [4 4 4 4 4 4 4 4 4 4]]]] [{citizen 22} [[""A"" [0 2 1 0 1 2 4 2 6 4]]]] [{citizen 11} [[""A"" [5 4 2 1 2 1 5 6 4 2]]]] [{citizen 49} [[""A"" [5 4 1 2 1 1 1 2 1 0]]]] [{citizen 13} [[""A"" [0 2 2 1 0 2 1 1 1 2]]]] [{citizen 36} [[""A"" [5 4 5 4 3 1 1 5 5 4]]]] [{citizen 9} [[""A"" [4 3 1 1 2 4 2 1 0 2]]]] [{media 54} [[""A"" [5 5 5 5 5 5 5 5 5 5]]]] [{citizen 48} [[""A"" [2 2 0 1 2 2 1 1 1 2]]]] [{citizen 15} [[""A"" [1 1 0 1 2 4 1 0 2 1]]]] [{citizen 35} [[""A"" [4 5 4 3 1 1 1 1 4 5]]]] [{media 62} [[""A"" [5 5 5 5 5 5 5 5 5 5]]]] [{citizen 37} [[""A"" [2 1 1 0 2 4 2 1 2 2]]]] [{citizen 32} [[""A"" [4 5 4 5 4 5 4 1 4 4]]]] [{citizen 26} [[""A"" [2 1 1 1 0 1 2 2 1 0]]]] [{citizen 47} [[""A"" [1 2 1 1 0 1 2 1 1 1]]]] [{citizen 46} [[""A"" [1 0 2 1 2 1 1 1 4 5]]]]]"
"18","[43 0 212]","7.5","2.0605707320234132","15.019286862809993","""circle""","""""","9.9","{breed citizens}","false","0.5","1","""up""",,"[[""ID"" 18] [""alpha"" 1] [""beta"" 1] [""malleable"" [""A""]] [""prior"" []] [""cont_tokens"" []] [""A"" 5]]","[[0 [1 2 3 4 8 9 11 13]] [1 [16 18 20 21 22 23 24 25 27 28]] [2 [30 31 32 33 34 35 36 37 38 39 40 41 42 43 44]] [3 [45 46 47 48 49 50 51 52 53 54 55 56 57 58]] [4 [60 61 62 63 64 65 66 67 68 69 70 71 72 73 74]] [5 [75 76 77 78 79 80 81 82 83 84 85 86 87 88 89]] [6 [90 91 92 93 94 95 96 97 98 99 100 101 102 103 104]] [7 [105 106 107 108 109 110 111 112 113 114 115 116 117 118 119]] [8 [120 121 122 123 124 125 126 127 128 129 130 131 132 134]] [9 [136 137 138 139 142 145 146 147 149]] [10 [150 151 152 153 154 155 156 158 159 160 161 162 163 164]] [11 [166 167 169 170 171 172 173 174 175 176 177 178 179]] [12 [180 181 182 183 184 185 186 187 188 189 190 191 192 193 194]] [13 [195 196 197 198 199 200 201 202 203 204 205 206 207 208 209]] [14 [210 211 212 213 214 215 216 217 218 219 220 221 222 223 224]] [15 [225 226 227 228 229 230 231 232 233 234 235 236 237 238 239]] [16 [240 241 242 243 244 245 246 247 248 249 250 251 252 253 254]] [17 [255 256 257 258 259 260 261 262 263 264 265 266 267 268 269]] [18 [270 271 272 273 274 275 276 277 278 279 280 281 282 283 284]] [19 [285 286 287 288 289 290 291 292 293 294 295 296 297 298 299]] [20 [300 301 302 303 304 305 306 307 309 310 311 312 313 314]] [21 [315 316 317 318 319 320 321 322 323 324 325 326 327 328 329]] [22 [330 331 332 333 334 335 336 337 338 339 340 341 343 344]] [23 [345 346 347 348 349 350 351 352 353 354 355 356 357 358]] [24 [360 361 362 363 364 365 366 367 368 369 370 371 372 373 374]] [25 [375 376 377 378 379 380 381 382 383 384 385 386 387 388 389]] [26 [390 391 392 393 394 395 396 397 398 399 400 401 402 403 404]] [27 [405 406 407 408 409 410 411 412 413 414 415 416 417 418 419]] [28 [420 421 422 423 424 425 426 427 428 429 430 431 432 433 434]] [29 [435 436 437 438 439 440 441 442 443 444 445 446 447 448 449]] [30 [450 451 452 453 454 455 456 457 458 459 460 461 462 463 464]] [31 [465 466 467 468 469 470 471 472 473 474 475 476 477 478 479]] [32 [480 481 482 483 484 485 486 487 488 489 490 491 492 493 494]] [33 [495 496 497 498 501 504 505 509]] [34 [510 511 512 513 514 515 516 517 518 519 520 521 522 523 524]] [35 [525 526 527 528 529 530 531 532 533 534 535 536 537 538 539]] [36 [540 541 542 543 544 545 546 547 548 549 550 551 552 553 554]] [37 [555 556 557 558 559 560 561 562 563 564 565 566 567 568 569]] [38 [570 571 572 573 574 575 576 577 578 579 580 581 582 583 584]] [39 [585 586 587 588 589 590 591 592 593 594 595 596 597 598 599]] [40 [600 601 602 603 604 605 606 607 608 609 610 611 612 613 614]] [41 [615 616 617 618 619 620 621 622 623 624 625 626 627 628 629]] [42 [630 631 632 633 634 635 636 637 638 639 640 641 642 643 644]] [43 [645 646 647 648 649 650 651 652 653 654 655 656 657 658 659]] [44 [660 661 662 663 664 665 666 667 668 669 670 671 672 673 674]] [45 [675 676 677 678 679 680 681 682 683 684 685 686 687 688 689]] [46 [690 691 692 693 694 695 696 697 698 699 700 701 702 703 704]] [47 [705 706 707 708 709 710 711 712 713 714 715 716 717 718 719]] [48 [720 721 722 723 724 725 726 727 728 729 730 731 732 734]] [49 [735 736 737 738 739 740 741 742 743 744 745 746 747 748 749]] [50 [750 751 752 753 755 757 758 759 760 761 762 763 764]] [51 [765 766 767 768 769 770 771 772 773 774 775 776 777 778 779]] [52 [780 781 782 783 784 785 786 787 788 789 790 791 792 793 794]] [53 [795 796 797 798 799 800 801 802 803 804 805 806 807 808 809]] [54 [810 811 812 813 814 815 816 817 818 819 820 821 822 824]] [55 [826 827 828 829 830 831 832 833 834 835 836 837 838 839]] [56 [840 841 842 843 844 845 846 847 848 849 850 851 852 853 854]] [57 [855 856 857 858 859 860 861 862 863 864 865 866 867 868 869]] [58 [870 871 872 873 874 875 876 877 878 879 881 882 883 884]] [59 [885 886 887 888 889 890 891 892 893 894 895 896 897 898 899]] [60 [900 901 902 903 904 905 906 907 908 909 910 911 912 913 914]] [61 [915 916 917 918 919 920 921 922 923 924 925 926 927 928 929]] [62 [930 931 934 935 936 938 939 941]] [63 [948 949 951 954 955 957 958 959]] [64 [960 961 963 964 968 969 971 972]] [65 [975 976 977 978 980 981 982 983 984 985 986 987 988 989]] [66 [990 991 992 994 995 996 997 998 999 1000 1001 1002 1003 1004]] [67 [1005 1006 1007 1008 1009 1010 1011 1012 1013 1014 1015 1016 1017 1019]] [68 [1020 1022 1024 1025 1026 1027 1028 1029 1030 1031 1032 1033 1034]] [69 [1035 1036 1037 1038 1039 1040 1041 1042 1043 1044 1045 1046 1047 1048 1049]] [70 [1050 1051 1052 1053 1054 1055 1056 1057 1058 1059 1060 1061 1062 1063 1064]] [71 [1065 1066 1067 1068 1069 1070 1071 1072 1073 1074 1075 1076 1077 1079]] [72 [1080 1081 1082 1083 1084 1086 1087 1088 1091 1093]] [73 [1095 1098 1099 1100 1101 1103 1107 1109]] [74 [1110 1111 1112 1113 1114 1115 1116 1117 1118 1119 1120 1122 1123 1124]] [75 [1125 1126 1127 1128 1129 1130 1131 1132 1133 1134 1135 1136 1137 1138 1139]] [76 [1140 1141 1142 1143 1144 1145 1146 1147 1148 1149 1150 1151 1152 1153 1154]] [77 [1155 1156 1157 1158 1159 1160 1161 1162 1163 1164 1165 1166 1167 1168 1169]] [78 [1170 1171 1172 1173 1174 1175 1176 1177 1178 1179 1180 1181 1182 1183 1184]] [79 [1185 1186 1187 1188 1189 1190 1191 1192 1193 1194 1195 1196 1197 1198 1199]] [80 [1200 1201 1202 1203 1204 1205 1206 1207 1208 1209 1210 1211 1212 1213 1214]] [81 [1215 1216 1217 1218 1219 1220 1221 1222 1223 1224 1225 1226 1227 1228 1229]] [82 [1230 1231 1232 1233 1234 1235 1236 1237 1238 1239 1240 1241 1242 1243 1244]] [83 [1245 1246 1247 1248 1249 1250 1251 1252 1253 1254 1255 1256 1257 1258 1259]] [84 [1260 1261 1262 1263 1264 1265 1266 1267 1268 1269 1270 1271 1272 1273]] [85 [1275 1276 1277 1278 1279 1280 1281 1282 1283 1284 1285 1286 1287 1288]] [86 [1290 1291 1292 1293 1294 1295 1296 1297 1298 1299 1300 1301 1302 1303 1304]] [87 [1305 1306 1307 1308 1309 1310 1311 1312 1313 1314 1315 1316 1317 1318 1319]] [88 [1320 1321 1322 1323 1324 1325 1326 1327 1328 1329 1330 1331 1332 1333 1334]] [89 [1335 1336 1337 1338 1339 1340 1341 1342 1343 1344 1345 1346 1347 1348 1349]] [90 [1350 1351 1352 1353 1354 1355 1357 1359 1360 1361 1362 1363 1364]] [91 [1365 1366 1367 1368 1369 1370 1371 1372 1373 1374 1375 1376 1377 1378 1379]] [92 [1380 1381 1382 1383 1384 1385 1386 1387 1388 1389 1390 1391 1392 1393 1394]] [93 [1395 1396 1397 1398 1399 1400 1401 1402 1403 1404 1405 1406 1407 1408 1409]] [94 [1410 1411 1412 1413 1415 1416 1417 1421 1424]] [95 [1425 1427 1428 1429 1431 1432 1434 1437 1438 1439]] [96 [1440 1441 1442 1443 1444 1445 1446 1447 1448 1449 1450 1451 1452 1453 1454]] [97 [1455 1456 1457 1458 1459 1460 1461 1462 1463 1464 1465 1466 1467 1468 1469]] [98 [1470 1471 1472 1473 1474 1475 1476 1477 1478 1479 1480 1481 1482 1483 1484]] [99 [1485 1486 1487 1488 1489 1490 1491 1492 1493 1494 1495 1496 1497 1498 1499]]]","[[0 [1 2 4 8 9 11 13]] [1 [16 18 21 23 25 27 28]] [2 [30 31 32 34 36 37 44]] [3 [51 53 55 56 57 58]] [4 [61 63 68 69 70 71 72]] [5 [75 79 80 82 83 85 88 89]] [6 [90 92 93 100 102 103]] [7 [107 108 109 111 112 119]] [8 [120 121 125 127 130 131 132 134]] [9 [136 137 138 139 142 145 146 149]] [10 [153 155 159 160 161 162 163 164]] [11 [166 167 169 173 175 176 179]] [12 [181 182 184 186 188 189 190 191 193]] [13 [195 196 201 204 206 207 208]] [14 [210 211 212 214 217 218 220 222 223]] [15 [225 227 228 232 235 236 238]] [16 [240 241 242 243 245 247]] [17 [259 262 264 265 268 269]] [18 [270 272 273 275 276 277 280 281]] [19 [285 287 288 289 291 294 299]] [20 [302 307 309 310 311]] [21 [317 319 321 322 323 326 328]] [22 [332 333 335 336 339 341 344]] [23 [345 347 348 349 351 356]] [24 [360 363 364 365 370 373 374]] [25 [376 379 380 383 387 388 389]] [26 [390 392 394 397 400 402 404]] [27 [407 409 410 412 413 419]] [28 [420 421 424 425 430 433]] [29 [438 439 440 441 442 444 447 448 449]] [30 [451 452 453 456 459 461 462]] [31 [466 467 468 469 470 474 475 479]] [32 [480 482 483 484 486 487 492]] [33 [497 498 501 504 505 509]] [34 [510 511 512 513 520 523 524]] [35 [526 527 531 532 533 534 537]] [36 [540 541 543 548 549 552 553 554]] [37 [559 560 563 564 567 568 569]] [38 [570 571 572 574 576 580 581 582]] [39 [588 590 592 594 595 597 599]] [40 [600 604 606 608 609 612 614]] [41 [616 617 618 619 620 621 625 627]] [42 [630 631 632 633 635 636 638 639 640 641 642]] [43 [645 651 654 655 656 658 659]] [44 [661 662 664 665 666 667 668 669]] [45 [678 679 680 684 685 687 688]] [46 [691 693 696 698 699 700 704]] [47 [706 708 712 715 716 717 718]] [48 [722 724 726 729 730 731 734]] [49 [735 736 739 745 746 748 749]] [50 [752 753 755 760 761 762 763]] [51 [765 768 773 774 775 778 779]] [52 [784 785 786 787 790 792]] [53 [796 797 799 800 805 808 809]] [54 [811 813 816 817 819 822 824]] [55 [828 829 830 834 837 838 839]] [56 [840 845 846 848 849 850 852]] [57 [856 857 858 861 863 865 866 867 869]] [58 [872 874 875 877 882]] [59 [885 886 887 889 892 893 894 895 897 899]] [60 [903 904 905 906 907 911 912]] [61 [915 916 917 918 919 922 923 925 927 929]] [62 [930 931 934 935 936 938 939 941]] [63 [948 949 951 957 958 959]] [64 [960 961 963 964 968 971 972]] [65 [976 978 980 981 982 983 984 986 988 989]] [66 [991 992 994 998 999 1000 1001 1004]] [67 [1007 1008 1012 1014 1015 1016 1017 1019]] [68 [1020 1022 1024 1025 1028 1032 1034]] [69 [1036 1037 1042 1043 1044 1046 1048]] [70 [1051 1053 1055 1057 1059 1060 1063 1064]] [71 [1065 1067 1068 1070 1071 1073 1076 1077]] [72 [1081 1083 1084 1086 1087 1088 1093]] [73 [1095 1098 1100 1101 1103 1107 1109]] [74 [1110 1112 1117 1120 1122 1124]] [75 [1130 1131 1132 1133 1134 1136 1138]] [76 [1142 1146 1147 1149 1150 1151 1152]] [77 [1156 1158 1159 1161 1163 1164 1165]] [78 [1174 1176 1178 1179 1180 1182 1184]] [79 [1185 1186 1193 1194 1195 1196 1198]] [80 [1201 1202 1205 1206 1207 1212 1213]] [81 [1215 1216 1217 1221 1223 1224 1228 1229]] [82 [1233 1234 1235 1237 1238 1240 1243]] [83 [1247 1248 1251 1253 1255 1256]] [84 [1262 1263 1265 1266 1267 1270 1271]] [85 [1275 1278 1279 1281 1283 1285 1286 1287]] [86 [1290 1291 1292 1293 1294 1296 1298 1300 1303 1304]] [87 [1305 1306 1307 1309 1311 1312 1313 1315]] [88 [1321 1322 1324 1326 1328 1330 1332 1333]] [89 [1335 1336 1339 1343 1344 1346 1349]] [90 [1351 1354 1355 1357 1359 1360 1361 1363]] [91 [1365 1368 1372 1373 1375 1377 1379]] [92 [1382 1383 1384 1387 1389 1390 1394]] [93 [1395 1399 1404 1407 1408]] [94 [1411 1413 1415 1416 1417 1421 1424]] [95 [1425 1432 1434 1437 1438]] [96 [1441 1444 1445 1450 1452 1453 1454]] [97 [1455 1456 1461 1464 1466 1468 1469]] [98 [1470 1474 1475 1477 1480 1484]] [99 [1489 1493 1494]]]",,"[[{media 50} [[""A"" [1 1 1 1 1 1 1 1 1 1]]]] [{media 51} [[""A"" [2 2 2 2 2 2 2 2 2 2]]]] [{media 55} [[""A"" [2 2 2 2 2 2 2 2 2 2]]]] [{media 56} [[""A"" [1 1 1 1 1 1 1 1 1 1]]]] [{media 58} [[""A"" [0 0 0 0 0 0 0 0 0 0]]]] [{media 60} [[""A"" [3 3 3 3 3 3 3 3 3 3]]]] [{media 63} [[""A"" [1 1 1 1 1 1 1 1 1 1]]]] [{media 64} [[""A"" [1 1 1 1 1 1 1 1 1 1]]]] [{citizen 4} [[""A"" [3 4 3 1 2 1 1 0 2 1]]]] [{citizen 5} [[""A"" [3 4 4 1 1 2 1 1 2 1]]]] [{citizen 6} [[""A"" [1 1 1 2 5 3 1 2 1 1]]]] [{citizen 7} [[""A"" [4 1 1 4 2 2 1 1 1 1]]]] [{citizen 1} [[""A"" [1 1 2 2 1 3 2 1 1 0]]]] [{citizen 41} [[""A"" [4 5 6 5 1 1 2 1 4 5]]]] [{citizen 17} [[""A"" [6 5 4 1 1 1 2 2 1 3]]]] [{citizen 12} [[""A"" [2 1 1 1 2 1 1 3 6 5]]]] [{citizen 29} [[""A"" [6 4 1 2 1 3 2 1 1 1]]]] [{citizen 14} [[""A"" [4 5 5 4 1 1 2 1 3 5]]]] [{citizen 31} [[""A"" [1 1 1 4 2 1 1 2 1 1]]]] [{citizen 13} [[""A"" [0 2 2 1 1 1 2 1 1 1]]]] [{citizen 25} [[""A"" [4 4 1 3 1 2 1 1 2 1]]]] [{citizen 20} [[""A"" [3 2 1 2 5 3 5 6 4 5]]]] [{citizen 8} [[""A"" [4 4 1 6 4 3 1 2 1 1]]]] [{citizen 23} [[""A"" [5 4 4 2 4 4 2 3 5 6]]]] [{citizen 16} [[""A"" [1 1 1 1 1 1 2 3 6 5]]]] [{citizen 34} [[""A"" [5 3 4 4 1 1 1 2 1 3]]]] [{citizen 3} [[""A"" [6 5 4 2 1 1 2 3 5 6]]]] [{citizen 42} [[""A"" [1 1 1 4 2 1 2 1 1 1]]]] [{citizen 11} [[""A"" [1 2 1 3 5 6 2 1 1 1]]]] [{citizen 33} [[""A"" [2 1 1 2 1 2 1 1 2 1]]]] [{citizen 15} [[""A"" [1 2 1 1 2 1 1 0 2 1]]]] [{citizen 36} [[""A"" [2 3 4 5 1 5 5 2 1 1]]]] [{citizen 45} [[""A"" [3 2 0 1 1 2 1 1 0 1]]]] [{citizen 24} [[""A"" [1 4 2 1 1 1 2 1 1 1]]]] [{citizen 28} [[""A"" [4 3 4 1 3 0 1 5 3 6]]]] [{citizen 40} [[""A"" [5 4 3 1 2 1 1 0 2 1]]]] [{citizen 43} [[""A"" [4 1 1 3 1 2 1 3 5 6]]]] [{citizen 10} [[""A"" [1 2 1 2 1 2 1 1 2 1]]]] [{citizen 21} [[""A"" [4 1 4 2 1 1 3 1 2 1]]]] [{media 53} [[""A"" [4 4 4 4 4 4 4 4 4 4]]]] [{citizen 27} [[""A"" [5 1 3 2 1 1 3 1 1 1]]]] [{citizen 0} [[""A"" [4 1 0 1 2 2 1 2 0 1]]]] [{citizen 44} [[""A"" [4 1 2 1 3 1 2 1 2 6]]]] [{media 52} [[""A"" [4 4 4 4 4 4 4 4 4 4]]]] [{citizen 22} [[""A"" [2 1 2 2 3 6 2 1 1 1]]]] [{citizen 49} [[""A"" [4 1 1 2 1 1 3 1 1 1]]]] [{citizen 19} [[""A"" [1 2 1 4 1 5 6 2 1 1]]]] [{citizen 9} [[""A"" [4 4 1 1 2 1 2 1 1 0]]]] [{citizen 2} [[""A"" [5 1 1 1 2 1 2 1 1 0]]]] [{media 54} [[""A"" [5 5 5 5 5 5 5 5 5 5]]]] [{citizen 48} [[""A"" [2 1 2 3 1 2 1 1 2 1]]]] [{citizen 30} [[""A"" [0 2 1 1 1 2 1 1 0 1]]]] [{citizen 39} [[""A"" [1 1 1 1 2 1 2 1 1 1]]]] [{citizen 35} [[""A"" [4 5 6 5 3 4 5 1 1 3]]]] [{citizen 38} [[""A"" [1 1 1 3 5 6 1 1 0 1]]]] [{media 61} [[""A"" [6 6 6 6 6 6 6 6 6 6]]]] [{media 59} [[""A"" [5 5 5 5 5 5 5 5 5 5]]]] [{media 57} [[""A"" [5 5 5 5 5 5 5 5 5 5]]]] [{media 62} [[""A"" [5 5 5 5 5 5 5 5 5 5]]]] [{citizen 37} [[""A"" [4 1 2 1 2 2 1 2 1 1]]]] [{citizen 32} [[""A"" [5 4 5 4 4 4 3 2 1 1]]]] [{citizen 26} [[""A"" [1 1 2 1 2 3 1 1 1 0]]]] [{citizen 47} [[""A"" [2 1 1 2 2 1 1 2 1 1]]]] [{citizen 46} [[""A"" [1 2 1 1 2 1 1 2 1 3]]]]]"
"19","[213 0 42]","240","-8.7180813973044","-5.73155967956583","""circle""","""""","9.9","{breed citizens}","false","0.5","1","""up""",,"[[""ID"" 19] [""alpha"" 1] [""beta"" 1] [""malleable"" [""A""]] [""prior"" []] [""cont_tokens"" []] [""A"" 1]]","[[0 [1 2 3 4 8 9 11 13]] [1 [15 16 17 18 19 20 21 22 23 24 25 27 28]] [2 [30 31 32 33 34 35 36 37 38 39 40 41 42 43 44]] [3 [45 46 47 48 49 50 51 52 53 54 55 56 57 58]] [4 [60 61 62 63 64 65 66 67 68 69 70 71 72 73 74]] [5 [75 76 77 78 79 80 81 82 83 84 85 86 87 88 89]] [6 [90 91 92 93 94 95 96 97 98 99 100 101 102 103 104]] [7 [105 106 107 108 109 110 111 112 113 114 115 116 117 118 119]] [8 [120 121 122 123 124 125 126 127 128 129 130 131 132 134]] [9 [136 137 138 139 142 145 146 147 149]] [10 [150 151 152 153 154 155 156 158 159 160 161 162 163 164]] [11 [166 167 169 170 171 172 173 174 175 176 177 178 179]] [12 [180 181 182 183 184 185 186 187 188 189 190 191 192 193 194]] [13 [195 196 197 198 199 200 201 202 203 204 205 206 207 208 209]] [14 [210 211 212 213 214 215 216 217 218 219 220 221 222 223 224]] [15 [225 226 227 228 229 230 231 232 233 234 235 236 237 238 239]] [16 [240 241 242 243 244 245 246 247 248 249 250 251 252 253 254]] [17 [255 256 257 258 259 260 261 262 263 264 265 266 267 268 269]] [18 [270 271 272 273 274 275 276 277 278 279 280 281 282 283 284]] [19 [285 286 287 288 289 290 291 292 293 294 295 296 297 298 299]] [20 [300 301 302 303 304 305 306 307 308 309 310 311 312 313 314]] [21 [315 316 317 318 319 320 321 322 323 324 325 326 327 328 329]] [22 [330 331 332 333 334 335 336 337 338 339 340 341 343 344]] [23 [345 346 347 348 349 350 351 352 353 354 355 356 357 358]] [24 [360 361 362 363 364 365 366 367 368 369 370 371 372 373 374]] [25 [375 376 377 378 379 380 381 382 383 384 385 386 387 388 389]] [26 [390 391 392 393 394 395 396 397 398 399 400 401 402 403 404]] [27 [405 407 409 410 412 413 418 419]] [28 [420 421 422 423 424 425 426 427 428 429 430 431 432 433 434]] [29 [435 436 437 438 439 440 441 442 443 444 445 446 447 448 449]] [30 [450 451 452 453 454 455 456 457 458 459 460 461 462 463 464]] [31 [465 466 467 468 469 470 471 472 473 474 475 476 477 478 479]] [32 [480 481 482 483 484 485 486 487 488 489 490 491 492 493 494]] [33 [495 496 497 498 501 504 505 509]] [34 [510 511 512 513 514 515 516 517 518 519 520 521 522 523 524]] [35 [525 526 527 528 529 530 531 532 533 534 535 536 537 538 539]] [36 [540 541 542 543 544 545 546 547 548 549 550 551 552 553 554]] [37 [555 556 557 558 559 560 561 562 563 564 565 566 567 568 569]] [38 [570 571 572 573 574 575 576 577 578 579 580 581 582 583 584]] [39 [585 586 587 588 589 590 591 592 593 594 595 596 597 598 599]] [40 [600 601 602 603 604 605 606 607 608 609 610 611 612 613 614]] [41 [615 616 617 618 619 620 621 622 623 624 625 626 627 628 629]] [42 [630 631 632 633 634 635 636 637 638 639 640 641 642 643 644]] [43 [645 646 647 648 649 650 651 652 653 654 655 656 657 658 659]] [44 [660 661 662 663 664 665 666 667 668 669 670 671 672 673 674]] [45 [675 676 677 678 679 680 681 682 683 684 685 686 687 688 689]] [46 [690 691 692 693 694 695 696 697 698 699 700 701 702 703 704]] [47 [705 706 707 708 709 710 711 712 713 714 715 716 717 718 719]] [48 [720 721 722 723 724 725 726 727 728 729 730 731 732 734]] [49 [735 736 737 738 739 740 741 742 743 744 745 746 747 748 749]] [50 [750 751 752 753 755 757 758 759 760 761 762 763 764]] [51 [765 766 767 768 769 770 771 772 773 774 775 776 777 778 779]] [52 [780 781 782 783 784 785 786 787 788 789 790 791 792 793 794]] [53 [795 796 797 798 799 800 801 802 803 804 805 806 807 808 809]] [54 [810 811 812 813 814 815 816 817 818 819 820 821 822 824]] [55 [826 827 828 829 830 831 832 833 834 835 836 837 838 839]] [56 [840 841 842 843 844 845 846 847 848 849 850 851 852 853 854]] [57 [855 856 857 858 859 860 861 862 863 864 865 866 867 868 869]] [58 [870 871 872 873 874 875 876 877 878 879 881 882 883 884]] [59 [885 886 887 888 889 890 891 892 893 894 895 896 897 898 899]] [60 [900 901 902 903 904 905 906 907 908 909 910 911 912 913 914]] [61 [915 916 917 918 919 920 921 922 923 924 925 926 927 928 929]] [62 [930 931 934 935 936 938 939 941]] [63 [948 949 951 954 955 957 958 959]] [64 [960 961 963 964 968 969 971 972]] [65 [975 976 977 978 980 981 982 983 984 985 986 987 988 989]] [66 [990 991 992 994 995 996 997 998 999 1000 1001 1002 1003 1004]] [67 [1005 1006 1007 1008 1009 1010 1011 1012 1013 1014 1015 1016 1017 1019]] [68 [1020 1022 1024 1025 1026 1027 1028 1029 1030 1031 1032 1033 1034]] [69 [1035 1036 1037 1038 1039 1040 1041 1042 1043 1044 1045 1046 1047 1048 1049]] [70 [1050 1051 1052 1053 1054 1055 1056 1057 1058 1059 1060 1061 1062 1063 1064]] [71 [1065 1066 1067 1068 1069 1070 1071 1072 1073 1074 1075 1076 1077 1079]] [72 [1080 1081 1082 1083 1084 1086 1087 1088 1091 1093]] [73 [1095 1098 1099 1100 1101 1103 1107 1109]] [74 [1110 1111 1112 1113 1114 1115 1116 1117 1118 1119 1120 1122 1123 1124]] [75 [1125 1126 1127 1128 1129 1130 1131 1132 1133 1134 1135 1136 1137 1138 1139]] [76 [1140 1141 1142 1143 1144 1145 1146 1147 1148 1149 1150 1151 1152 1153 1154]] [77 [1155 1156 1157 1158 1159 1160 1161 1162 1163 1164 1165 1166 1167 1168 1169]] [78 [1170 1171 1172 1173 1174 1175 1176 1177 1178 1179 1180 1181 1182 1183 1184]] [79 [1185 1186 1187 1188 1189 1190 1191 1192 1193 1194 1195 1196 1197 1198 1199]] [80 [1200 1201 1202 1203 1204 1205 1206 1207 1208 1209 1210 1211 1212 1213 1214]] [81 [1215 1216 1217 1218 1219 1220 1221 1222 1223 1224 1225 1226 1227 1228 1229]] [82 [1230 1231 1232 1233 1234 1235 1236 1237 1238 1239 1240 1241 1242 1243 1244]] [83 [1245 1246 1247 1248 1249 1250 1251 1252 1253 1254 1255 1256 1257 1258 1259]] [84 [1260 1261 1262 1263 1264 1265 1266 1267 1268 1269 1270 1271 1272 1273]] [85 [1275 1276 1277 1278 1279 1280 1281 1282 1283 1284 1285 1286 1287 1288]] [86 [1290 1291 1292 1293 1294 1295 1296 1297 1298 1299 1300 1301 1302 1303 1304]] [87 [1305 1306 1307 1308 1309 1310 1311 1312 1313 1314 1315 1316 1317 1318 1319]] [88 [1320 1321 1322 1323 1324 1325 1326 1327 1328 1329 1330 1331 1332 1333 1334]] [89 [1335 1336 1337 1338 1339 1340 1341 1342 1343 1344 1345 1346 1347 1348 1349]] [90 [1350 1351 1352 1353 1354 1355 1356 1357 1358 1359 1360 1361 1362 1363 1364]] [91 [1365 1366 1367 1368 1369 1370 1371 1372 1373 1374 1375 1376 1377 1378 1379]] [92 [1380 1381 1382 1383 1384 1385 1386 1387 1388 1389 1390 1391 1392 1393 1394]] [93 [1395 1396 1397 1398 1399 1400 1401 1402 1403 1404 1405 1406 1407 1408 1409]] [94 [1410 1411 1412 1413 1414 1415 1416 1417 1418 1419 1420 1421 1422 1423 1424]] [95 [1425 1427 1428 1429 1431 1432 1434 1437 1438 1439]] [96 [1440 1441 1442 1443 1444 1445 1446 1447 1448 1449 1450 1451 1452 1453 1454]] [97 [1457 1458 1459 1460 1462 1463 1465 1466 1467 1468 1469]] [98 [1471 1472 1473 1474 1475 1476 1477 1478 1479 1480 1484]] [99 [1485 1486 1487 1488 1489 1490 1491 1492 1493 1494 1495 1496 1497 1498 1499]]]","[[0 [1 2 3 4 8 9 11 13]] [1 [16 18 20 21 23 25 27 28]] [2 [30 31 32 34 36 37 44]] [3 [45 51 53 55 56 57 58]] [4 [62 64 66 67 73 74]] [5 [76 77 78 84 86 87 89]] [6 [90 92 93 100 102 103]] [7 [107 108 109 111 112 119]] [8 [120 121 125 127 131 132 134]] [9 [136 137 138 139 142]] [10 [152 153 154 156 158 163 164]] [11 [166 167 169 172 173 175 176 179]] [12 [180 181 182 183 185 187 192 193]] [13 [195 196 198 201 204 206 207 208]] [14 [210 211 212 213 214 215 217 218 220 222 223]] [15 [225 227 228 229 230 231 233 234 237 239]] [16 [242 243 245 246 247 253]] [17 [256 257 258 263 266 267]] [18 [271 273 275 276 277 280 281]] [19 [285 287 288 289 291 292 293 295 296 297 298]] [20 [300 301 302 307 311]] [21 [317 319 320 322 323 326 328]] [22 [332 333 335 336 338 340 341 344]] [23 [345 347 348 349 351 352 353 354 357 358]] [24 [362 366 367 368 369 371 374]] [25 [375 377 382 384 386]] [26 [391 395 396 397 400 402 404]] [27 [407 409 410 412 413 418]] [28 [421 424 425 430 433]] [29 [438 439 440 441 442 447 448 449]] [30 [451 452 453 456 457 458 463 464]] [31 [465 466 467 471 472 473 476 477 478]] [32 [481 484 486 487 492]] [33 [495 496 497 498 501 504 505 509]] [34 [510 511 512 513 517 518 519 521]] [35 [525 528 529 530 533 534 536 537]] [36 [542 544 545 546 550 551]] [37 [555 556 557 558 559 560 562 563 567 568 569]] [38 [571 574 576 580 581 582]] [39 [587 591 593 596 598]] [40 [601 603 605 607 609 611 612 614]] [41 [616 617 618 619 620 621 622 624 628 629]] [42 [633 634 637 643]] [43 [646 647 648 652 653 657]] [44 [660 663 668 669]] [45 [678 679 680 684 685 686]] [46 [690 693 696 698 699 704]] [47 [706 708 711 713 714 718]] [48 [721 723 727 728 731 732 734]] [49 [735 736 739 745 746 747 748 749]] [50 [751 752 753 755 760 761 763]] [51 [765 766 767 769 770 771 772 776 777]] [52 [780 781 782 783 788 791 793 794]] [53 [795 796 797 799 800 804 805 808 809]] [54 [811 813 816 817 819 822 824]] [55 [831 832 833 836 837 838 839]] [56 [840 845 846 847 848 850 851 852]] [57 [856 857 861 862 864 868 869]] [58 [872 874 875 877 882 884]] [59 [885 886 888 889 892 896]] [60 [900 908 909 910 911 912]] [61 [915 916 917 918 919 922 923 925 928 929]] [62 [930 931 935 936 938 939 941]] [63 [948 949 951 957 958 959]] [64 [960 961 963 964 968 969 971 972]] [65 [976 978 980 981 982 983 984 986 988 989]] [66 [991 992 994 998 999 1000 1001 1004]] [67 [1007 1008 1011 1013 1017 1019]] [68 [1020 1022 1024 1025 1028 1032 1034]] [69 [1036 1037 1042 1043 1044 1047 1049]] [70 [1050 1052 1054 1056 1058 1060 1063 1064]] [71 [1065 1067 1068 1070 1071 1073 1076 1077]] [72 [1081 1083 1084 1086 1087 1088 1093]] [73 [1095 1098 1100 1101 1103 1107 1109]] [74 [1110 1112 1116 1117 1119 1120 1122 1124]] [75 [1127 1128 1129 1132 1133 1134 1136 1138]] [76 [1141 1142 1144 1145 1148 1150 1151 1152]] [77 [1155 1156 1158 1161 1163 1164 1165]] [78 [1174 1176 1177 1181 1183]] [79 [1188 1189 1192 1197 1199]] [80 [1200 1203 1204 1206 1207 1212 1213]] [81 [1215 1216 1217 1221 1223 1224 1229]] [82 [1233 1234 1235 1236 1239 1241 1242 1244]] [83 [1245 1246 1248 1251 1253 1255 1256 1258]] [84 [1262 1263 1265 1266 1267 1270 1271 1273]] [85 [1275 1278 1279 1281 1283 1285 1287]] [86 [1290 1291 1292 1293 1294 1296 1298 1300 1303 1304]] [87 [1305 1310 1314 1316 1318 1319]] [88 [1320 1323 1325 1327 1329 1330 1332 1334]] [89 [1337 1338 1340 1341 1343 1344 1346 1348]] [90 [1350 1352 1353 1354 1355 1357 1359 1360 1362 1364]] [91 [1366 1367 1369 1370 1372 1373 1375 1377 1379]] [92 [1382 1383 1384 1387 1391 1392 1393]] [93 [1396 1397 1398 1400 1405 1406 1409]] [94 [1410 1412 1413 1415 1416 1417 1421 1424]] [95 [1425 1432 1434 1437 1438]] [96 [1441 1442 1443 1447 1448 1449 1451]] [97 [1457 1458 1459 1460 1462 1463 1465 1467]] [98 [1471 1474 1475 1477 1480 1484]] [99 [1487 1488 1490 1491 1492 1493 1495 1496 1497 1498 1499]]]",,"[[{citizen 22} [[""A"" [0 2 4 2 4 3 6 5 4 1]]]] [{citizen 24} [[""A"" [4 2 2 1 2 4 1 1 1 1]]]] [{citizen 46} [[""A"" [0 1 1 2 1 0 2 1 1 3]]]] [{media 50} [[""A"" [1 1 1 1 1 1 1 1 1 1]]]] [{media 51} [[""A"" [2 2 2 2 2 2 2 2 2 2]]]] [{media 55} [[""A"" [2 2 2 2 2 2 2 2 2 2]]]] [{media 56} [[""A"" [1 1 1 1 1 1 1 1 1 1]]]] [{media 58} [[""A"" [0 0 0 0 0 0 0 0 0 0]]]] [{media 60} [[""A"" [3 3 3 3 3 3 3 3 3 3]]]] [{media 63} [[""A"" [1 1 1 1 1 1 1 1 1 1]]]] [{media 64} [[""A"" [1 1 1 1 1 1 1 1 1 1]]]] [{citizen 4} [[""A"" [1 1 3 4 4 3 1 0 2 1]]]] [{citizen 5} [[""A"" [5 5 4 5 1 0 2 1 2 1]]]] [{citizen 6} [[""A"" [1 1 1 0 5 4 3 2 1 1]]]] [{citizen 7} [[""A"" [4 5 4 5 2 4 2 1 1 1]]]] [{citizen 14} [[""A"" [5 4 5 2 1 2 1 3 4 5]]]] [{citizen 12} [[""A"" [4 5 4 2 2 1 1 3 5 5]]]] [{citizen 3} [[""A"" [4 5 4 2 2 1 1 3 5 4]]]] [{media 57} [[""A"" [5 5 5 5 5 5 5 5 5 5]]]] [{citizen 38} [[""A"" [4 2 1 3 6 5 1 0 2 1]]]] [{citizen 0} [[""A"" [5 3 2 1 0 2 1 1 0 1]]]] [{citizen 41} [[""A"" [3 5 5 4 2 0 2 1 5 5]]]] [{citizen 1} [[""A"" [4 2 0 2 1 3 5 4 1 0]]]] [{citizen 17} [[""A"" [5 5 3 5 4 0 2 2 1 3]]]] [{citizen 29} [[""A"" [5 2 1 1 4 2 3 5 2 1]]]] [{citizen 31} [[""A"" [6 4 4 2 1 2 1 1 1 2]]]] [{citizen 13} [[""A"" [4 5 5 2 0 2 1 1 2 1]]]] [{citizen 25} [[""A"" [5 3 4 4 3 1 2 1 2 1]]]] [{citizen 20} [[""A"" [1 2 1 1 0 4 3 5 4 5]]]] [{citizen 8} [[""A"" [4 5 3 4 4 3 1 1 2 1]]]] [{citizen 23} [[""A"" [5 4 3 4 2 2 0 3 5 5]]]] [{citizen 16} [[""A"" [5 4 2 2 0 1 1 3 6 5]]]] [{citizen 34} [[""A"" [4 5 4 3 2 0 1 3 5 4]]]] [{citizen 42} [[""A"" [1 2 1 1 4 2 1 2 1 1]]]] [{citizen 11} [[""A"" [4 2 1 3 5 5 4 1 2 1]]]] [{citizen 33} [[""A"" [4 5 2 0 2 1 1 0 2 1]]]] [{citizen 15} [[""A"" [5 2 1 0 1 1 1 0 2 1]]]] [{citizen 36} [[""A"" [3 4 5 3 2 5 4 5 4 1]]]] [{media 59} [[""A"" [5 5 5 5 5 5 5 5 5 5]]]] [{citizen 39} [[""A"" [2 1 1 1 2 1 2 1 2 1]]]] [{citizen 45} [[""A"" [5 4 3 2 1 0 2 1 0 1]]]] [{citizen 28} [[""A"" [5 5 4 1 0 1 3 6 5 4]]]] [{citizen 40} [[""A"" [5 4 3 1 2 1 1 0 2 1]]]] [{citizen 43} [[""A"" [5 3 4 5 2 1 3 5 6 5]]]] [{citizen 10} [[""A"" [4 3 4 1 2 1 1 0 2 1]]]] [{citizen 21} [[""A"" [3 4 5 4 2 3 1 1 3 1]]]] [{media 61} [[""A"" [6 6 6 6 6 6 6 6 6 6]]]] [{citizen 30} [[""A"" [0 2 1 1 0 1 1 1 0 2]]]] [{media 53} [[""A"" [4 4 4 4 4 4 4 4 4 4]]]] [{citizen 27} [[""A"" [5 5 4 1 3 1 4 2 3 1]]]] [{citizen 18} [[""A"" [5 5 5 4 4 5 5 4 2 5]]]] [{citizen 44} [[""A"" [3 5 4 2 2 1 3 2 3 5]]]] [{media 52} [[""A"" [4 4 4 4 4 4 4 4 4 4]]]] [{citizen 49} [[""A"" [3 4 4 5 2 1 1 3 1 1]]]] [{citizen 9} [[""A"" [3 4 4 3 2 2 1 1 0 2]]]] [{citizen 2} [[""A"" [5 4 0 1 2 1 1 2 1 0]]]] [{media 54} [[""A"" [5 5 5 5 5 5 5 5 5 5]]]] [{citizen 48} [[""A"" [1 0 1 2 3 1 1 1 2 1]]]] [{citizen 35} [[""A"" [5 4 3 4 5 3 1 2 1 3]]]] [{media 62} [[""A"" [5 5 5 5 5 5 5 5 5 5]]]] [{citizen 37} [[""A"" [5 5 2 0 4 2 1 2 1 2]]]] [{citizen 32} [[""A"" [5 4 2 4 4 5 4 3 4 1]]]] [{citizen 26} [[""A"" [5 0 1 1 1 2 3 1 1 0]]]] [{citizen 47} [[""A"" [3 1 2 1 0 2 1 1 1 1]]]]]"
"20","[43 0 212]","208.125","-4.405679841978801","-8.857089646898133","""circle""","""""","9.9","{breed citizens}","false","0.5","1","""up""",,"[[""ID"" 20] [""alpha"" 1] [""beta"" 1] [""malleable"" [""A""]] [""prior"" []] [""cont_tokens"" []] [""A"" 5]]","[[0 [1 2 4 8 9 11 13]] [1 [16 18 20 21 22 23 24 25 27 28]] [2 [30 31 32 33 34 35 36 37 38 39 40 41 42 43 44]] [3 [45 46 47 48 49 50 51 52 53 54 55 56 57 58]] [4 [60 61 62 63 64 65 66 67 68 69 70 71 72 73 74]] [5 [75 76 77 78 79 80 81 82 83 84 85 86 87 88 89]] [6 [90 91 92 93 94 95 96 97 98 99 100 101 102 103 104]] [7 [105 106 107 108 109 110 111 112 113 114 115 116 117 118 119]] [8 [120 121 122 123 124 125 126 127 128 129 130 131 132 134]] [9 [136 137 138 139 142 145 146 147 149]] [10 [150 151 152 153 154 155 156 158 159 160 161 162 163 164]] [11 [166 167 169 170 171 172 173 174 175 176 177 178 179]] [12 [180 181 182 183 184 185 186 187 188 189 190 191 192 193 194]] [13 [195 196 197 198 199 200 201 202 203 204 205 206 207 208 209]] [14 [210 211 212 213 214 215 216 217 218 219 220 221 222 223 224]] [15 [225 227 228 229 230 231 232 233 234 235 236 237 238 239]] [16 [240 241 242 243 244 245 246 247 248 249 250 251 252 253 254]] [17 [255 256 257 258 259 260 261 262 263 264 265 266 267 268 269]] [18 [270 271 272 273 274 275 276 277 278 279 280 281 282 283 284]] [19 [285 286 287 288 289 290 291 292 293 294 295 296 297 298 299]] [20 [300 301 302 303 304 305 306 307 309 310 311 312 313 314]] [21 [315 316 317 318 319 320 321 322 323 324 325 326 327 328 329]] [22 [330 331 332 333 334 335 336 337 338 339 340 341 342 343 344]] [23 [345 346 347 348 349 350 351 352 353 354 355 356 357 358 359]] [24 [361 362 366 367 368 369 371 374]] [25 [375 376 377 378 379 380 381 382 383 384 385 386 387 388 389]] [26 [390 391 392 393 394 395 396 397 398 399 400 401 402 403 404]] [27 [405 406 407 408 409 410 411 412 413 414 415 416 417 418 419]] [28 [420 421 422 423 424 425 426 427 428 429 430 431 432 433 434]] [29 [435 436 437 438 439 440 441 442 443 444 445 446 447 448 449]] [30 [450 451 452 453 454 455 456 457 458 459 460 461 462 463 464]] [31 [465 466 467 468 469 470 471 472 473 474 475 476 477 478 479]] [32 [480 481 482 483 484 485 486 487 488 489 490 491 492 493 494]] [33 [495 496 497 498 499 501 502 503 504 505 506 507 508 509]] [34 [510 511 512 513 514 515 516 517 518 519 520 521 522 523 524]] [35 [525 526 527 528 529 530 531 532 533 534 535 536 537 538 539]] [36 [540 541 542 543 544 545 546 547 548 549 550 551 552 553 554]] [37 [555 556 557 558 559 560 561 562 563 564 565 566 567 568 569]] [38 [570 571 572 573 574 575 576 577 578 579 580 581 582 583 584]] [39 [585 586 587 588 589 590 591 592 593 594 595 596 597 598 599]] [40 [600 601 602 603 604 605 606 607 608 609 610 611 612 613 614]] [41 [615 616 617 618 619 620 621 622 623 624 625 626 627 628 629]] [42 [630 631 632 633 634 635 636 637 638 639 640 641 642 643 644]] [43 [645 646 647 648 649 650 651 652 653 654 655 656 657 658 659]] [44 [660 661 662 663 664 665 666 667 668 669 670 671 672 673 674]] [45 [675 676 677 678 679 680 681 682 683 684 685 686 687 688 689]] [46 [690 691 692 693 694 695 696 697 698 699 700 701 702 703 704]] [47 [705 706 707 708 709 710 711 712 713 714 715 716 717 718 719]] [48 [720 721 722 723 724 725 726 727 728 729 730 731 732 734]] [49 [735 736 737 738 739 740 741 742 743 744 745 746 747 748 749]] [50 [750 751 752 753 755 757 758 759 760 761 762 763 764]] [51 [765 766 767 768 769 770 771 772 773 774 775 776 777 778 779]] [52 [780 781 782 783 784 785 786 787 788 789 790 791 792 793 794]] [53 [795 796 797 798 799 800 801 802 803 804 805 806 807 808 809]] [54 [810 811 812 813 814 815 816 817 818 819 820 821 822 824]] [55 [826 827 828 829 830 831 832 833 834 835 836 837 838 839]] [56 [840 841 842 843 844 845 846 847 848 849 850 851 852 853 854]] [57 [855 856 857 858 859 860 861 862 863 864 865 866 867 868 869]] [58 [870 871 872 873 874 875 876 877 878 879 881 882 883 884]] [59 [885 886 887 888 889 890 891 892 893 894 895 896 897 898 899]] [60 [900 901 902 903 904 905 906 907 908 909 910 911 912 913 914]] [61 [915 916 917 918 919 922 923 925 927 928 929]] [62 [930 931 934 935 936 938 939 941]] [63 [948 949 951 954 955 957 958 959]] [64 [960 961 963 964 968 969 971 972]] [65 [975 976 977 978 980 981 982 983 984 985 986 987 988 989]] [66 [990 991 992 993 994 995 996 997 998 999 1000 1001 1002 1003 1004]] [67 [1005 1006 1007 1008 1009 1010 1011 1012 1013 1014 1015 1016 1017 1019]] [68 [1020 1022 1024 1025 1026 1027 1028 1029 1030 1031 1032 1033 1034]] [69 [1035 1036 1037 1038 1039 1040 1041 1042 1043 1044 1045 1046 1047 1048 1049]] [70 [1050 1051 1052 1053 1054 1055 1056 1057 1058 1059 1060 1061 1062 1063 1064]] [71 [1065 1066 1067 1068 1069 1070 1071 1072 1073 1074 1075 1076 1077 1079]] [72 [1080 1081 1082 1083 1084 1086 1087 1088 1091 1093]] [73 [1095 1098 1099 1100 1101 1103 1107 1109]] [74 [1110 1111 1112 1113 1114 1115 1116 1117 1118 1119 1120 1122 1123 1124]] [75 [1125 1126 1127 1128 1129 1130 1131 1132 1133 1134 1135 1136 1137 1138 1139]] [76 [1140 1141 1142 1143 1144 1145 1146 1147 1148 1149 1150 1151 1152 1153 1154]] [77 [1155 1156 1157 1158 1159 1160 1161 1162 1163 1164 1165 1166 1167 1168 1169]] [78 [1170 1171 1172 1173 1174 1175 1176 1177 1178 1179 1180 1181 1182 1183 1184]] [79 [1185 1186 1187 1188 1189 1190 1191 1192 1193 1194 1195 1196 1197 1198 1199]] [80 [1200 1203 1204 1205 1206 1207 1212 1213]] [81 [1215 1216 1217 1218 1219 1220 1221 1222 1223 1224 1225 1226 1227 1228 1229]] [82 [1230 1231 1232 1233 1234 1235 1236 1237 1238 1239 1240 1241 1242 1243 1244]] [83 [1245 1246 1247 1248 1249 1250 1251 1252 1253 1254 1255 1256 1257 1258 1259]] [84 [1260 1261 1262 1263 1264 1265 1266 1267 1268 1269 1270 1271 1272 1273]] [85 [1275 1276 1277 1278 1279 1280 1281 1282 1283 1284 1285 1286 1287 1288]] [86 [1290 1291 1292 1293 1294 1295 1296 1297 1298 1299 1300 1301 1302 1303 1304]] [87 [1305 1306 1307 1308 1309 1310 1311 1312 1313 1314 1315 1316 1317 1318 1319]] [88 [1320 1321 1322 1323 1324 1325 1326 1327 1328 1329 1330 1331 1332 1333 1334]] [89 [1335 1336 1337 1338 1339 1340 1341 1342 1343 1344 1345 1346 1347 1348 1349]] [90 [1350 1351 1352 1353 1354 1355 1356 1357 1358 1359 1360 1361 1362 1363 1364]] [91 [1365 1366 1367 1368 1369 1370 1371 1372 1373 1374 1375 1376 1377 1378 1379]] [92 [1380 1381 1382 1383 1384 1385 1386 1387 1388 1389 1390 1391 1392 1393 1394]] [93 [1395 1396 1397 1398 1399 1400 1401 1402 1403 1404 1405 1406 1407 1408 1409]] [94 [1410 1411 1412 1413 1414 1415 1416 1417 1418 1419 1420 1421 1422 1423 1424]] [95 [1425 1427 1428 1429 1431 1432 1434 1437 1438 1439]] [96 [1440 1441 1442 1443 1444 1445 1446 1447 1448 1449 1450 1451 1452 1453 1454]] [97 [1455 1456 1457 1458 1459 1460 1461 1462 1463 1464 1465 1466 1467 1468 1469]] [98 [1470 1471 1472 1473 1474 1475 1476 1477 1478 1479 1480 1484]] [99 [1485 1486 1487 1488 1489 1490 1491 1492 1493 1494 1495 1496 1497 1498 1499]]]","[[0 [2 4 8 9 11 13]] [1 [16 18 20 21 24 25 27 28]] [2 [30 31 32 34 36 37 43]] [3 [45 46 47 48 49 50 52 58]] [4 [62 64 66 67 73 74]] [5 [76 77 78 84 86 87]] [6 [92 93 98 99 100 102 103]] [7 [105 106 108 109 111 112 117 119]] [8 [120 121 125 127 131 132 134]] [9 [136 137 138 139 142 145 146 149]] [10 [153 155 159 160 161 162 163 164]] [11 [167 169 173 175 176 179]] [12 [180 181 182 184 186 188 189 190 191 194]] [13 [197 199 200 202 203 205 209]] [14 [212 214 215 217 218 220 222 223]] [15 [225 227 228 229 231 233 234 237 239]] [16 [244 248 249 251 252 253 254]] [17 [255 256 257 258 263 266 267 268 269]] [18 [270 272 273 275 276 277 280 281]] [19 [285 287 288 289 291 292 293 295 296 297 299]] [20 [303 304 305 306 307 310 311 312 313 314]] [21 [315 316 318 320 322 323 325 327]] [22 [330 331 334 337 338 340]] [23 [350 352 353 354 357 358]] [24 [362 366 367 368 369 371 374]] [25 [375 378 381 382 384 385 388 389]] [26 [390 392 393 394 397 400 402 403]] [27 [405 407 409 410 412 413 419]] [28 [420 421 423 424 425 430 433]] [29 [435 436 437 442 444 447 448 449]] [30 [451 452 453 459 461 462]] [31 [467 471 472 473 476 477 478]] [32 [481 484 485 486 487 492]] [33 [495 496 497 498 501 504 505]] [34 [510 512 513 517 522]] [35 [525 528 529 530 533 534 537]] [36 [540 541 543 549 552 553 554]] [37 [559 560 562 563 567 568 569]] [38 [570 571 572 574 576 580 581 582]] [39 [588 590 594 595 597 599]] [40 [600 604 606 608 609 612 614]] [41 [616 618 619 621 625 627]] [42 [630 631 632 633 635 636 638 639 640 641 642]] [43 [645 649 650 652 653 657]] [44 [660 663 668 671 672]] [45 [675 676 677 681 682 683 686 687 688]] [46 [691 693 695 697 701 702 703]] [47 [705 707 709 710 711 713 714 718]] [48 [720 722 724 725 726 729 730 731 732 734]] [49 [735 736 739 747 748 749]] [50 [752 753 755 760 761 762 763]] [51 [765 766 767 769 770 771 772 776 777]] [52 [781 782 783 788 791 793 794]] [53 [795 796 797 799 800 805 808 809]] [54 [813 816 817 819 822 824]] [55 [831 832 833 836 837 838 839]] [56 [840 845 846 847 848 849 853 854]] [57 [855 859 860 863 865 866 867 869]] [58 [872 874 875 877 879 881 883 884]] [59 [887 890 891 893 894 895 897 899]] [60 [903 904 905 906 907 913 914]] [61 [919 922 923 925 927 928 929]] [62 [930 931 934 935 936 938 939 941]] [63 [948 951 954 955 958 959]] [64 [960 961 963 964 968 971 972]] [65 [976 978 980 981 982 985 987]] [66 [990 995 998 999 1000 1001 1004]] [67 [1008 1011 1013 1017 1019]] [68 [1020 1022 1024 1025 1026 1027 1029 1030 1031 1033 1034]] [69 [1036 1037 1042 1043 1044 1046 1047 1049]] [70 [1050 1052 1054 1056 1058 1060 1062 1064]] [71 [1065 1067 1068 1070 1071 1073 1076 1077]] [72 [1081 1083 1084 1086 1087 1088 1093]] [73 [1095 1098 1099 1100 1101 1103 1107 1109]] [74 [1110 1116 1117 1119 1120 1122 1124]] [75 [1127 1128 1129 1135 1137 1139]] [76 [1140 1143 1145 1148 1150 1151 1152]] [77 [1156 1158 1160 1162 1166 1167 1168 1169]] [78 [1170 1171 1172 1173 1177 1181 1183]] [79 [1187 1188 1189 1190 1191 1192 1197 1199]] [80 [1200 1203 1204 1206 1207 1212 1213]] [81 [1215 1216 1217 1221 1223 1224 1228]] [82 [1231 1233 1234 1235 1236 1239 1244]] [83 [1245 1246 1249 1250 1252 1254 1255 1256 1258]] [84 [1262 1263 1265 1266 1267 1270 1271 1273]] [85 [1277 1280 1282 1284 1288]] [86 [1293 1294 1296 1298 1300 1303 1304]] [87 [1305 1310 1314 1316 1318 1319]] [88 [1320 1323 1325 1327 1329 1330 1332 1334]] [89 [1337 1338 1340 1341 1343 1344 1346 1348]] [90 [1350 1352 1353 1354 1355 1357 1359 1360 1361 1363]] [91 [1365 1368 1372 1373 1375 1379]] [92 [1382 1384 1387 1391 1392 1393]] [93 [1396 1397 1398 1400 1401 1402 1403 1404 1407 1408]] [94 [1411 1413 1415 1416 1417 1421 1424]] [95 [1425 1432 1434 1437 1438]] [96 [1441 1442 1443 1447 1448 1449 1451]] [97 [1457 1459 1460 1462 1463 1465 1467]] [98 [1472 1473 1476 1477]] [99 [1485 1486 1487 1488 1490 1491 1492 1494]]]",,"[[{citizen 21} [[""A"" [1 2 1 3 5 4 2 1 3 1]]]] [{media 50} [[""A"" [1 1 1 1 1 1 1 1 1 1]]]] [{media 51} [[""A"" [2 2 2 2 2 2 2 2 2 2]]]] [{media 55} [[""A"" [2 2 2 2 2 2 2 2 2 2]]]] [{media 56} [[""A"" [1 1 1 1 1 1 1 1 1 1]]]] [{media 58} [[""A"" [0 0 0 0 0 0 0 0 0 0]]]] [{media 63} [[""A"" [1 1 1 1 1 1 1 1 1 1]]]] [{media 64} [[""A"" [1 1 1 1 1 1 1 1 1 1]]]] [{citizen 4} [[""A"" [4 4 4 3 2 1 1 0 2 1]]]] [{citizen 5} [[""A"" [3 5 4 1 1 2 1 1 2 0]]]] [{citizen 13} [[""A"" [4 2 1 0 2 1 1 1 0 2]]]] [{citizen 3} [[""A"" [2 2 2 1 3 1 2 1 6 5]]]] [{citizen 7} [[""A"" [1 3 4 2 2 1 1 1 0 1]]]] [{citizen 10} [[""A"" [1 1 1 1 2 1 1 1 0 2]]]] [{citizen 8} [[""A"" [4 1 6 4 2 1 1 1 0 2]]]] [{citizen 41} [[""A"" [5 5 5 2 0 2 2 1 1 1]]]] [{citizen 1} [[""A"" [2 1 1 4 2 1 5 1 1 0]]]] [{citizen 17} [[""A"" [5 5 0 2 2 1 1 2 1 3]]]] [{citizen 12} [[""A"" [1 1 3 1 2 1 2 1 3 5]]]] [{citizen 29} [[""A"" [4 1 1 6 2 1 5 2 1 0]]]] [{citizen 14} [[""A"" [4 4 2 1 1 1 2 2 1 3]]]] [{citizen 31} [[""A"" [1 1 3 4 2 2 1 1 0 2]]]] [{citizen 25} [[""A"" [5 4 1 3 3 2 1 1 2 0]]]] [{citizen 45} [[""A"" [5 4 2 1 1 0 2 1 0 1]]]] [{citizen 24} [[""A"" [2 4 1 2 1 3 4 1 1 0]]]] [{citizen 28} [[""A"" [2 4 1 3 1 0 1 3 6 5]]]] [{citizen 34} [[""A"" [2 3 5 4 2 1 1 2 3 5]]]] [{citizen 16} [[""A"" [2 1 1 1 1 2 2 1 6 5]]]] [{citizen 40} [[""A"" [1 4 5 4 3 1 2 1 0 2]]]] [{citizen 23} [[""A"" [0 1 1 3 4 2 1 3 6 5]]]] [{citizen 6} [[""A"" [2 1 1 1 1 5 4 3 2 0]]]] [{citizen 43} [[""A"" [5 3 2 3 3 1 2 1 6 5]]]] [{media 53} [[""A"" [4 4 4 4 4 4 4 4 4 4]]]] [{citizen 27} [[""A"" [5 1 3 1 3 1 4 2 1 0]]]] [{citizen 0} [[""A"" [5 4 1 1 0 1 2 2 1 0]]]] [{citizen 15} [[""A"" [2 2 1 1 2 1 1 0 2 1]]]] [{media 60} [[""A"" [3 3 3 3 3 3 3 3 3 3]]]] [{citizen 18} [[""A"" [5 5 4 4 5 6 5 4 2 1]]]] [{citizen 19} [[""A"" [5 4 4 2 1 6 5 2 1 0]]]] [{citizen 42} [[""A"" [1 1 4 2 1 1 2 1 1 0]]]] [{citizen 2} [[""A"" [2 1 2 1 2 5 2 1 2 0]]]] [{citizen 36} [[""A"" [4 2 1 3 1 5 4 5 1 0]]]] [{citizen 49} [[""A"" [1 1 2 1 2 1 1 1 1 0]]]] [{citizen 11} [[""A"" [5 4 2 1 6 5 2 1 1 2]]]] [{citizen 33} [[""A"" [3 2 2 0 1 1 2 1 0 2]]]] [{media 52} [[""A"" [4 4 4 4 4 4 4 4 4 4]]]] [{citizen 22} [[""A"" [2 4 2 1 4 6 5 1 1 0]]]] [{citizen 44} [[""A"" [4 1 2 1 3 1 1 2 6 5]]]] [{citizen 9} [[""A"" [5 4 4 2 1 2 2 1 0 2]]]] [{media 54} [[""A"" [5 5 5 5 5 5 5 5 5 5]]]] [{citizen 48} [[""A"" [1 2 2 1 1 1 1 0 2 1]]]] [{citizen 30} [[""A"" [1 0 2 1 2 1 2 1 0 2]]]] [{citizen 39} [[""A"" [1 1 1 3 2 2 2 1 0 2]]]] [{citizen 35} [[""A"" [4 5 3 4 1 2 1 1 1 3]]]] [{citizen 38} [[""A"" [1 3 1 2 1 3 6 5 0 2]]]] [{media 61} [[""A"" [6 6 6 6 6 6 6 6 6 6]]]] [{media 59} [[""A"" [5 5 5 5 5 5 5 5 5 5]]]] [{media 57} [[""A"" [5 5 5 5 5 5 5 5 5 5]]]] [{media 62} [[""A"" [5 5 5 5 5 5 5 5 5 5]]]] [{citizen 37} [[""A"" [2 1 2 4 2 1 1 2 0 2]]]] [{citizen 32} [[""A"" [4 2 4 1 3 4 2 3 1 0]]]] [{citizen 26} [[""A"" [1 1 1 2 2 1 3 1 1 0]]]] [{citizen 47} [[""A"" [1 1 1 2 2 1 1 2 0 1]]]] [{citizen 46} [[""A"" [2 1 0 2 1 2 1 1 3 1]]]]]"
"21","[213 0 42]","111.5625","8.467144461398107","-3.5220333904978056","""circle""","""""","9.9","{breed citizens}","false","0.5","1","""up""",,"[[""ID"" 21] [""alpha"" 1] [""beta"" 1] [""malleable"" [""A""]] [""prior"" []] [""cont_tokens"" []] [""A"" 1]]","[[0 [1 2 3 4 8 9 11 13]] [1 [16 18 20 21 22 23 24 25 27 28]] [2 [30 31 32 33 34 35 36 37 38 39 40 41 42 43 44]] [3 [45 46 47 48 49 50 51 52 53 54 55 56 57 58]] [4 [60 61 62 63 64 65 66 67 68 69 70 71 72 73 74]] [5 [75 76 77 78 79 80 81 82 83 84 85 86 87 88 89]] [6 [90 91 92 93 94 95 96 97 98 99 100 101 102 103 104]] [7 [105 106 107 108 109 110 111 112 113 114 115 116 117 118 119]] [8 [120 121 122 123 124 125 126 127 128 129 130 131 132 134]] [9 [136 137 138 139 142 145 146 147 149]] [10 [150 151 152 153 154 155 156 158 159 160 161 162 163 164]] [11 [166 167 169 170 171 172 173 174 175 176 177 178 179]] [12 [180 181 182 183 184 185 186 187 188 189 190 191 192 193 194]] [13 [195 196 197 198 199 200 201 202 203 204 205 206 207 208 209]] [14 [210 211 212 213 214 215 216 217 218 219 220 221 222 223 224]] [15 [225 226 227 228 229 230 231 232 233 234 235 236 237 238 239]] [16 [240 241 242 243 244 245 246 247 248 249 250 251 252 253 254]] [17 [255 256 257 258 259 260 261 262 263 264 265 266 267 268 269]] [18 [270 271 272 273 274 275 276 277 278 279 280 281 282 283 284]] [19 [285 286 287 288 289 290 291 292 293 294 295 296 297 298 299]] [20 [300 301 302 303 304 305 306 307 309 310 311 312 313 314]] [21 [315 316 317 318 319 320 321 322 323 324 325 326 327 328 329]] [22 [330 331 332 333 334 335 336 337 338 339 340 341 342 343 344]] [23 [345 346 347 348 349 350 351 352 353 354 355 356 357 358]] [24 [360 361 362 363 364 365 366 367 368 369 370 371 372 373 374]] [25 [375 376 377 378 379 380 381 382 383 384 385 386 387 388 389]] [26 [390 391 392 393 394 395 396 397 398 399 400 401 402 403 404]] [27 [405 406 407 408 409 410 411 412 413 414 415 416 417 418 419]] [28 [420 421 422 423 424 425 426 427 428 429 430 431 432 433 434]] [29 [435 436 437 438 439 440 441 442 443 444 445 446 447 448 449]] [30 [450 451 452 453 454 455 456 457 458 459 460 461 462 463 464]] [31 [465 466 467 468 469 470 471 472 473 474 475 476 477 478 479]] [32 [480 481 482 483 484 485 486 487 488 489 490 491 492 493 494]] [33 [495 496 497 498 501 504 505 509]] [34 [510 511 512 513 514 515 516 517 518 519 520 521 522 523 524]] [35 [525 526 527 528 529 530 531 532 533 534 535 536 537 538 539]] [36 [540 541 542 543 544 545 546 547 548 549 550 551 552 553 554]] [37 [555 556 557 558 559 560 561 562 563 564 565 566 567 568 569]] [38 [570 571 572 573 574 575 576 577 578 579 580 581 582 583 584]] [39 [585 586 587 588 589 590 591 592 593 594 595 596 597 598 599]] [40 [600 601 602 603 604 605 606 607 608 609 610 611 612 613 614]] [41 [615 616 617 618 619 620 621 622 623 624 625 626 627 628 629]] [42 [630 631 632 633 634 635 636 637 638 639 640 641 642 643 644]] [43 [645 646 647 648 649 650 651 652 653 654 655 656 657 658 659]] [44 [660 661 662 663 664 665 666 667 668 669 670 671 672 673 674]] [45 [675 676 677 678 679 680 681 682 683 684 685 686 687 688 689]] [46 [690 691 692 693 694 695 696 697 698 699 700 701 702 703 704]] [47 [705 706 707 708 709 710 711 712 713 714 715 716 717 718 719]] [48 [720 721 722 723 724 725 726 727 728 729 730 731 732 734]] [49 [735 736 737 738 739 740 741 742 743 744 745 746 747 748 749]] [50 [750 751 752 753 755 757 758 759 760 761 762 763 764]] [51 [765 766 767 768 769 770 771 772 773 774 775 776 777 778 779]] [52 [780 781 782 783 784 785 786 787 788 789 790 791 792 793 794]] [53 [795 796 797 798 799 800 801 802 803 804 805 806 807 808 809]] [54 [810 811 812 813 814 815 816 817 818 819 820 821 822 824]] [55 [826 827 828 829 830 831 832 833 834 835 836 837 838 839]] [56 [840 841 842 843 844 845 846 847 848 849 850 851 852 853 854]] [57 [855 856 857 858 859 860 861 862 863 864 865 866 867 868 869]] [58 [870 871 872 873 874 875 876 877 878 879 880 881 882 883 884]] [59 [885 886 887 888 889 890 891 892 893 894 895 896 897 898 899]] [60 [900 901 902 903 904 905 906 907 908 909 910 911 912 913 914]] [61 [915 916 917 918 919 922 923 925 927 928 929]] [62 [930 931 934 935 936 938 939 941]] [63 [948 949 951 954 955 957 958 959]] [64 [960 961 963 964 968 969 971 972]] [65 [975 976 977 978 980 981 982 983 984 985 986 987 988 989]] [66 [990 991 992 993 994 995 996 997 998 999 1000 1001 1002 1003 1004]] [67 [1005 1006 1007 1008 1009 1010 1011 1012 1013 1014 1015 1016 1017 1019]] [68 [1020 1022 1024 1025 1026 1027 1028 1029 1030 1031 1032 1033 1034]] [69 [1035 1036 1037 1038 1039 1040 1041 1042 1043 1044 1045 1046 1047 1048 1049]] [70 [1050 1051 1052 1053 1054 1055 1056 1057 1058 1059 1060 1061 1062 1063 1064]] [71 [1065 1066 1067 1068 1069 1070 1071 1072 1073 1074 1075 1076 1077 1079]] [72 [1080 1081 1082 1083 1084 1086 1087 1088 1091 1093]] [73 [1095 1098 1099 1100 1101 1103 1107 1109]] [74 [1110 1111 1112 1113 1114 1115 1116 1117 1118 1119 1120 1122 1123 1124]] [75 [1125 1126 1127 1128 1129 1130 1131 1132 1133 1134 1135 1136 1137 1138 1139]] [76 [1140 1141 1142 1143 1144 1145 1146 1147 1148 1149 1150 1151 1152 1153 1154]] [77 [1155 1156 1157 1158 1159 1160 1161 1162 1163 1164 1165 1166 1167 1168 1169]] [78 [1170 1171 1172 1173 1174 1175 1176 1177 1178 1179 1180 1181 1182 1183 1184]] [79 [1185 1186 1187 1188 1189 1190 1191 1192 1193 1194 1195 1196 1197 1198 1199]] [80 [1200 1201 1202 1203 1204 1205 1206 1207 1208 1209 1210 1211 1212 1213 1214]] [81 [1215 1216 1217 1218 1219 1220 1221 1222 1223 1224 1225 1226 1227 1228 1229]] [82 [1230 1231 1232 1233 1234 1235 1236 1237 1238 1239 1240 1241 1242 1243 1244]] [83 [1245 1246 1247 1248 1249 1250 1251 1252 1253 1254 1255 1256 1257 1258 1259]] [84 [1260 1261 1262 1263 1264 1265 1266 1267 1268 1269 1270 1271 1272 1273]] [85 [1275 1276 1277 1278 1279 1280 1281 1282 1283 1284 1285 1286 1287 1288]] [86 [1290 1291 1292 1293 1294 1295 1296 1297 1298 1299 1300 1301 1302 1303 1304]] [87 [1305 1306 1307 1308 1309 1310 1311 1312 1313 1314 1315 1316 1317 1318 1319]] [88 [1321 1322 1324 1326 1328 1330 1331 1332 1333 1334]] [89 [1335 1336 1337 1338 1339 1340 1341 1342 1343 1344 1345 1346 1347 1348 1349]] [90 [1350 1351 1352 1353 1354 1355 1357 1359 1360 1361 1362 1363 1364]] [91 [1365 1366 1367 1368 1369 1370 1371 1372 1373 1374 1375 1376 1377 1378 1379]] [92 [1380 1381 1382 1383 1384 1385 1386 1387 1388 1389 1390 1391 1392 1393 1394]] [93 [1395 1396 1397 1398 1399 1400 1401 1402 1403 1404 1405 1406 1407 1408 1409]] [94 [1410 1411 1412 1413 1414 1415 1416 1417 1418 1419 1420 1421 1422 1423 1424]] [95 [1425 1427 1428 1429 1431 1432 1434 1437 1438 1439]] [96 [1440 1441 1442 1443 1444 1445 1446 1447 1448 1449 1450 1451 1452 1453 1454]] [97 [1455 1456 1457 1458 1459 1460 1461 1462 1463 1464 1465 1466 1467 1468 1469]] [98 [1470 1471 1472 1473 1474 1475 1476 1477 1478 1479 1480 1484]] [99 [1485 1486 1487 1488 1489 1490 1491 1492 1493 1494 1495 1496 1497 1498 1499]]]","[[0 [1 2 4 8 9 11 13]] [1 [16 18 20 21 24 25 27 28]] [2 [30 31 32 34 36 37 44]] [3 [51 53 55 56 57]] [4 [60 61 63 68 69 70 71 72]] [5 [75 79 80 81 82 83 88 89]] [6 [90 92 93 98 99 100 102 103]] [7 [105 106 108 109 111 112 119]] [8 [120 121 125 127 131 132 134]] [9 [136 137 138 139 142 146 149]] [10 [150 151 154 156 158 163 164]] [11 [166 169 172 174 177 178]] [12 [184 186 188 189 190 191]] [13 [195 196 198 201 204 206 207 208]] [14 [210 211 212 213 214 215 217 218 220 222 223]] [15 [225 227 228 229 231 233 234 237 239]] [16 [244 248 249 251 252 254]] [17 [255 256 257 258 263 266 267]] [18 [271 273 275 276 277 280 281 284]] [19 [285 287 288 289 291 294 297 299]] [20 [302 307 309 310 311]] [21 [317 319 321 322 323 325 327 329]] [22 [330 331 334 337 338 340 341 344]] [23 [345 347 348 349 351 355 356]] [24 [360 361 362 366 367 368 369 371 374]] [25 [376 379 380 383 385 386]] [26 [391 395 396 397 400 402 404]] [27 [407 409 410 412 413 418 419]] [28 [420 422 423 424 425 426 428 429 431 432 434]] [29 [436 437 443 444 447 448 449]] [30 [451 452 453 456 459 461 462]] [31 [466 467 468 469 470 474 475 479]] [32 [480 482 483 484 485 486 487 492]] [33 [495 496 497 498 501 504 505]] [34 [510 511 512 513 517 518 519 521]] [35 [525 528 529 530 535 536 539]] [36 [540 541 543 548 549 552 553 554]] [37 [559 560 562 563 567 568 569]] [38 [571 574 576 577 578 579 583 584]] [39 [585 586 587 591 593 596 598]] [40 [601 603 605 607 609 612 614]] [41 [616 617 618 619 621 626 628 629]] [42 [633 635 636 638 641 642]] [43 [645 651 654 655 658 659]] [44 [661 662 664 665 666 667 668 669]] [45 [678 679 680 684 685 686]] [46 [690 691 693 695 697 701 702 703 704]] [47 [706 708 712 715 716 717 718]] [48 [720 722 724 725 727 728 731 734]] [49 [735 736 739 745 746 747 748 749]] [50 [750 751 752 753 755 757 758 759 764]] [51 [766 768 773 774 775 778 779]] [52 [784 785 786 787 789 790 792 794]] [53 [795 796 797 799 800 801 805 809]] [54 [814 815 817 819 822]] [55 [827 829 830 834 835]] [56 [841 842 843 844 849 850 851 852]] [57 [856 857 858 861 862 864 868]] [58 [873 876 878 879 881 883 884]] [59 [887 891 893 894 895 897 899]] [60 [903 904 905 906 907 913 914]] [61 [919 922 923 925 927 929]] [62 [930 931 934 935 936 938 939 941]] [63 [948 949 954 955 958 959]] [64 [960 961 963 964 968 969]] [65 [975 977 983 987]] [66 [990 992 994 995 999 1000 1001 1004]] [67 [1007 1008 1012 1014 1015 1016 1019]] [68 [1020 1022 1024 1025 1028 1032 1034]] [69 [1036 1037 1042 1043 1044 1047 1049]] [70 [1050 1052 1056 1058 1060 1062 1064]] [71 [1065 1067 1068 1070 1071 1073 1074 1075 1077]] [72 [1080 1081 1083 1084 1086 1087 1088 1093]] [73 [1095 1098 1099 1100 1101 1103 1107 1109]] [74 [1110 1112 1116 1117 1119 1120 1122 1124]] [75 [1130 1131 1133 1134 1136 1138]] [76 [1141 1144 1145 1148 1150 1151 1152]] [77 [1155 1157 1160 1163 1164 1165]] [78 [1174 1176 1178 1179 1180 1182 1184]] [79 [1185 1186 1193 1194 1195 1196 1198]] [80 [1201 1202 1205 1206 1207 1208 1209 1210 1211 1214]] [81 [1218 1219 1220 1222 1225]] [82 [1230 1231 1236 1239 1244]] [83 [1245 1246 1249 1250 1252 1254 1255 1256]] [84 [1262 1263 1265 1266 1267 1269 1272 1273]] [85 [1275 1278 1279 1281 1283 1285 1286 1287]] [86 [1290 1291 1292 1295 1297 1301 1302]] [87 [1306 1308 1309 1311 1312 1313 1315]] [88 [1321 1322 1324 1326 1328 1331 1333]] [89 [1335 1336 1342 1345 1347 1349]] [90 [1350 1352 1353 1354 1355 1357 1359 1360 1361 1363]] [91 [1365 1368 1372 1373 1375 1377 1379]] [92 [1382 1383 1384 1387 1391 1392 1393]] [93 [1396 1397 1398 1400 1402 1403 1404 1407 1408]] [94 [1411 1413 1415 1416 1417 1421 1424]] [95 [1425 1432 1434 1437 1438]] [96 [1441 1442 1445 1446 1447 1448 1449 1451]] [97 [1457 1459 1460 1462 1463 1465 1467]] [98 [1471 1474 1475 1476 1478 1479 1480 1484]] [99 [1487 1489 1493 1494 1498 1499]]]",,"[[{citizen 25} [[""A"" [5 4 1 1 3 1 2 1 1 2]]]] [{citizen 31} [[""A"" [1 2 1 1 1 2 1 1 1 2]]]] [{media 50} [[""A"" [1 1 1 1 1 1 1 1 1 1]]]] [{media 51} [[""A"" [2 2 2 2 2 2 2 2 2 2]]]] [{media 55} [[""A"" [2 2 2 2 2 2 2 2 2 2]]]] [{media 56} [[""A"" [1 1 1 1 1 1 1 1 1 1]]]] [{media 58} [[""A"" [0 0 0 0 0 0 0 0 0 0]]]] [{media 60} [[""A"" [3 3 3 3 3 3 3 3 3 3]]]] [{media 63} [[""A"" [1 1 1 1 1 1 1 1 1 1]]]] [{media 64} [[""A"" [1 1 1 1 1 1 1 1 1 1]]]] [{citizen 4} [[""A"" [4 5 4 3 1 2 1 0 2 1]]]] [{citizen 5} [[""A"" [1 1 0 1 1 2 1 1 2 2]]]] [{citizen 8} [[""A"" [4 1 6 4 2 1 1 2 1 2]]]] [{citizen 11} [[""A"" [5 4 1 2 1 6 5 2 1 2]]]] [{citizen 13} [[""A"" [2 0 2 1 1 1 2 1 1 2]]]] [{citizen 20} [[""A"" [2 1 1 0 5 4 5 6 4 5]]]] [{citizen 3} [[""A"" [4 2 2 2 1 1 2 1 6 5]]]] [{citizen 7} [[""A"" [1 2 1 1 4 2 1 1 1 1]]]] [{citizen 10} [[""A"" [1 2 1 1 1 2 1 1 1 2]]]] [{citizen 41} [[""A"" [2 1 2 1 1 5 6 2 1 5]]]] [{citizen 1} [[""A"" [2 1 1 0 1 2 1 5 1 0]]]] [{citizen 17} [[""A"" [2 2 1 1 1 1 2 1 3 5]]]] [{citizen 12} [[""A"" [1 2 1 1 3 2 1 2 1 5]]]] [{citizen 29} [[""A"" [2 1 1 4 6 2 1 5 2 1]]]] [{citizen 14} [[""A"" [4 1 2 1 1 2 2 1 3 5]]]] [{citizen 23} [[""A"" [1 1 4 2 1 3 5 6 5 5]]]] [{citizen 6} [[""A"" [2 1 1 0 1 5 4 3 1 2]]]] [{citizen 16} [[""A"" [2 1 1 1 1 2 2 1 6 5]]]] [{citizen 34} [[""A"" [2 1 2 0 1 2 1 3 5 5]]]] [{citizen 42} [[""A"" [1 2 1 1 4 2 1 1 2 1]]]] [{citizen 33} [[""A"" [5 2 0 2 1 1 2 1 1 2]]]] [{citizen 15} [[""A"" [1 2 2 1 1 2 1 0 2 1]]]] [{citizen 36} [[""A"" [5 4 5 4 3 2 5 4 5 1]]]] [{citizen 45} [[""A"" [2 1 1 1 0 2 1 1 0 1]]]] [{citizen 24} [[""A"" [2 2 1 1 3 4 1 2 1 1]]]] [{citizen 28} [[""A"" [1 2 1 0 1 5 3 6 5 5]]]] [{citizen 40} [[""A"" [1 4 5 4 3 1 2 1 0 2]]]] [{citizen 43} [[""A"" [1 2 3 1 1 1 1 6 5 5]]]] [{media 53} [[""A"" [4 4 4 4 4 4 4 4 4 4]]]] [{citizen 27} [[""A"" [1 3 1 2 1 1 4 2 1 1]]]] [{citizen 0} [[""A"" [5 4 1 2 0 1 0 2 1 0]]]] [{citizen 18} [[""A"" [5 4 4 5 6 5 4 2 1 5]]]] [{citizen 19} [[""A"" [1 1 3 5 4 2 1 6 2 2]]]] [{citizen 2} [[""A"" [2 1 2 1 5 2 1 1 2 0]]]] [{citizen 49} [[""A"" [2 1 1 1 2 1 2 1 1 1]]]] [{media 52} [[""A"" [4 4 4 4 4 4 4 4 4 4]]]] [{citizen 22} [[""A"" [1 0 1 2 2 1 4 6 5 1]]]] [{citizen 44} [[""A"" [1 2 1 3 1 1 2 6 5 5]]]] [{citizen 9} [[""A"" [2 1 2 1 1 2 1 1 0 2]]]] [{media 54} [[""A"" [5 5 5 5 5 5 5 5 5 5]]]] [{citizen 48} [[""A"" [0 1 2 2 1 1 1 1 2 1]]]] [{citizen 30} [[""A"" [1 1 0 2 1 2 1 2 1 2]]]] [{citizen 39} [[""A"" [2 1 1 2 2 1 1 2 1 2]]]] [{citizen 35} [[""A"" [4 5 4 1 2 1 1 1 3 5]]]] [{citizen 38} [[""A"" [1 1 1 2 1 3 6 1 0 2]]]] [{media 61} [[""A"" [6 6 6 6 6 6 6 6 6 6]]]] [{media 59} [[""A"" [5 5 5 5 5 5 5 5 5 5]]]] [{media 57} [[""A"" [5 5 5 5 5 5 5 5 5 5]]]] [{media 62} [[""A"" [5 5 5 5 5 5 5 5 5 5]]]] [{citizen 37} [[""A"" [1 2 1 1 0 2 1 1 2 2]]]] [{citizen 32} [[""A"" [5 4 5 4 5 4 1 4 2 1]]]] [{citizen 26} [[""A"" [2 1 1 1 2 2 1 1 1 0]]]] [{citizen 47} [[""A"" [2 1 1 1 2 1 1 2 1 1]]]] [{citizen 46} [[""A"" [2 1 0 2 1 2 1 1 1 5]]]]]"
"22","[213 0 42]","292.5","-4.337734882798529","1.6360142140982297","""circle""","""""","9.9","{breed citizens}","false","0.5","1","""up""",,"[[""ID"" 22] [""alpha"" 1] [""beta"" 1] [""malleable"" [""A""]] [""prior"" []] [""cont_tokens"" []] [""A"" 1]]","[[0 [0 1 2 3 4 5 8 9 11 13]] [1 [15 16 17 18 19 20 21 23 24 25 27 28]] [2 [30 31 32 33 34 35 36 37 38 39 40 41 42 43 44]] [3 [45 46 47 48 49 50 51 52 53 54 55 56 57 58]] [4 [60 61 62 63 64 65 66 67 68 69 70 71 72 73 74]] [5 [75 76 77 78 79 80 81 82 83 84 85 86 87 88 89]] [6 [90 91 92 93 94 95 96 97 98 99 100 101 102 103 104]] [7 [105 106 107 108 109 110 111 112 113 114 115 116 117 118 119]] [8 [120 121 122 123 124 125 126 127 128 129 130 131 132 134]] [9 [136 137 138 139 142 145 146 147 149]] [10 [150 151 152 153 154 155 156 158 159 160 161 162 163 164]] [11 [166 167 169 170 171 172 173 174 175 176 177 178 179]] [12 [180 181 182 183 184 185 186 187 188 189 190 191 192 193 194]] [13 [195 196 197 198 199 200 201 202 203 204 205 206 207 208 209]] [14 [210 211 212 213 214 215 216 217 218 219 220 221 222 223 224]] [15 [225 226 227 228 229 230 231 232 233 234 235 236 237 238 239]] [16 [240 241 242 243 244 245 246 247 248 249 250 251 252 253 254]] [17 [255 256 257 258 259 260 261 262 263 264 265 266 267 268 269]] [18 [270 271 272 273 274 275 276 277 278 279 280 281 282 283 284]] [19 [285 286 287 288 289 290 291 292 293 294 295 296 297 298 299]] [20 [300 301 302 303 304 305 306 307 309 310 311 312 313 314]] [21 [315 316 317 318 319 320 321 322 323 324 325 326 327 328 329]] [22 [330 331 332 333 334 335 336 337 338 339 340 341 343 344]] [23 [345 346 347 348 349 350 351 352 353 354 355 356 357 358]] [24 [360 361 362 363 364 365 366 367 368 369 370 371 372 373 374]] [25 [375 376 377 378 379 380 381 382 383 384 385 386 387 388 389]] [26 [390 391 392 393 394 395 396 397 398 399 400 401 402 403 404]] [27 [405 406 407 408 409 410 411 412 413 414 415 416 417 418 419]] [28 [420 421 422 423 424 425 426 427 428 429 430 431 432 433 434]] [29 [435 436 437 438 439 440 441 442 443 444 445 446 447 448 449]] [30 [450 451 452 453 454 455 456 457 458 459 460 461 462 463 464]] [31 [465 466 467 468 469 470 471 472 473 474 475 476 477 478 479]] [32 [480 481 482 483 484 485 486 487 488 489 490 491 492 493 494]] [33 [495 496 497 498 501 504 505 509]] [34 [510 511 512 513 514 515 516 517 518 519 520 521 522 523 524]] [35 [525 526 527 528 529 530 531 532 533 534 535 536 537 538 539]] [36 [540 541 542 543 544 545 546 547 548 549 550 551 552 553 554]] [37 [555 556 557 558 559 560 561 562 563 564 565 566 567 568 569]] [38 [570 571 572 573 574 575 576 577 578 579 580 581 582 583 584]] [39 [585 586 587 588 589 590 591 592 593 594 595 596 597 598 599]] [40 [600 601 602 603 604 605 606 607 608 609 610 611 612 613 614]] [41 [615 616 617 618 619 620 621 622 623 624 625 626 627 628 629]] [42 [630 631 632 633 634 635 636 637 638 639 640 641 642 643 644]] [43 [645 646 647 648 649 650 651 652 653 654 655 656 657 658 659]] [44 [660 662 663 664 665 666 667 668 669 670 671 672 673 674]] [45 [675 676 677 678 679 680 681 682 683 684 685 686 687 688 689]] [46 [690 691 692 693 694 695 696 697 698 699 700 701 702 703 704]] [47 [705 706 707 708 709 710 711 712 713 714 715 716 717 718 719]] [48 [720 721 722 723 724 725 726 727 728 729 730 731 732 734]] [49 [735 736 737 738 739 740 741 742 743 744 745 746 747 748 749]] [50 [750 751 752 753 755 757 758 759 760 761 762 763 764]] [51 [765 766 767 768 769 770 771 772 773 774 775 776 777 778 779]] [52 [780 781 782 783 784 785 786 787 788 789 790 791 792 793 794]] [53 [795 796 797 799 800 801 804 805 806 807 808 809]] [54 [810 811 812 813 814 815 816 817 818 819 820 821 822 824]] [55 [826 827 828 829 830 831 832 833 834 835 836 837 838 839]] [56 [840 841 842 843 844 845 846 847 848 849 850 851 852 853 854]] [57 [855 856 857 858 859 860 861 862 863 864 865 866 867 868 869]] [58 [870 871 872 873 874 875 876 877 878 879 881 882 883 884]] [59 [885 886 887 888 889 890 891 892 893 894 895 896 897 898 899]] [60 [900 901 902 903 904 905 906 907 908 909 910 911 912 913 914]] [61 [915 916 917 918 919 920 921 922 923 924 925 926 927 928 929]] [62 [930 931 934 935 936 938 939 941]] [63 [948 949 951 954 955 957 958 959]] [64 [960 961 963 964 968 969 971 972]] [65 [975 976 977 978 980 981 982 983 984 985 986 987 988 989]] [66 [990 991 992 994 995 996 997 998 999 1000 1001 1002 1003 1004]] [67 [1005 1006 1007 1008 1009 1010 1011 1012 1013 1014 1015 1016 1017 1019]] [68 [1020 1022 1024 1025 1026 1027 1028 1029 1030 1031 1032 1033 1034]] [69 [1035 1036 1037 1038 1039 1040 1041 1042 1043 1044 1045 1046 1047 1048 1049]] [70 [1050 1051 1052 1053 1054 1055 1056 1057 1058 1059 1060 1061 1062 1063 1064]] [71 [1065 1066 1067 1068 1069 1070 1071 1072 1073 1074 1075 1076 1077 1079]] [72 [1080 1081 1082 1083 1084 1086 1087 1088 1091 1093]] [73 [1095 1098 1099 1100 1101 1103 1107 1109]] [74 [1110 1111 1112 1113 1114 1115 1116 1117 1118 1119 1120 1122 1123 1124]] [75 [1125 1126 1127 1128 1129 1130 1131 1132 1133 1134 1135 1136 1137 1138 1139]] [76 [1140 1141 1142 1143 1144 1145 1146 1147 1148 1150 1151 1152 1153 1154]] [77 [1155 1156 1157 1158 1159 1160 1161 1162 1163 1164 1165 1166 1167 1168 1169]] [78 [1170 1171 1172 1173 1174 1175 1176 1177 1178 1179 1180 1181 1182 1183 1184]] [79 [1185 1186 1187 1188 1189 1190 1191 1192 1193 1194 1195 1196 1197 1198 1199]] [80 [1200 1201 1202 1203 1204 1205 1206 1207 1208 1209 1210 1211 1212 1213 1214]] [81 [1215 1216 1217 1218 1219 1220 1221 1222 1223 1224 1225 1226 1227 1228 1229]] [82 [1230 1231 1232 1233 1234 1235 1236 1237 1238 1239 1240 1241 1242 1243 1244]] [83 [1245 1246 1247 1248 1249 1250 1251 1252 1253 1254 1255 1256 1257 1258 1259]] [84 [1260 1261 1262 1263 1264 1265 1266 1267 1268 1269 1270 1271 1272 1273]] [85 [1275 1276 1277 1278 1279 1280 1281 1282 1283 1284 1285 1286 1287 1288]] [86 [1290 1291 1292 1293 1294 1295 1296 1297 1298 1299 1300 1301 1302 1303 1304]] [87 [1305 1306 1307 1308 1309 1310 1311 1312 1313 1314 1315 1316 1317 1318 1319]] [88 [1320 1321 1322 1323 1324 1325 1326 1327 1328 1329 1330 1331 1332 1333 1334]] [89 [1335 1336 1337 1338 1339 1340 1341 1342 1343 1344 1345 1346 1347 1348 1349]] [90 [1350 1351 1352 1353 1354 1355 1357 1359 1360 1361 1362 1363 1364]] [91 [1365 1366 1367 1368 1369 1370 1371 1372 1373 1374 1375 1376 1377 1378 1379]] [92 [1380 1381 1382 1383 1384 1385 1386 1387 1388 1389 1390 1391 1392 1393 1394]] [93 [1395 1396 1397 1398 1399 1400 1401 1402 1403 1404 1405 1406 1407 1408 1409]] [94 [1410 1411 1412 1413 1415 1416 1417 1421 1424]] [95 [1425 1427 1428 1429 1431 1432 1434 1437 1438 1439]] [96 [1440 1441 1442 1443 1444 1445 1446 1447 1448 1449 1450 1451 1452 1453 1454]] [97 [1455 1456 1457 1458 1459 1460 1461 1462 1463 1464 1465 1466 1467 1468 1469]] [98 [1470 1471 1472 1473 1474 1475 1476 1477 1478 1479 1480 1484]] [99 [1485 1486 1487 1488 1489 1490 1491 1492 1493 1494 1495 1496 1497 1498 1499]]]","[[0 [0 3 5]] [1 [15 17 19 24 27 28]] [2 [30 31 32 34 36 37 44]] [3 [51 53 54 55 56 57]] [4 [60 61 63 68 69 70 71 72]] [5 [75 79 80 82 83 85 88 89]] [6 [90 92 93 98 99 100 102 103]] [7 [107 108 109 111 112 117 119]] [8 [120 121 125 127 130 131 132 134]] [9 [136 137 138 139 142]] [10 [152 153 154 156 158 163 164]] [11 [167 169 173 175 176 177 178]] [12 [182 184 186 188 189 190 191]] [13 [195 196 201 204 206 207 208]] [14 [210 211 212 213 214 215 217 218 220 222 224]] [15 [225 227 228 229 230 231 233 234 237 239]] [16 [242 243 245 246 247]] [17 [259 261 262 264 265 268 269]] [18 [270 272 273 275 276 277 280 281 284]] [19 [288 289 291 294 299]] [20 [302 307 311]] [21 [317 319 321 322 323 326 328]] [22 [332 333 335 336 338 340 341 344]] [23 [345 347 348 349 351 354 357 358]] [24 [362 366 367 368 369 371 374]] [25 [375 377 378 381 382 384 385 386]] [26 [391 392 393 394 397 400 402 404]] [27 [407 409 410 412 413 419]] [28 [420 421 423 424 425 426 427 428 429 431 432 434]] [29 [436 437 443 444 447 448 449]] [30 [451 452 453 456 459 461 462]] [31 [466 467 468 469 470 474 475 479]] [32 [480 482 483 484 485 486 487 492]] [33 [496 497 498 501 504 505 509]] [34 [510 511 512 513 520 523 524]] [35 [526 527 531 532 534 537]] [36 [542 544 545 546 547 550 551]] [37 [555 556 557 558 559 560 562 563 564 567 568 569]] [38 [571 572 574 576 578 579 583]] [39 [589 591 592 594 595 597 599]] [40 [600 604 606 608 609 612 614]] [41 [616 617 618 619 621 625 627]] [42 [630 631 632 634 637 638 642 643]] [43 [646 647 648 652 653 657]] [44 [660 663 670 671 672 673 674]] [45 [675 676 677 681 685 687 688]] [46 [691 693 695 697 701 702 703]] [47 [705 707 709 710 713 714 715 716 717 719]] [48 [721 723 727 728 731 734]] [49 [735 736 739 747 748 749]] [50 [751 752 753 755 757 759 764]] [51 [766 769 770 771 772 776 777]] [52 [781 782 783 788 791 793 794]] [53 [795 796 797 799 800 805 808 809]] [54 [810 811 813 816 817 819 822 824]] [55 [831 832 833 836 837 838 839]] [56 [840 845 846 847 848 850 851 852]] [57 [856 857 858 861 862 864 868 869]] [58 [874 875 877 882]] [59 [885 886 888 889 892 896 898]] [60 [900 901 902 906 907 909 910 911 912]] [61 [915 916 917 918 919 922 923 925 927 928 929]] [62 [930 931 934 935 936 938 939 941]] [63 [948 949 954 955 957 958 959]] [64 [960 961 963 964 968 969 971 972]] [65 [976 978 980 981 982 983 984 986 988 989]] [66 [991 992 994 995 996 997 1002 1003 1004]] [67 [1007 1008 1012 1014 1015 1016 1019]] [68 [1020 1022 1024 1025 1028 1032 1034]] [69 [1036 1037 1042 1043 1044 1047 1049]] [70 [1050 1052 1054 1056 1058 1063 1064]] [71 [1065 1067 1068 1070 1071 1073 1074 1075 1077]] [72 [1081 1083 1084 1086 1087 1088 1093]] [73 [1095 1098 1099 1100 1101 1103 1107 1109]] [74 [1113 1114 1115 1118 1119 1120 1122 1124]] [75 [1127 1128 1129 1135 1137 1139]] [76 [1140 1143 1145 1148 1150 1151 1152]] [77 [1155 1158 1161 1163 1164 1165]] [78 [1174 1175 1176 1178 1179 1180 1182 1184]] [79 [1185 1186 1189 1194 1195 1196 1198]] [80 [1201 1202 1205 1206 1207 1212 1213]] [81 [1215 1216 1217 1221 1223 1224 1228]] [82 [1230 1231 1235 1236 1239 1241 1242 1244]] [83 [1245 1246 1248 1251 1253 1255 1256]] [84 [1262 1263 1265 1266 1267 1269 1272 1273]] [85 [1275 1278 1279 1281 1283 1285 1286 1288]] [86 [1293 1294 1296 1298 1300 1303 1304]] [87 [1305 1310 1314 1316 1318 1319]] [88 [1320 1323 1325 1327 1329 1332 1334]] [89 [1337 1338 1340 1341 1343 1344 1346 1349]] [90 [1351 1355 1357 1359 1360 1362 1364]] [91 [1366 1367 1369 1371 1374 1376 1378]] [92 [1380 1381 1385 1386 1388 1389 1390 1394]] [93 [1395 1399 1401 1402 1403 1404 1407 1408]] [94 [1411 1413 1415 1416 1417 1421 1424]] [95 [1425 1431 1432 1434 1437 1438]] [96 [1441 1444 1445 1446 1447 1448 1449 1451]] [97 [1458 1460 1462 1463 1465 1467]] [98 [1472 1473 1476 1477 1480 1484]] [99 [1486 1487 1488 1490 1491 1492 1493 1495 1496 1497 1499]]]",,"[[{citizen 42} [[""A"" [1 1 1 4 2 1 2 1 0 1]]]] [{media 50} [[""A"" [1 1 1 1 1 1 1 1 1 1]]]] [{media 51} [[""A"" [2 2 2 2 2 2 2 2 2 2]]]] [{media 52} [[""A"" [4 4 4 4 4 4 4 4 4 4]]]] [{media 53} [[""A"" [4 4 4 4 4 4 4 4 4 4]]]] [{media 55} [[""A"" [2 2 2 2 2 2 2 2 2 2]]]] [{media 56} [[""A"" [1 1 1 1 1 1 1 1 1 1]]]] [{media 58} [[""A"" [0 0 0 0 0 0 0 0 0 0]]]] [{media 60} [[""A"" [3 3 3 3 3 3 3 3 3 3]]]] [{media 63} [[""A"" [1 1 1 1 1 1 1 1 1 1]]]] [{media 64} [[""A"" [1 1 1 1 1 1 1 1 1 1]]]] [{citizen 4} [[""A"" [1 1 3 4 4 3 2 0 2 1]]]] [{citizen 5} [[""A"" [4 3 1 1 1 1 1 1 2 2]]]] [{citizen 19} [[""A"" [1 3 5 1 5 2 1 0 2 1]]]] [{citizen 6} [[""A"" [1 1 1 1 5 4 3 2 0 1]]]] [{citizen 7} [[""A"" [4 3 1 2 1 1 4 1 1 1]]]] [{citizen 14} [[""A"" [4 3 1 2 1 1 1 1 3 5]]]] [{citizen 12} [[""A"" [1 1 2 1 1 3 1 1 3 5]]]] [{citizen 0} [[""A"" [3 1 2 1 1 0 1 2 0 1]]]] [{citizen 3} [[""A"" [3 2 1 2 1 1 1 3 5 5]]]] [{media 57} [[""A"" [5 5 5 5 5 5 5 5 5 5]]]] [{citizen 38} [[""A"" [1 1 1 1 3 5 6 0 2 1]]]] [{citizen 41} [[""A"" [3 2 1 1 1 1 5 5 1 5]]]] [{citizen 1} [[""A"" [2 1 1 2 1 3 5 2 1 0]]]] [{citizen 17} [[""A"" [5 4 2 1 2 1 2 1 1 3]]]] [{citizen 29} [[""A"" [1 2 1 1 6 5 1 3 2 1]]]] [{citizen 31} [[""A"" [1 1 1 1 1 1 2 1 0 2]]]] [{citizen 13} [[""A"" [1 0 2 1 1 1 2 1 2 1]]]] [{citizen 25} [[""A"" [1 3 1 1 1 2 1 1 2 0]]]] [{citizen 20} [[""A"" [2 1 1 1 0 5 3 5 4 5]]]] [{citizen 8} [[""A"" [1 1 6 4 3 1 2 1 2 1]]]] [{citizen 23} [[""A"" [2 1 0 1 1 1 1 3 5 5]]]] [{citizen 16} [[""A"" [2 1 1 2 1 1 1 1 3 5]]]] [{citizen 34} [[""A"" [4 3 1 2 1 1 1 1 3 5]]]] [{citizen 11} [[""A"" [4 1 1 1 3 5 2 1 2 1]]]] [{citizen 33} [[""A"" [1 0 1 1 1 2 2 0 2 1]]]] [{citizen 15} [[""A"" [2 1 1 1 1 1 2 0 2 1]]]] [{citizen 36} [[""A"" [5 4 3 2 1 1 5 4 5 0]]]] [{media 59} [[""A"" [5 5 5 5 5 5 5 5 5 5]]]] [{citizen 39} [[""A"" [1 1 1 1 1 2 1 0 2 1]]]] [{citizen 45} [[""A"" [2 3 2 1 1 0 2 1 0 1]]]] [{citizen 24} [[""A"" [2 1 2 1 3 4 1 2 0 1]]]] [{citizen 28} [[""A"" [3 1 3 1 1 0 1 3 6 4]]]] [{citizen 40} [[""A"" [4 5 4 3 1 2 1 0 2 1]]]] [{citizen 43} [[""A"" [3 1 2 3 1 1 1 5 6 5]]]] [{citizen 10} [[""A"" [1 1 1 1 2 2 1 0 2 1]]]] [{citizen 21} [[""A"" [2 1 3 5 1 1 3 2 2 1]]]] [{media 61} [[""A"" [6 6 6 6 6 6 6 6 6 6]]]] [{citizen 30} [[""A"" [1 1 0 1 1 1 2 1 0 2]]]] [{citizen 18} [[""A"" [5 5 4 4 5 6 5 4 1 5]]]] [{citizen 2} [[""A"" [2 1 3 2 1 2 1 5 2 0]]]] [{citizen 44} [[""A"" [4 3 1 1 2 1 3 1 1 2]]]] [{citizen 49} [[""A"" [1 1 1 1 1 1 3 1 1 0]]]] [{citizen 9} [[""A"" [4 4 3 1 2 1 2 1 0 2]]]] [{media 54} [[""A"" [5 5 5 5 5 5 5 5 5 5]]]] [{citizen 48} [[""A"" [1 2 1 3 1 2 1 1 2 1]]]] [{citizen 27} [[""A"" [1 3 1 2 1 1 4 1 3 0]]]] [{citizen 35} [[""A"" [5 4 5 3 1 2 1 1 1 3]]]] [{media 62} [[""A"" [5 5 5 5 5 5 5 5 5 5]]]] [{citizen 37} [[""A"" [2 1 2 1 2 1 1 4 2 2]]]] [{citizen 32} [[""A"" [4 4 5 4 1 4 3 2 1 0]]]] [{citizen 26} [[""A"" [1 1 1 1 2 1 3 1 1 0]]]] [{citizen 47} [[""A"" [1 2 1 1 1 1 1 1 2 1]]]] [{citizen 46} [[""A"" [1 0 2 1 2 1 1 1 1 3]]]]]"
"23","[43 0 212]","178.125","0.3633583519367729","-10.061240579105025","""circle""","""""","9.9","{breed citizens}","false","0.5","1","""up""",,"[[""ID"" 23] [""alpha"" 1] [""beta"" 1] [""malleable"" [""A""]] [""prior"" []] [""cont_tokens"" []] [""A"" 5]]","[[0 [1 2 3 4 8 9 11 13]] [1 [16 18 20 21 22 23 24 25 27 28]] [2 [30 31 32 33 34 35 36 37 38 39 40 41 42 43 44]] [3 [45 46 47 48 49 50 51 52 53 54 55 56 57 58]] [4 [60 61 62 63 64 65 66 67 68 69 70 71 72 73 74]] [5 [75 76 77 78 79 80 81 82 83 84 85 86 87 88 89]] [6 [90 91 92 93 94 95 96 97 98 99 100 101 102 103 104]] [7 [105 106 107 108 109 110 111 112 113 114 115 116 117 118 119]] [8 [120 121 122 123 124 125 126 127 128 129 130 131 132 134]] [9 [136 137 138 139 142 145 146 147 149]] [10 [150 151 152 153 154 155 156 158 159 160 161 162 163 164]] [11 [166 167 169 170 171 172 173 174 175 176 177 178 179]] [12 [180 181 182 183 184 185 186 187 188 189 190 191 192 193 194]] [13 [195 196 197 198 199 200 201 202 203 204 205 206 207 208 209]] [14 [210 211 212 213 214 215 216 217 218 219 220 221 222 223 224]] [15 [225 227 228 229 230 231 232 233 234 235 236 237 238 239]] [16 [240 241 242 243 244 245 246 247 248 249 250 251 252 253 254]] [17 [255 256 257 258 259 260 261 262 263 264 265 266 267 268 269]] [18 [270 271 272 273 274 275 276 277 278 279 280 281 282 283 284]] [19 [285 286 287 288 289 290 291 292 293 294 295 296 297 298 299]] [20 [300 301 302 303 304 305 306 307 308 309 310 311 312 313 314]] [21 [315 316 317 318 319 320 321 322 323 324 325 326 327 328 329]] [22 [330 331 332 333 334 335 336 337 338 339 340 341 342 343 344]] [23 [345 346 347 348 349 350 351 352 353 354 355 356 357 358]] [24 [361 362 366 367 368 369 371 374]] [25 [375 376 377 378 379 380 381 382 383 384 385 386 387 388 389]] [26 [390 391 392 393 394 395 396 397 398 399 400 401 402 403 404]] [27 [405 406 407 408 409 410 411 412 413 414 415 416 417 418 419]] [28 [420 421 422 423 424 425 426 427 428 429 430 431 432 433 434]] [29 [435 436 437 438 439 440 441 442 443 444 445 446 447 448 449]] [30 [450 451 452 453 454 455 456 457 458 459 461 462 463 464]] [31 [465 466 467 468 469 470 471 472 473 474 475 476 477 478 479]] [32 [480 481 482 483 484 485 486 487 488 489 490 491 492 493 494]] [33 [495 496 497 498 501 504 505 509]] [34 [510 511 512 513 514 515 516 517 518 519 520 521 522 523 524]] [35 [525 526 527 528 529 530 531 532 533 534 535 536 537 538 539]] [36 [540 541 542 543 544 545 546 547 548 549 550 551 552 553 554]] [37 [555 556 557 558 559 560 561 562 563 564 565 566 567 568 569]] [38 [570 571 572 573 574 575 576 577 578 579 580 581 582 583 584]] [39 [585 586 587 588 589 590 591 592 593 594 595 596 597 598 599]] [40 [600 601 602 603 604 605 606 607 608 609 610 611 612 613 614]] [41 [615 616 617 618 619 620 621 622 624 625 626 627 628 629]] [42 [630 631 632 633 634 635 636 637 638 639 640 641 642 643 644]] [43 [645 646 647 648 649 650 651 652 653 654 655 656 657 658 659]] [44 [660 661 662 663 664 665 666 667 668 669 670 671 672 673 674]] [45 [675 676 677 678 679 680 681 682 683 684 685 686 687 688 689]] [46 [690 691 692 693 694 695 696 697 698 699 700 701 702 703 704]] [47 [705 706 707 708 709 710 711 712 713 714 715 716 717 718 719]] [48 [720 721 722 723 724 725 726 727 728 729 730 731 732 734]] [49 [735 736 737 738 739 740 741 742 743 744 745 746 747 748 749]] [50 [750 751 752 753 755 757 758 759 760 761 762 763 764]] [51 [765 766 767 768 769 770 771 772 773 774 775 776 777 778 779]] [52 [780 781 782 783 784 785 786 787 788 789 790 791 792 793 794]] [53 [795 796 797 799 800 801 804 805 806 807 808 809]] [54 [810 811 812 813 814 815 816 817 818 819 820 821 822 824]] [55 [826 827 828 829 830 831 832 833 834 835 836 837 838 839]] [56 [840 841 842 843 844 845 846 847 848 849 850 851 852 853 854]] [57 [855 856 857 858 859 860 861 862 863 864 865 866 867 868 869]] [58 [870 871 872 873 874 875 876 877 878 879 881 882 883 884]] [59 [885 886 887 888 889 890 891 892 893 894 895 896 897 898 899]] [60 [900 901 902 903 904 905 906 907 908 909 910 911 912 913 914]] [61 [915 916 917 918 919 920 921 922 923 924 925 926 927 928 929]] [62 [930 931 934 935 936 938 939 941]] [63 [948 949 951 954 955 957 958 959]] [64 [960 961 963 964 968 969 971 972]] [65 [975 976 977 978 980 981 982 983 984 985 986 987 988 989]] [66 [990 991 992 994 995 996 997 998 999 1000 1001 1002 1003 1004]] [67 [1005 1006 1007 1008 1009 1010 1011 1012 1013 1014 1015 1016 1017 1019]] [68 [1020 1022 1024 1025 1026 1027 1028 1029 1030 1031 1032 1033 1034]] [69 [1035 1036 1037 1038 1039 1040 1041 1042 1043 1044 1045 1046 1047 1048 1049]] [70 [1050 1051 1052 1053 1054 1055 1056 1057 1058 1059 1060 1061 1062 1063 1064]] [71 [1065 1066 1067 1068 1069 1070 1071 1072 1073 1074 1075 1076 1077 1079]] [72 [1080 1081 1082 1083 1084 1085 1086 1087 1088 1089 1090 1091 1092 1093 1094]] [73 [1095 1098 1099 1100 1101 1103 1107 1109]] [74 [1110 1111 1112 1113 1114 1115 1116 1117 1118 1119 1120 1122 1123 1124]] [75 [1125 1126 1127 1128 1129 1130 1131 1132 1133 1134 1135 1136 1137 1138 1139]] [76 [1140 1141 1142 1143 1144 1145 1146 1147 1148 1149 1150 1151 1152 1153 1154]] [77 [1155 1156 1157 1158 1159 1160 1161 1162 1163 1164 1165 1166 1167 1168 1169]] [78 [1170 1171 1172 1173 1174 1175 1176 1177 1178 1179 1180 1181 1182 1183 1184]] [79 [1185 1186 1187 1188 1189 1190 1191 1192 1193 1194 1195 1196 1197 1198 1199]] [80 [1200 1201 1202 1203 1204 1205 1206 1207 1208 1209 1210 1211 1212 1213 1214]] [81 [1215 1216 1217 1218 1219 1220 1221 1222 1223 1224 1225 1226 1227 1228 1229]] [82 [1230 1231 1232 1233 1234 1235 1236 1237 1238 1239 1240 1241 1242 1243 1244]] [83 [1245 1246 1247 1248 1249 1250 1251 1252 1253 1254 1255 1256 1257 1258 1259]] [84 [1260 1261 1262 1263 1264 1265 1266 1267 1268 1269 1270 1271 1272 1273]] [85 [1275 1276 1277 1278 1279 1280 1281 1282 1283 1284 1285 1286 1287 1288]] [86 [1290 1291 1292 1293 1294 1295 1296 1297 1298 1299 1300 1301 1302 1303 1304]] [87 [1305 1306 1307 1308 1309 1310 1311 1312 1313 1314 1315 1316 1317 1318 1319]] [88 [1320 1321 1322 1323 1324 1325 1326 1327 1328 1329 1330 1331 1332 1333 1334]] [89 [1335 1336 1337 1338 1339 1340 1341 1342 1343 1344 1345 1346 1347 1348 1349]] [90 [1350 1351 1352 1353 1354 1355 1356 1357 1358 1359 1360 1361 1362 1363 1364]] [91 [1365 1366 1367 1368 1369 1370 1371 1372 1373 1374 1375 1376 1377 1378 1379]] [92 [1380 1381 1382 1383 1384 1385 1386 1387 1388 1389 1390 1391 1392 1393 1394]] [93 [1395 1396 1397 1398 1399 1400 1401 1402 1403 1404 1405 1406 1407 1408 1409]] [94 [1410 1411 1412 1413 1414 1415 1416 1417 1418 1419 1420 1421 1422 1423 1424]] [95 [1425 1427 1428 1429 1431 1432 1434 1437 1438 1439]] [96 [1440 1441 1442 1443 1444 1445 1446 1447 1448 1449 1450 1451 1452 1453 1454]] [97 [1455 1456 1457 1458 1459 1460 1461 1462 1463 1464 1465 1466 1467 1468 1469]] [98 [1470 1471 1472 1473 1474 1475 1476 1477 1478 1479 1480 1484]] [99 [1485 1486 1487 1488 1489 1490 1491 1492 1493 1494 1495 1496 1497 1498 1499]]]","[[0 [2 4 8 9 11 13]] [1 [16 18 21 23 25 27 28]] [2 [30 31 32 34 36 37 44]] [3 [51 53 54 55 56 57]] [4 [60 61 63 68 69 70 71 72]] [5 [75 79 80 82 83 85 88 89]] [6 [90 92 93 100 102 103]] [7 [107 108 109 111 112 119]] [8 [120 121 125 127 131 132 134]] [9 [136 137 138 139 142 145 146 149]] [10 [151 154 156 158 163 164]] [11 [167 169 171 172 174 177 178]] [12 [184 186 188 189 190 191 194]] [13 [197 199 200 202 203 205 209]] [14 [212 214 220 222 223]] [15 [225 227 228 229 231 233 234 237 239]] [16 [242 243 245 246 247 253]] [17 [256 257 258 263 267 268 269]] [18 [270 272 273 275 276 277 280 281 284]] [19 [288 289 291 292 293 295 296 298]] [20 [300 301 302 304 305 306 312 313 314]] [21 [315 316 318 320 325 327 329]] [22 [330 331 334 337 338 340 341 344]] [23 [345 347 348 349 351 353 354 357 358]] [24 [362 366 367 368 369 371 374]] [25 [376 379 380 383 385 388 389]] [26 [390 392 393 394 398 401 403]] [27 [405 409 412 413 418]] [28 [421 422 423 424 425 426 428 429 431 432 434]] [29 [435 438 439 440 441 442 446]] [30 [450 454 455 457 458 463 464]] [31 [465 466 467 468 469 470 474 475 479]] [32 [480 482 483 484 487 492]] [33 [496 497 498 501 504 505]] [34 [510 511 512 513 517 522]] [35 [525 528 529 530 535 536 538 539]] [36 [541 543 548 549 552 553 554]] [37 [559 560 562 563 564 567 568 569]] [38 [571 574 576 577 578 579 583]] [39 [586 587 588 590 594 595 597 599]] [40 [600 604 606 608 610 611 613]] [41 [615 616 617 618 619 620 621 622 624 626 628 629]] [42 [633 635 636 639 640 641 642 643]] [43 [646 647 648 650 652 653 657]] [44 [660 663 668 670 671 672 673 674]] [45 [675 676 677 681 684 685 687 688]] [46 [691 693 695 697 701 702 703]] [47 [705 707 709 710 713 714 718]] [48 [722 724 725 727 728 730 731 734]] [49 [735 736 739 745 746 748 749]] [50 [752 753 755 757 759 764]] [51 [767 769 770 771 772 776 777]] [52 [780 781 782 783 788 791 793 794]] [53 [795 796 797 799 800 804 805 809]] [54 [814 815 818 820 821 824]] [55 [828 829 830 834 835]] [56 [841 842 843 844 847 848 849 850 851 852]] [57 [856 857 858 861 862 864 868 869]] [58 [871 872 874 875 877 882]] [59 [885 886 888 889 892 896 898]] [60 [901 902 906 907 910 911 912]] [61 [915 916 917 918 919 922 923 925 928 929]] [62 [930 931 934 935 936 938 939 941]] [63 [948 949 951 957 958 959]] [64 [960 961 963 964 968 971 972]] [65 [976 978 980 981 982 983 984 986 988 989]] [66 [991 992 994 998 999 1000 1001 1004]] [67 [1007 1008 1011 1013 1017 1019]] [68 [1020 1022 1024 1025 1028 1032 1034]] [69 [1036 1037 1042 1043 1044 1047 1049]] [70 [1050 1052 1054 1056 1058 1060 1061 1062 1064]] [71 [1065 1067 1068 1070 1079]] [72 [1080 1081 1083 1084 1086 1087 1088 1093]] [73 [1095 1098 1100 1101 1103 1107 1109]] [74 [1110 1113 1114 1115 1118 1119 1120 1122 1124]] [75 [1126 1127 1128 1129 1135 1137 1139]] [76 [1140 1141 1144 1145 1148 1150 1151 1152]] [77 [1156 1158 1159 1161 1163 1164 1165]] [78 [1174 1175 1176 1178 1179 1180 1182 1184]] [79 [1185 1186 1189 1194 1195 1196 1198]] [80 [1200 1203 1204 1206 1207 1212 1213]] [81 [1215 1216 1217 1221 1223 1224 1229]] [82 [1233 1234 1235 1236 1239 1241 1242 1244]] [83 [1245 1246 1248 1251 1253 1254 1258]] [84 [1263 1265 1266 1267 1270 1271]] [85 [1275 1278 1279 1281 1283 1285 1286 1287]] [86 [1290 1291 1292 1295 1297 1301 1302]] [87 [1307 1308 1309 1311 1312 1313 1315]] [88 [1321 1322 1324 1326 1328 1331]] [89 [1335 1336 1339 1343 1344 1346]] [90 [1350 1352 1353 1354 1355 1357 1359 1360 1361 1363]] [91 [1365 1368 1372 1373 1375 1377 1379]] [92 [1382 1384 1387 1391 1392 1393]] [93 [1396 1397 1398 1400 1405 1406 1409]] [94 [1410 1412 1415 1416 1417 1421 1424]] [95 [1427 1428 1429 1431 1432 1434 1437 1438]] [96 [1441 1442 1445 1446 1449 1451]] [97 [1458 1460 1462 1463 1465 1467]] [98 [1471 1475 1476 1477 1480 1484]] [99 [1487 1488 1490 1491 1492 1494]]]",,"[[{media 50} [[""A"" [1 1 1 1 1 1 1 1 1 1]]]] [{media 51} [[""A"" [2 2 2 2 2 2 2 2 2 2]]]] [{media 55} [[""A"" [2 2 2 2 2 2 2 2 2 2]]]] [{media 56} [[""A"" [1 1 1 1 1 1 1 1 1 1]]]] [{media 58} [[""A"" [0 0 0 0 0 0 0 0 0 0]]]] [{media 63} [[""A"" [1 1 1 1 1 1 1 1 1 1]]]] [{media 64} [[""A"" [1 1 1 1 1 1 1 1 1 1]]]] [{citizen 4} [[""A"" [1 1 1 3 4 4 1 0 2 1]]]] [{citizen 6} [[""A"" [1 1 1 0 4 5 4 3 2 1]]]] [{citizen 7} [[""A"" [1 2 1 4 2 4 2 1 1 1]]]] [{citizen 12} [[""A"" [1 2 1 1 1 3 2 1 4 5]]]] [{media 60} [[""A"" [3 3 3 3 3 3 3 3 3 3]]]] [{citizen 8} [[""A"" [3 1 1 6 4 4 2 1 1 2]]]] [{citizen 3} [[""A"" [4 4 5 5 3 2 2 1 1 4]]]] [{citizen 1} [[""A"" [1 1 0 4 2 1 5 4 1 0]]]] [{citizen 5} [[""A"" [3 1 1 0 1 2 1 2 1 2]]]] [{citizen 41} [[""A"" [5 0 1 1 2 3 2 2 1 5]]]] [{citizen 17} [[""A"" [1 1 2 2 1 4 2 1 3 4]]]] [{citizen 29} [[""A"" [1 4 5 6 2 1 5 4 2 1]]]] [{citizen 14} [[""A"" [1 2 1 1 2 2 1 3 4 5]]]] [{citizen 31} [[""A"" [2 1 1 1 2 1 1 2 1 2]]]] [{citizen 13} [[""A"" [0 2 1 0 1 1 1 1 1 2]]]] [{citizen 25} [[""A"" [1 3 1 1 1 2 1 1 2 1]]]] [{citizen 20} [[""A"" [2 1 1 0 2 4 5 5 4 5]]]] [{citizen 45} [[""A"" [2 1 3 1 1 0 2 1 0 1]]]] [{citizen 24} [[""A"" [3 1 3 2 1 3 4 1 1 1]]]] [{citizen 28} [[""A"" [1 3 1 1 0 1 4 5 6 4]]]] [{citizen 34} [[""A"" [2 3 1 2 0 1 1 5 4 5]]]] [{citizen 16} [[""A"" [1 2 1 1 1 1 2 2 6 5]]]] [{citizen 40} [[""A"" [1 4 5 4 1 2 1 1 0 2]]]] [{media 53} [[""A"" [4 4 4 4 4 4 4 4 4 4]]]] [{citizen 27} [[""A"" [5 1 3 2 1 1 1 4 2 1]]]] [{citizen 0} [[""A"" [5 4 5 1 1 0 2 2 1 0]]]] [{citizen 15} [[""A"" [0 1 2 4 1 1 1 0 2 1]]]] [{citizen 18} [[""A"" [5 4 4 5 6 5 4 2 1 5]]]] [{citizen 19} [[""A"" [3 5 4 4 2 1 6 4 1 2]]]] [{citizen 42} [[""A"" [3 2 2 1 1 4 2 1 2 1]]]] [{citizen 2} [[""A"" [2 1 2 1 1 5 2 2 1 0]]]] [{citizen 36} [[""A"" [5 4 5 3 1 3 5 5 4 1]]]] [{media 52} [[""A"" [4 4 4 4 4 4 4 4 4 4]]]] [{citizen 22} [[""A"" [2 1 0 2 4 2 6 5 4 1]]]] [{citizen 43} [[""A"" [5 1 1 3 1 1 2 1 6 5]]]] [{citizen 21} [[""A"" [1 1 3 2 1 3 5 2 1 1]]]] [{citizen 11} [[""A"" [4 2 1 1 2 1 6 4 1 2]]]] [{citizen 49} [[""A"" [5 3 2 1 1 1 2 1 1 1]]]] [{citizen 44} [[""A"" [3 1 2 1 3 1 1 2 6 4]]]] [{citizen 10} [[""A"" [2 1 1 1 1 2 1 1 1 2]]]] [{citizen 33} [[""A"" [5 5 2 1 1 1 2 1 1 2]]]] [{citizen 9} [[""A"" [1 2 4 2 1 2 1 1 0 2]]]] [{media 54} [[""A"" [5 5 5 5 5 5 5 5 5 5]]]] [{citizen 48} [[""A"" [0 1 2 1 2 1 1 1 2 1]]]] [{citizen 30} [[""A"" [1 1 0 2 1 2 1 1 0 2]]]] [{citizen 39} [[""A"" [1 1 3 2 4 2 1 2 1 2]]]] [{citizen 35} [[""A"" [4 5 3 1 2 1 1 4 3 4]]]] [{citizen 38} [[""A"" [2 1 1 1 1 6 4 1 0 2]]]] [{media 61} [[""A"" [6 6 6 6 6 6 6 6 6 6]]]] [{media 59} [[""A"" [5 5 5 5 5 5 5 5 5 5]]]] [{media 57} [[""A"" [5 5 5 5 5 5 5 5 5 5]]]] [{media 62} [[""A"" [5 5 5 5 5 5 5 5 5 5]]]] [{citizen 37} [[""A"" [2 1 1 0 2 4 2 1 1 2]]]] [{citizen 32} [[""A"" [4 5 5 4 5 3 4 2 4 1]]]] [{citizen 26} [[""A"" [2 1 1 1 1 2 2 1 1 0]]]] [{citizen 47} [[""A"" [1 1 0 2 4 2 1 1 1 1]]]] [{citizen 46} [[""A"" [0 2 1 2 1 1 1 3 1 4]]]]]"
"24","[213 0 42]","303.75","-4.260724759261365","2.2421763813794167","""circle""","""""","9.9","{breed citizens}","false","0.5","1","""up""",,"[[""ID"" 24] [""alpha"" 1] [""beta"" 1] [""malleable"" [""A""]] [""prior"" []] [""cont_tokens"" []] [""A"" 1]]","[[0 [0 1 2 3 4 5 8 9 11 13]] [1 [16 18 20 21 22 23 24 25 27 28]] [2 [30 31 32 33 34 35 36 37 38 39 40 41 42 43 44]] [3 [45 46 47 48 49 50 51 52 53 54 55 56 57 58]] [4 [60 61 62 63 64 65 66 67 68 69 70 71 72 73 74]] [5 [75 76 77 78 79 80 81 82 83 84 85 86 87 88 89]] [6 [90 92 93 94 95 96 97 98 99 100 101 102 103 104]] [7 [105 106 107 108 109 110 111 112 113 114 115 116 117 118 119]] [8 [120 121 122 123 124 125 126 127 128 129 130 131 132 134]] [9 [136 137 138 139 142 145 146 147 149]] [10 [150 151 152 153 154 155 156 158 159 160 161 162 163 164]] [11 [166 167 169 170 171 172 173 174 175 176 177 178 179]] [12 [180 181 182 183 184 185 186 187 188 189 190 191 192 193 194]] [13 [195 196 197 198 199 200 201 202 203 204 205 206 207 208 209]] [14 [210 211 212 213 214 215 216 217 218 219 220 221 222 223 224]] [15 [225 226 227 228 229 230 231 232 233 234 235 236 237 238 239]] [16 [240 241 242 243 244 245 246 247 248 249 250 251 252 253 254]] [17 [255 256 257 258 259 260 261 262 263 264 265 266 267 268 269]] [18 [270 271 272 273 274 275 276 277 278 279 280 281 282 283 284]] [19 [285 286 287 288 289 290 291 292 293 294 295 296 297 298 299]] [20 [300 301 302 303 304 305 306 307 308 309 310 311 312 313 314]] [21 [315 316 317 318 319 320 321 322 323 324 325 326 327 328 329]] [22 [330 331 332 333 334 335 336 337 338 339 340 341 342 343 344]] [23 [345 346 347 348 349 350 351 352 353 354 355 356 357 358]] [24 [361 362 366 367 368 369 371 374]] [25 [375 376 377 378 379 380 381 382 383 384 385 386 387 388 389]] [26 [390 391 392 393 394 395 396 397 398 399 400 401 402 403 404]] [27 [405 406 407 408 409 410 411 412 413 414 415 416 417 418 419]] [28 [420 421 422 423 424 425 426 427 428 429 430 431 432 433 434]] [29 [435 436 437 438 439 440 441 442 443 444 445 446 447 448 449]] [30 [450 451 452 453 454 455 456 457 458 459 460 461 462 463 464]] [31 [465 466 467 468 469 470 471 472 473 474 475 476 477 478 479]] [32 [480 481 482 483 484 485 486 487 488 489 490 491 492 493 494]] [33 [495 496 497 498 499 501 502 503 504 505 506 507 508 509]] [34 [510 511 512 513 514 515 516 517 518 519 520 521 522 523 524]] [35 [525 526 527 528 529 530 531 532 533 534 535 536 537 538 539]] [36 [540 541 542 543 544 545 546 547 548 549 550 551 552 553 554]] [37 [555 556 557 558 559 560 561 562 563 564 565 566 567 568 569]] [38 [570 571 572 573 574 575 576 577 578 579 580 581 582 583 584]] [39 [585 586 587 588 589 590 591 592 593 594 595 596 597 598 599]] [40 [600 601 602 603 604 605 606 607 608 609 610 611 612 613 614]] [41 [615 616 617 618 619 620 621 622 623 624 625 626 627 628 629]] [42 [630 631 632 633 634 635 636 637 638 639 640 641 642 643 644]] [43 [645 646 647 648 649 650 651 652 653 654 655 656 657 658 659]] [44 [660 661 662 663 664 665 666 667 668 669 670 671 672 673 674]] [45 [675 676 677 678 679 680 681 682 683 684 685 686 687 688 689]] [46 [690 691 692 693 694 695 696 697 698 699 700 701 702 703 704]] [47 [705 706 707 708 709 710 711 712 713 714 715 716 717 718 719]] [48 [720 721 722 723 724 725 726 727 728 729 730 731 732 734]] [49 [735 736 737 738 739 740 741 742 743 744 745 746 747 748 749]] [50 [750 751 752 753 755 757 758 759 760 761 762 763 764]] [51 [765 766 767 768 769 770 771 772 773 774 775 776 777 778 779]] [52 [780 781 782 783 784 785 786 787 788 789 790 791 792 793 794]] [53 [795 796 797 798 799 800 801 802 803 804 805 806 807 808 809]] [54 [810 811 812 813 814 815 816 817 818 819 820 821 822 824]] [55 [826 827 828 829 830 831 832 833 834 835 836 837 838 839]] [56 [840 841 842 843 844 845 846 847 848 849 850 851 852 853 854]] [57 [855 856 857 858 859 860 861 862 863 864 865 866 867 868 869]] [58 [870 871 872 873 874 875 876 877 878 879 880 881 882 883 884]] [59 [885 886 887 888 889 890 891 892 893 894 895 896 897 898 899]] [60 [900 901 902 903 904 905 906 907 908 909 910 911 912 913 914]] [61 [915 916 917 918 919 922 923 925 927 928 929]] [62 [930 931 934 935 936 938 939 941]] [63 [948 949 951 954 955 957 958 959]] [64 [960 961 963 964 968 969 971 972]] [65 [975 976 977 978 980 981 982 983 984 985 986 987 988 989]] [66 [990 991 992 994 995 996 997 998 999 1000 1001 1002 1003 1004]] [67 [1005 1006 1007 1008 1009 1010 1011 1012 1013 1014 1015 1016 1017 1019]] [68 [1020 1022 1024 1025 1026 1027 1028 1029 1030 1031 1032 1033 1034]] [69 [1035 1036 1037 1038 1039 1040 1041 1042 1043 1044 1045 1046 1047 1048 1049]] [70 [1050 1051 1052 1053 1054 1055 1056 1057 1058 1059 1060 1061 1062 1063 1064]] [71 [1065 1066 1067 1068 1069 1070 1071 1072 1073 1074 1075 1076 1077 1079]] [72 [1080 1081 1082 1083 1084 1086 1087 1088 1093]] [73 [1095 1098 1099 1100 1101 1103 1107 1109]] [74 [1110 1111 1112 1113 1114 1115 1116 1117 1118 1119 1120 1122 1123 1124]] [75 [1125 1126 1127 1128 1129 1130 1131 1132 1133 1134 1135 1136 1137 1138 1139]] [76 [1140 1141 1142 1143 1144 1145 1146 1147 1148 1149 1150 1151 1152 1153 1154]] [77 [1155 1156 1157 1158 1159 1160 1161 1162 1163 1164 1165 1166 1167 1168 1169]] [78 [1170 1171 1172 1173 1174 1175 1176 1177 1178 1179 1180 1181 1182 1183 1184]] [79 [1185 1186 1187 1188 1189 1190 1191 1192 1193 1194 1195 1196 1197 1198 1199]] [80 [1200 1201 1202 1203 1204 1205 1206 1207 1208 1209 1210 1211 1212 1213 1214]] [81 [1215 1216 1217 1218 1219 1220 1221 1222 1223 1224 1225 1226 1227 1228 1229]] [82 [1230 1231 1232 1233 1234 1235 1236 1237 1238 1239 1240 1241 1242 1243 1244]] [83 [1245 1246 1247 1248 1249 1250 1251 1252 1253 1254 1255 1256 1257 1258 1259]] [84 [1260 1261 1262 1263 1264 1265 1266 1267 1268 1269 1270 1271 1272 1273]] [85 [1275 1276 1277 1278 1279 1280 1281 1282 1283 1284 1285 1286 1287 1288]] [86 [1290 1291 1292 1293 1294 1295 1296 1297 1298 1299 1300 1301 1302 1303 1304]] [87 [1305 1306 1307 1308 1309 1310 1311 1312 1313 1314 1315 1316 1317 1318 1319]] [88 [1320 1321 1322 1323 1324 1325 1326 1327 1328 1329 1330 1331 1332 1333 1334]] [89 [1335 1336 1337 1338 1339 1340 1341 1342 1343 1344 1345 1346 1347 1348 1349]] [90 [1350 1351 1352 1353 1354 1355 1357 1359 1360 1361 1362 1363 1364]] [91 [1365 1366 1367 1368 1369 1370 1371 1372 1373 1374 1375 1376 1377 1378 1379]] [92 [1380 1381 1382 1383 1384 1385 1386 1387 1388 1389 1390 1391 1392 1393 1394]] [93 [1395 1396 1397 1398 1399 1400 1401 1402 1403 1404 1405 1406 1407 1408 1409]] [94 [1410 1411 1412 1413 1414 1415 1416 1417 1418 1419 1420 1421 1422 1423 1424]] [95 [1425 1427 1428 1429 1431 1432 1434 1437 1438 1439]] [96 [1440 1441 1442 1443 1444 1445 1446 1447 1448 1449 1450 1451 1452 1453 1454]] [97 [1455 1456 1457 1458 1459 1460 1461 1462 1463 1464 1465 1466 1467 1468 1469]] [98 [1470 1471 1472 1473 1474 1475 1476 1477 1478 1479 1480 1484]] [99 [1485 1486 1487 1488 1489 1490 1491 1492 1493 1494 1495 1496 1497 1498 1499]]]","[[0 [1 3 5 11 13]] [1 [16 18 20 21 24]] [2 [33 35 38 39 40 41 42 43]] [3 [45 51 53 54 55 56 57 58]] [4 [62 64 65 66 67 73 74]] [5 [76 77 78 84 86 87]] [6 [92 93 100 102 103]] [7 [107 108 109 111 112 119]] [8 [120 121 125 127 131 132 134]] [9 [136 137 138 139 142 145 146 149]] [10 [150 151 154 156 158 163 164]] [11 [166 167 169 172 174 177 178]] [12 [184 186 188 189 190 191 193]] [13 [195 196 201 204 206 207 208]] [14 [210 211 212 214 216 219 221]] [15 [226 230 231 233 234 237 239]] [16 [244 248 249 250 252 253 254]] [17 [255 256 257 258 260 261 262 264 265 268 269]] [18 [270 272 274 278 279 282 283]] [19 [286 290 291 292 293 295 296 297 299]] [20 [303 304 305 306 312 313 314]] [21 [315 316 318 320 325 327 329]] [22 [330 331 334 337 338 340 341 344]] [23 [345 347 348 349 351 353 354 357 358]] [24 [362 366 367 368 369 371 374]] [25 [376 379 380 383 385 386]] [26 [391 395 396 397 400 402 404]] [27 [407 409 410 412 413 418 419]] [28 [420 421 424 425 426 427 428 429 431 432 434]] [29 [436 437 442 443 447 448 449]] [30 [451 452 453 459 461 462]] [31 [466 467 468 469 470 474 475 479]] [32 [480 482 483 484 488 489 490 491 493 494]] [33 [502 503 506 507 508 509]] [34 [510 511 512 513 517 519 521]] [35 [525 528 529 530 535 536 538 539]] [36 [540 541 543 548 549 552 553 554]] [37 [559 560 562 563 564 567 568 569]] [38 [570 571 574 576 580 581 582]] [39 [587 591 593 596 598]] [40 [601 603 605 607 609 611 613]] [41 [615 620 621 622 624 628 629]] [42 [633 634 637 638 639 640 641 642]] [43 [645 649 650 652 653 657]] [44 [660 663 670 671 672 673 674]] [45 [675 676 677 681 682 683 686 687 688]] [46 [690 693 696 698 699 700 704]] [47 [706 708 712 716 717 719]] [48 [721 723 725 727 728 731 732 734]] [49 [735 736 739 747 748 749]] [50 [751 752 753 755 760 761 762 763]] [51 [765 766 767 769 770 771 772 777]] [52 [781 782 783 791 793 794]] [53 [795 796 797 799 800 804 805 808 809]] [54 [810 811 813 816 817 819 822]] [55 [827 829 830 834 835]] [56 [841 842 843 844 847 848 850 851 852]] [57 [856 857 858 861 862 864 868]] [58 [873 876 878 879 882 884]] [59 [885 886 887 889 892 896 898]] [60 [901 902 906 907 913 914]] [61 [922 923 925 927 928 929]] [62 [930 931 934 935 936 938 939 941]] [63 [948 949 954 955 958 959]] [64 [960 961 963 964 969]] [65 [975 977 984 986 988 989]] [66 [991 992 994 995 997 1002 1003 1004]] [67 [1007 1008 1011 1013 1017 1019]] [68 [1020 1022 1024 1025 1028 1032 1034]] [69 [1036 1037 1042 1043 1044 1047 1049]] [70 [1050 1052 1054 1058 1060 1063 1064]] [71 [1065 1067 1068 1070 1071 1073 1074 1075]] [72 [1081 1083 1084 1086 1087 1088 1093]] [73 [1095 1098 1099 1100 1101 1103 1107 1109]] [74 [1110 1116 1117 1120 1122 1124]] [75 [1127 1128 1129 1135 1137 1139]] [76 [1140 1143 1144 1145 1148 1153 1154]] [77 [1155 1156 1158 1161 1163 1164 1165]] [78 [1170 1171 1172 1173 1177 1178 1179 1180 1182 1184]] [79 [1185 1186 1193 1194 1195 1196 1198]] [80 [1201 1202 1208 1209 1210 1211 1214]] [81 [1218 1219 1220 1222 1225 1226 1227 1228 1229]] [82 [1233 1234 1235 1236 1239 1240 1243]] [83 [1247 1248 1251 1252 1254 1258]] [84 [1262 1263 1265 1266 1267 1269 1272 1273]] [85 [1275 1278 1279 1281 1283 1285 1287]] [86 [1290 1292 1293 1294 1296 1298 1300 1303 1304]] [87 [1305 1306 1307 1308 1309 1311 1312 1313 1315]] [88 [1321 1322 1324 1326 1328 1331 1333]] [89 [1335 1336 1339 1342 1345 1347 1349]] [90 [1351 1355 1357 1359 1360 1361 1363]] [91 [1365 1368 1372 1373 1375 1376 1378]] [92 [1380 1381 1385 1386 1388 1389 1390 1391 1392 1393]] [93 [1396 1397 1398 1400 1405 1406 1409]] [94 [1414 1418 1419 1420 1422 1423 1424]] [95 [1427 1428 1429 1431 1432 1434 1437 1438]] [96 [1441 1442 1445 1446 1449 1451]] [97 [1457 1459 1460 1462 1463 1465 1467]] [98 [1471 1474 1475 1476 1478 1479 1480 1484]] [99 [1489 1493 1495 1496 1497 1499]]]",,"[[{citizen 31} [[""A"" [1 1 1 2 1 2 1 2 1 2]]]] [{citizen 38} [[""A"" [1 1 2 1 3 5 6 0 2 1]]]] [{citizen 39} [[""A"" [1 1 1 2 4 2 1 2 1 2]]]] [{media 50} [[""A"" [1 1 1 1 1 1 1 1 1 1]]]] [{media 51} [[""A"" [2 2 2 2 2 2 2 2 2 2]]]] [{media 55} [[""A"" [2 2 2 2 2 2 2 2 2 2]]]] [{media 56} [[""A"" [1 1 1 1 1 1 1 1 1 1]]]] [{media 58} [[""A"" [0 0 0 0 0 0 0 0 0 0]]]] [{media 63} [[""A"" [1 1 1 1 1 1 1 1 1 1]]]] [{media 64} [[""A"" [1 1 1 1 1 1 1 1 1 1]]]] [{media 53} [[""A"" [4 4 4 4 4 4 4 4 4 4]]]] [{citizen 0} [[""A"" [2 0 1 0 1 2 2 1 2 0]]]] [{citizen 4} [[""A"" [1 3 4 3 2 1 1 0 2 1]]]] [{citizen 5} [[""A"" [1 1 0 1 1 2 1 1 2 2]]]] [{citizen 19} [[""A"" [5 4 2 1 5 6 2 1 0 2]]]] [{citizen 6} [[""A"" [1 1 1 0 1 2 5 4 3 2]]]] [{citizen 7} [[""A"" [1 4 2 4 2 1 1 1 1 1]]]] [{citizen 14} [[""A"" [1 2 1 1 2 2 1 3 4 5]]]] [{media 60} [[""A"" [3 3 3 3 3 3 3 3 3 3]]]] [{citizen 12} [[""A"" [1 1 3 1 2 1 2 1 3 5]]]] [{media 52} [[""A"" [4 4 4 4 4 4 4 4 4 4]]]] [{citizen 17} [[""A"" [1 2 1 1 0 1 4 2 1 3]]]] [{citizen 41} [[""A"" [1 2 3 1 2 1 6 5 1 5]]]] [{citizen 1} [[""A"" [1 0 1 4 2 1 2 1 1 0]]]] [{citizen 29} [[""A"" [1 1 1 4 5 6 2 1 2 1]]]] [{citizen 13} [[""A"" [2 1 1 0 2 1 1 2 1 2]]]] [{citizen 25} [[""A"" [5 3 1 3 1 1 2 1 1 2]]]] [{citizen 20} [[""A"" [2 1 1 0 2 4 3 5 4 5]]]] [{citizen 8} [[""A"" [6 4 4 2 1 1 2 1 2 1]]]] [{citizen 23} [[""A"" [2 1 1 2 2 1 3 5 6 5]]]] [{citizen 16} [[""A"" [1 1 1 1 2 2 1 3 6 5]]]] [{citizen 34} [[""A"" [3 1 2 1 0 1 2 1 3 5]]]] [{citizen 3} [[""A"" [4 3 2 2 1 1 2 1 5 5]]]] [{citizen 42} [[""A"" [2 1 1 4 2 1 1 2 1 1]]]] [{citizen 11} [[""A"" [1 2 1 5 6 2 1 1 2 1]]]] [{citizen 33} [[""A"" [1 1 2 1 1 2 1 0 2 1]]]] [{citizen 15} [[""A"" [4 2 1 1 2 1 1 0 2 1]]]] [{citizen 36} [[""A"" [5 3 2 1 1 5 5 5 4 1]]]] [{citizen 45} [[""A"" [2 1 1 0 2 1 2 1 0 1]]]] [{citizen 28} [[""A"" [3 1 2 1 0 1 4 3 6 4]]]] [{citizen 27} [[""A"" [1 2 1 1 1 4 2 1 1 0]]]] [{citizen 40} [[""A"" [1 4 5 4 3 1 2 1 0 2]]]] [{citizen 18} [[""A"" [5 4 4 5 6 5 4 2 1 5]]]] [{citizen 2} [[""A"" [1 2 1 1 5 2 1 2 1 0]]]] [{citizen 10} [[""A"" [1 1 2 1 2 1 1 0 2 1]]]] [{citizen 44} [[""A"" [3 1 2 1 3 1 1 2 1 6]]]] [{citizen 22} [[""A"" [1 2 4 2 1 5 6 4 1 1]]]] [{citizen 43} [[""A"" [2 3 1 1 1 2 1 5 6 5]]]] [{citizen 21} [[""A"" [1 1 5 2 1 1 3 2 2 1]]]] [{citizen 49} [[""A"" [1 1 1 2 2 1 1 1 1 0]]]] [{citizen 9} [[""A"" [2 0 1 4 2 1 2 1 0 2]]]] [{media 54} [[""A"" [5 5 5 5 5 5 5 5 5 5]]]] [{citizen 48} [[""A"" [1 2 2 1 1 2 1 1 2 1]]]] [{citizen 30} [[""A"" [1 0 2 1 2 1 2 1 0 2]]]] [{citizen 35} [[""A"" [5 4 5 3 1 2 1 1 1 3]]]] [{media 61} [[""A"" [6 6 6 6 6 6 6 6 6 6]]]] [{media 59} [[""A"" [5 5 5 5 5 5 5 5 5 5]]]] [{media 57} [[""A"" [5 5 5 5 5 5 5 5 5 5]]]] [{media 62} [[""A"" [5 5 5 5 5 5 5 5 5 5]]]] [{citizen 37} [[""A"" [1 0 2 4 2 1 1 2 1 2]]]] [{citizen 32} [[""A"" [4 5 4 5 1 4 2 3 4 1]]]] [{citizen 26} [[""A"" [1 0 1 2 2 1 3 1 1 0]]]] [{citizen 47} [[""A"" [1 1 0 1 2 2 1 1 2 1]]]] [{citizen 46} [[""A"" [2 1 0 2 1 2 1 1 1 1]]]]]"
"25","[213 0 42]","26.25","4.7403040318349845","9.044927132976822","""circle""","""""","9.9","{breed citizens}","false","0.5","1","""up""",,"[[""ID"" 25] [""alpha"" 1] [""beta"" 1] [""malleable"" [""A""]] [""prior"" []] [""cont_tokens"" []] [""A"" 1]]","[[0 [0 1 2 3 4 5 6 7 8 9 10 11 12 13 14]] [1 [16 18 20 21 22 23 24 25 27 28]] [2 [30 31 32 33 34 35 36 37 38 39 40 41 42 43 44]] [3 [45 46 47 48 49 50 51 52 53 54 55 56 57 58]] [4 [60 61 62 63 64 65 66 67 68 69 70 71 72 73 74]] [5 [75 76 77 78 79 80 81 82 83 84 85 86 87 88 89]] [6 [90 91 92 93 94 95 96 97 98 99 100 101 102 103 104]] [7 [105 106 107 108 109 110 111 112 113 114 115 116 117 118 119]] [8 [120 121 122 123 124 125 126 127 128 129 130 131 132 133 134]] [9 [135 136 137 138 139 140 141 142 143 144 145 146 147 149]] [10 [150 151 152 153 154 155 156 158 159 160 161 162 163 164]] [11 [166 167 169 170 171 172 173 174 175 176 177 178 179]] [12 [180 181 182 183 184 185 186 187 188 189 190 191 192 193 194]] [13 [195 196 197 198 199 200 201 202 203 204 205 206 207 208 209]] [14 [210 211 212 213 214 215 216 217 218 219 220 221 222 223 224]] [15 [225 227 228 229 230 231 232 233 234 235 236 237 238 239]] [16 [240 241 242 243 244 245 246 247 248 249 250 251 252 253 254]] [17 [255 256 257 258 259 260 261 262 263 264 265 266 267 268 269]] [18 [270 271 272 273 274 275 276 277 278 279 280 281 282 283 284]] [19 [285 286 287 288 289 290 291 292 293 294 295 296 297 298 299]] [20 [300 301 302 303 304 305 306 307 308 309 310 311 312 313 314]] [21 [315 316 317 318 319 320 321 322 323 324 325 326 327 328 329]] [22 [330 331 332 333 334 335 336 337 338 339 340 341 343 344]] [23 [345 346 347 348 349 350 351 352 353 354 355 356 357 358]] [24 [360 361 362 363 364 365 366 367 368 369 370 371 372 373 374]] [25 [375 376 377 378 379 380 381 382 383 384 385 386 387 388 389]] [26 [390 391 392 393 394 395 396 397 398 400 401 402 403 404]] [27 [405 406 407 408 409 410 411 412 413 414 415 416 417 418 419]] [28 [420 421 422 423 424 425 426 427 428 429 430 431 432 433 434]] [29 [435 436 437 438 439 440 441 442 443 444 445 446 447 448 449]] [30 [450 451 452 453 454 455 456 457 458 459 460 461 462 463 464]] [31 [465 466 467 468 469 470 471 472 473 474 475 476 477 478 479]] [32 [480 481 482 483 484 485 486 487 488 489 490 491 492 493 494]] [33 [495 496 497 498 499 501 502 503 504 505 506 507 508 509]] [34 [510 511 512 513 514 515 516 517 518 519 520 521 522 523 524]] [35 [525 526 527 528 529 530 531 532 533 534 535 536 537 538 539]] [36 [540 541 542 543 544 545 546 547 548 549 550 551 552 553 554]] [37 [555 556 557 558 559 560 561 562 563 564 565 566 567 568 569]] [38 [570 571 572 573 574 575 576 577 578 579 580 581 582 583 584]] [39 [585 586 587 588 589 590 591 592 593 594 595 596 597 598 599]] [40 [600 601 602 603 604 605 606 607 608 609 610 611 612 613 614]] [41 [615 616 617 618 619 620 621 622 623 624 625 626 627 628 629]] [42 [630 631 632 633 634 635 636 637 638 639 640 641 642 643 644]] [43 [645 646 647 648 649 650 651 652 653 654 655 656 657 658 659]] [44 [660 661 662 663 664 665 666 667 668 669 670 671 672 673 674]] [45 [675 676 677 678 679 680 681 682 683 684 685 686 687 688 689]] [46 [690 691 692 693 694 695 696 697 698 699 700 701 702 703 704]] [47 [705 706 707 708 709 710 711 712 713 714 715 716 717 718 719]] [48 [720 721 722 723 724 725 726 727 728 729 730 731 732 734]] [49 [735 736 737 738 739 740 741 742 743 744 745 746 747 748 749]] [50 [750 751 752 753 755 757 758 759 760 761 762 763 764]] [51 [765 766 767 768 769 770 771 772 773 774 775 776 777 778 779]] [52 [780 781 782 783 784 785 786 787 788 789 790 791 792 793 794]] [53 [795 796 797 798 799 800 801 802 803 804 805 806 807 808 809]] [54 [810 811 812 813 814 815 816 817 818 819 820 821 822 824]] [55 [826 827 828 829 830 831 832 833 834 835 836 837 838 839]] [56 [840 841 842 843 844 845 846 847 848 849 850 851 852 853 854]] [57 [855 856 857 858 859 860 861 862 863 864 865 866 867 868 869]] [58 [870 871 872 873 874 875 876 877 878 879 881 882 883 884]] [59 [885 886 887 888 889 890 891 892 893 894 895 896 897 898 899]] [60 [900 901 902 903 904 905 906 907 908 909 910 911 912 913 914]] [61 [915 916 917 918 919 920 921 922 923 924 925 926 927 928 929]] [62 [930 931 934 935 936 938 939 941]] [63 [948 949 951 954 955 957 958 959]] [64 [960 961 963 964 968 969 971 972]] [65 [975 976 977 978 980 981 982 983 984 985 986 987 988 989]] [66 [990 991 992 994 995 996 997 998 999 1000 1001 1002 1003 1004]] [67 [1005 1006 1007 1008 1009 1010 1011 1012 1013 1014 1015 1016 1017 1019]] [68 [1020 1022 1023 1024 1025 1026 1027 1028 1029 1030 1031 1032 1033 1034]] [69 [1035 1036 1037 1038 1039 1040 1041 1042 1043 1044 1045 1046 1047 1048 1049]] [70 [1050 1051 1052 1053 1054 1055 1056 1057 1058 1059 1060 1061 1062 1063 1064]] [71 [1065 1066 1067 1068 1069 1070 1071 1072 1073 1074 1075 1076 1077 1079]] [72 [1080 1081 1082 1083 1084 1086 1087 1088 1091 1093]] [73 [1095 1098 1099 1100 1101 1103 1107 1109]] [74 [1110 1111 1112 1113 1114 1115 1116 1117 1118 1119 1120 1122 1123 1124]] [75 [1125 1126 1127 1128 1129 1130 1131 1132 1133 1134 1135 1136 1137 1138 1139]] [76 [1140 1141 1142 1143 1144 1145 1146 1147 1148 1149 1150 1151 1152 1153 1154]] [77 [1155 1156 1157 1158 1159 1160 1161 1162 1163 1164 1165 1166 1167 1168 1169]] [78 [1170 1171 1172 1173 1174 1175 1176 1177 1178 1179 1180 1181 1182 1183 1184]] [79 [1185 1186 1187 1188 1189 1190 1191 1192 1193 1194 1195 1196 1197 1198 1199]] [80 [1200 1201 1202 1203 1204 1205 1206 1207 1208 1209 1210 1211 1212 1213 1214]] [81 [1215 1216 1217 1218 1219 1220 1221 1222 1223 1224 1225 1226 1227 1228 1229]] [82 [1230 1231 1232 1233 1234 1235 1236 1237 1238 1239 1240 1241 1242 1243 1244]] [83 [1245 1246 1247 1248 1249 1250 1251 1252 1253 1254 1255 1256 1257 1258 1259]] [84 [1260 1261 1262 1263 1264 1265 1266 1267 1268 1269 1270 1271 1272 1273]] [85 [1275 1276 1277 1278 1279 1280 1281 1282 1283 1284 1285 1286 1287 1288]] [86 [1290 1291 1292 1293 1294 1295 1296 1297 1298 1299 1300 1301 1302 1303 1304]] [87 [1305 1306 1307 1308 1309 1310 1311 1312 1313 1314 1315 1316 1317 1318 1319]] [88 [1320 1321 1322 1323 1324 1325 1326 1327 1328 1329 1330 1331 1332 1333 1334]] [89 [1335 1336 1337 1338 1339 1340 1341 1342 1343 1344 1345 1346 1347 1348 1349]] [90 [1350 1351 1352 1353 1354 1355 1357 1359 1360 1361 1362 1363 1364]] [91 [1365 1366 1367 1368 1369 1370 1371 1372 1373 1374 1375 1376 1377 1378 1379]] [92 [1380 1381 1382 1383 1384 1385 1386 1387 1388 1389 1390 1391 1392 1393 1394]] [93 [1395 1396 1397 1398 1399 1400 1401 1402 1403 1404 1405 1406 1407 1408 1409]] [94 [1410 1411 1412 1413 1415 1416 1417 1421 1424]] [95 [1425 1427 1428 1429 1431 1432 1434 1437 1438 1439]] [96 [1440 1441 1442 1443 1444 1445 1446 1447 1448 1449 1450 1451 1452 1453 1454]] [97 [1455 1456 1457 1458 1459 1460 1461 1462 1463 1464 1465 1466 1467 1468 1469]] [98 [1470 1471 1472 1473 1474 1475 1476 1477 1478 1479 1480 1484]] [99 [1485 1486 1487 1488 1489 1490 1491 1492 1493 1494 1495 1496 1497 1498 1499]]]","[[0 [0 1 2 3 4 8 9 11 13]] [1 [16 18 20 21 23 25 27 28]] [2 [30 31 32 34 36 37 43]] [3 [45 51 53 55 56 57 58]] [4 [61 63 68 69 70 71 72]] [5 [75 79 80 81 82 83 85]] [6 [91 94 95 96 97 101 104]] [7 [105 106 110 113 114 115 116 117 118]] [8 [122 123 124 126 129 130 131 132 134]] [9 [136 137 138 139 142 145 146 149]] [10 [151 154 156 158 163 164]] [11 [167 169 173 175 176 179]] [12 [180 181 182 184 186 188 189 190 194]] [13 [197 199 200 202 203 205 209]] [14 [213 214 220 222 223]] [15 [225 227 228 232 235 236 238]] [16 [240 241 242 243 245 247 253 254]] [17 [255 256 257 258 260 261 262 264 265 268 269]] [18 [270 272 274 278 279 282 283]] [19 [286 290 291 292 293 295 296 297 298]] [20 [300 301 302 304 305 306 312 313 314]] [21 [315 316 318 320 322 323 326 328]] [22 [332 333 335 336 338 339 341 344]] [23 [345 347 348 349 351 356]] [24 [360 361 362 366 367 368 369 371 374]] [25 [376 379 380 383 385 386]] [26 [391 392 393 394 398 401 403]] [27 [405 409 410 412 413 418]] [28 [420 421 424 425 426 427 429 431 432 434]] [29 [436 437 442 448 449]] [30 [451 452 453 456 459 462]] [31 [467 471 472 473 476 477 478]] [32 [481 484 488 489 490 491 493 494]] [33 [499 503 506 507 508 509]] [34 [512 513 517 519 521 522]] [35 [528 529 530 535 536 538 539]] [36 [541 546 550 551]] [37 [555 556 557 558 561 565 566]] [38 [573 575 577 578 579 583]] [39 [586 589 593 596 598]] [40 [601 603 605 607 609 611 613]] [41 [615 620 621 622 624 628 629]] [42 [633 635 636 638 641 642]] [43 [645 649 650 652 653 657]] [44 [660 663 668 670 671 672 674]] [45 [675 676 677 681 684 685 686]] [46 [690 691 693 696 698 699 700 704]] [47 [706 711 713 714 715 716 717 718 719]] [48 [721 723 727 728 731 732 734]] [49 [735 736 739 747 748 749]] [50 [752 753 755 757 759 764]] [51 [766 768 773 774 775 778]] [52 [780 782 783 788 791 793 794]] [53 [795 796 797 799 800 805 808 809]] [54 [811 813 816 817 819 822 824]] [55 [828 829 830 834 835]] [56 [841 842 843 844 849 850 851 852]] [57 [856 857 858 861 863 865 866 867]] [58 [870 871 872 874 875 877 882]] [59 [885 886 888 889 892 896 898]] [60 [901 902 905 906 907 910 911 912]] [61 [915 916 917 918 919 922 923 925 927 929]] [62 [930 931 934 935 936 938 939 941]] [63 [948 949 954 955 957 958 959]] [64 [960 961 963 964 968 971 972]] [65 [976 980 981 982 983 985 987 988 989]] [66 [991 992 994 995 998 999 1000 1001 1004]] [67 [1007 1008 1011 1013 1017]] [68 [1020 1022 1024 1025 1026 1027 1029 1030 1031 1033]] [69 [1035 1038 1039 1040 1045 1046 1047 1049]] [70 [1050 1052 1054 1056 1058 1060 1063 1064]] [71 [1065 1067 1068 1070 1071 1073 1074 1075 1076 1077]] [72 [1080 1081 1083 1084 1086 1087 1088 1093]] [73 [1095 1098 1100 1101 1103 1107 1109]] [74 [1110 1112 1117 1119 1120 1122 1124]] [75 [1127 1128 1129 1135 1137 1139]] [76 [1140 1143 1144 1145 1148 1150 1151 1152]] [77 [1156 1158 1161 1163 1164 1165]] [78 [1174 1175 1176 1177 1178 1179 1180 1182 1184]] [79 [1185 1186 1193 1194 1195 1196]] [80 [1201 1202 1205 1206 1207 1212 1213]] [81 [1215 1216 1217 1221 1223 1224 1228]] [82 [1231 1232 1236 1239 1240 1243]] [83 [1247 1248 1251 1253 1254 1255 1256 1258]] [84 [1262 1263 1265 1266 1267 1270 1271 1273]] [85 [1275 1278 1279 1281 1283 1285 1287]] [86 [1290 1291 1292 1293 1294 1296 1298 1300 1303 1304]] [87 [1305 1310 1314 1316 1318 1319]] [88 [1320 1323 1325 1327 1329 1332 1333 1334]] [89 [1337 1338 1340 1341 1343 1344 1346 1349]] [90 [1350 1352 1353 1354 1355 1357 1359 1360 1362 1364]] [91 [1366 1367 1369 1371 1374 1376 1378]] [92 [1380 1381 1385 1386 1388 1389 1390 1391 1392 1393]] [93 [1396 1397 1398 1400 1402 1403 1404 1407 1408]] [94 [1411 1413 1415 1416 1417 1421 1424]] [95 [1427 1428 1429 1431 1432 1434 1437 1438]] [96 [1441 1444 1445 1446 1447 1448 1449 1451]] [97 [1457 1459 1460 1462 1463 1465 1467]] [98 [1471 1473 1476 1478 1479 1480 1484]] [99 [1489 1493 1495 1496 1497 1499]]]",,"[[{media 51} [[""A"" [2 2 2 2 2 2 2 2 2 2]]]] [{media 52} [[""A"" [4 4 4 4 4 4 4 4 4 4]]]] [{media 53} [[""A"" [4 4 4 4 4 4 4 4 4 4]]]] [{media 54} [[""A"" [5 5 5 5 5 5 5 5 5 5]]]] [{media 55} [[""A"" [2 2 2 2 2 2 2 2 2 2]]]] [{media 57} [[""A"" [5 5 5 5 5 5 5 5 5 5]]]] [{media 59} [[""A"" [5 5 5 5 5 5 5 5 5 5]]]] [{media 60} [[""A"" [3 3 3 3 3 3 3 3 3 3]]]] [{media 61} [[""A"" [6 6 6 6 6 6 6 6 6 6]]]] [{media 62} [[""A"" [5 5 5 5 5 5 5 5 5 5]]]] [{citizen 4} [[""A"" [1 1 1 3 3 1 1 0 2 1]]]] [{citizen 5} [[""A"" [1 1 1 0 1 2 1 1 2 1]]]] [{media 50} [[""A"" [1 1 1 1 1 1 1 1 1 1]]]] [{citizen 13} [[""A"" [2 1 1 1 2 1 1 1 2 1]]]] [{citizen 20} [[""A"" [1 1 0 1 2 5 3 5 4 5]]]] [{citizen 21} [[""A"" [3 2 1 2 1 3 2 1 3 1]]]] [{media 63} [[""A"" [1 1 1 1 1 1 1 1 1 1]]]] [{media 58} [[""A"" [0 0 0 0 0 0 0 0 0 0]]]] [{citizen 3} [[""A"" [2 2 2 1 1 3 1 2 4 5]]]] [{citizen 7} [[""A"" [1 2 1 2 1 3 2 1 1 1]]]] [{citizen 10} [[""A"" [1 1 2 1 2 1 1 0 2 1]]]] [{media 56} [[""A"" [1 1 1 1 1 1 1 1 1 1]]]] [{citizen 11} [[""A"" [2 1 1 1 6 4 1 1 2 1]]]] [{media 64} [[""A"" [1 1 1 1 1 1 1 1 1 1]]]] [{citizen 41} [[""A"" [5 4 2 1 2 2 2 1 1 5]]]] [{citizen 1} [[""A"" [0 1 2 1 5 4 1 1 0 1]]]] [{citizen 17} [[""A"" [2 1 2 1 1 1 2 1 3 4]]]] [{citizen 12} [[""A"" [1 1 1 3 1 2 1 3 4 5]]]] [{citizen 29} [[""A"" [2 1 1 2 5 4 2 1 1 1]]]] [{citizen 14} [[""A"" [4 5 2 1 1 2 1 3 4 5]]]] [{citizen 31} [[""A"" [1 1 1 3 2 1 1 1 2 1]]]] [{citizen 45} [[""A"" [2 1 2 1 1 0 1 1 0 1]]]] [{citizen 24} [[""A"" [2 1 1 3 2 1 1 1 0 1]]]] [{citizen 28} [[""A"" [1 1 0 1 2 5 3 6 5 4]]]] [{citizen 34} [[""A"" [1 2 0 1 2 1 3 5 4 5]]]] [{citizen 16} [[""A"" [1 2 1 1 1 1 2 3 6 5]]]] [{citizen 40} [[""A"" [4 5 4 3 2 1 1 0 2 1]]]] [{citizen 23} [[""A"" [2 1 1 3 2 3 5 6 5 5]]]] [{citizen 6} [[""A"" [1 1 0 1 2 5 4 3 2 1]]]] [{citizen 43} [[""A"" [1 2 2 1 1 2 1 6 5 5]]]] [{citizen 27} [[""A"" [2 1 1 1 2 4 1 1 0 1]]]] [{citizen 0} [[""A"" [5 2 1 0 1 0 1 2 0 1]]]] [{citizen 15} [[""A"" [1 0 1 2 1 1 1 0 2 1]]]] [{citizen 8} [[""A"" [3 1 2 1 6 4 1 1 2 1]]]] [{citizen 18} [[""A"" [6 5 5 5 4 4 5 5 4 5]]]] [{citizen 19} [[""A"" [3 5 4 1 6 4 1 0 2 1]]]] [{citizen 42} [[""A"" [2 1 1 1 4 2 2 1 1 1]]]] [{citizen 2} [[""A"" [2 1 1 1 5 2 1 1 0 1]]]] [{citizen 36} [[""A"" [3 2 1 3 1 5 5 4 1 1]]]] [{citizen 49} [[""A"" [1 1 1 1 2 1 1 1 0 1]]]] [{citizen 33} [[""A"" [1 1 1 2 1 1 1 0 2 1]]]] [{citizen 22} [[""A"" [0 1 2 4 6 5 4 1 1 1]]]] [{citizen 44} [[""A"" [1 3 1 2 1 1 2 6 5 4]]]] [{citizen 9} [[""A"" [1 2 1 2 2 1 1 0 2 1]]]] [{citizen 48} [[""A"" [1 2 2 0 1 2 1 1 2 1]]]] [{citizen 30} [[""A"" [1 0 1 2 1 1 1 0 2 1]]]] [{citizen 39} [[""A"" [1 1 3 1 2 2 1 1 2 1]]]] [{citizen 35} [[""A"" [5 4 5 3 2 1 1 1 3 4]]]] [{citizen 38} [[""A"" [1 1 3 6 4 1 1 0 2 1]]]] [{citizen 37} [[""A"" [1 1 0 1 2 4 1 1 2 1]]]] [{citizen 32} [[""A"" [5 2 1 3 4 3 4 1 1 1]]]] [{citizen 26} [[""A"" [1 1 1 2 2 3 1 1 0 1]]]] [{citizen 47} [[""A"" [2 1 1 1 0 1 2 1 1 1]]]] [{citizen 46} [[""A"" [2 1 2 1 1 1 3 2 1 4]]]]]"
"26","[213 0 42]","120.9375","8.51825558226775","-5.0011853140157045","""circle""","""""","9.9","{breed citizens}","false","0.5","1","""up""",,"[[""ID"" 26] [""alpha"" 1] [""beta"" 1] [""malleable"" [""A""]] [""prior"" []] [""cont_tokens"" []] [""A"" 1]]","[[0 [0 1 2 3 4 5 6 7 8 9 10 11 12 13 14]] [1 [15 17 19 20 21 24 26 29]] [2 [33 35 38 39 40 41 42 43]] [3 [45 46 47 48 49 50 51 52 53 54 55 56 57 58]] [4 [60 61 62 63 64 65 66 67 68 69 70 71 72 73 74]] [5 [75 76 77 78 79 80 81 82 83 84 85 86 87 88 89]] [6 [90 91 92 93 94 95 96 97 98 99 100 101 102 103 104]] [7 [105 106 107 108 109 110 111 112 113 114 115 116 117 118 119]] [8 [120 121 122 123 124 125 126 127 128 129 130 131 132 133 134]] [9 [135 136 137 138 139 140 141 142 143 144 145 146 147 149]] [10 [150 151 152 153 154 155 156 158 159 160 161 162 163 164]] [11 [166 167 169 170 171 172 173 174 175 176 177 178 179]] [12 [180 181 182 183 184 185 186 187 188 189 190 191 192 193 194]] [13 [195 196 197 198 199 200 201 202 203 204 205 206 207 208 209]] [14 [210 211 212 213 214 215 216 217 218 219 220 221 222 223 224]] [15 [225 227 228 229 230 231 232 233 234 235 236 237 238 239]] [16 [240 241 242 243 244 245 246 247 248 249 250 251 252 253 254]] [17 [255 256 257 258 259 260 261 262 263 264 265 266 267 268 269]] [18 [270 271 272 273 274 275 276 277 278 279 280 281 282 283 284]] [19 [285 286 287 288 289 290 291 292 293 294 295 296 297 298 299]] [20 [300 301 302 303 304 305 306 307 308 309 310 311 312 313 314]] [21 [315 316 317 318 319 320 321 322 323 324 325 326 327 328 329]] [22 [330 331 332 333 334 335 336 337 338 339 340 341 342 343 344]] [23 [345 346 347 348 349 350 351 352 353 354 355 356 357 358]] [24 [361 362 366 367 368 369 371 374]] [25 [375 376 377 378 379 380 381 382 383 384 385 386 387 388 389]] [26 [390 391 392 393 394 395 396 397 398 399 400 401 402 403 404]] [27 [405 406 407 408 409 410 411 412 413 414 415 416 417 418 419]] [28 [420 421 422 423 424 425 426 427 428 429 430 431 432 433 434]] [29 [435 436 437 438 439 440 441 442 443 444 445 446 447 448 449]] [30 [450 451 452 453 454 455 456 457 458 459 460 461 462 463 464]] [31 [465 466 467 468 469 470 471 472 473 474 475 476 477 478 479]] [32 [480 481 482 483 484 485 486 487 488 489 490 491 492 493 494]] [33 [495 496 497 498 501 504 505 509]] [34 [510 511 512 513 514 515 516 517 518 519 520 521 522 523 524]] [35 [525 526 527 528 529 530 531 532 533 534 535 536 537 538 539]] [36 [540 541 542 543 544 545 546 547 548 549 550 551 552 553 554]] [37 [555 556 557 558 559 560 561 562 563 564 565 566 567 568 569]] [38 [570 571 572 573 574 575 576 577 578 579 580 581 582 583 584]] [39 [585 586 587 588 589 590 591 592 593 594 595 596 597 598 599]] [40 [600 601 602 603 604 605 606 607 608 609 610 611 612 613 614]] [41 [615 616 617 618 619 620 621 622 623 624 625 626 627 628 629]] [42 [630 631 632 633 634 635 636 637 638 639 640 641 642 643 644]] [43 [645 646 647 648 649 650 651 652 653 654 655 656 657 658 659]] [44 [660 661 662 663 664 665 666 667 668 669 670 671 672 673 674]] [45 [675 676 677 678 679 680 681 682 683 684 685 686 687 688 689]] [46 [690 691 692 693 694 695 696 697 698 699 700 701 702 703 704]] [47 [705 706 707 708 709 710 711 712 713 714 715 716 717 718 719]] [48 [720 721 722 723 724 725 726 727 728 729 730 731 732 734]] [49 [735 736 737 738 739 740 741 742 743 744 745 746 747 748 749]] [50 [750 751 752 753 755 757 758 759 760 761 762 763 764]] [51 [765 766 767 768 769 770 771 772 773 774 775 776 777 778 779]] [52 [780 781 782 783 784 785 786 787 788 789 790 791 792 793 794]] [53 [795 796 797 799 800 801 804 805 806 807 808 809]] [54 [810 811 812 813 814 815 816 817 818 819 820 821 822 824]] [55 [826 827 828 829 830 831 832 833 834 835 836 837 838 839]] [56 [840 841 842 843 844 845 846 847 848 849 850 851 852 853 854]] [57 [855 856 857 858 859 860 861 862 863 864 865 866 867 868 869]] [58 [870 871 872 873 874 875 876 877 878 879 880 881 882 883 884]] [59 [885 886 887 888 889 890 891 892 893 894 895 896 897 898 899]] [60 [900 901 902 903 904 905 906 907 908 909 910 911 912 913 914]] [61 [915 916 917 918 919 920 921 922 923 924 925 926 927 928 929]] [62 [930 931 934 935 936 938 939 941]] [63 [948 949 951 954 955 957 958 959]] [64 [960 961 963 964 968 969 971 972]] [65 [975 976 977 978 980 981 982 983 984 985 986 987 988 989]] [66 [990 991 992 994 995 996 997 998 999 1000 1001 1002 1003 1004]] [67 [1005 1006 1007 1008 1009 1010 1011 1012 1013 1014 1015 1016 1017 1019]] [68 [1020 1022 1024 1025 1026 1027 1028 1029 1030 1031 1032 1033 1034]] [69 [1035 1036 1037 1038 1039 1040 1041 1042 1043 1044 1045 1046 1047 1048 1049]] [70 [1050 1051 1052 1053 1054 1055 1056 1057 1058 1059 1060 1061 1062 1063 1064]] [71 [1065 1066 1067 1068 1069 1070 1071 1072 1073 1074 1075 1076 1077 1079]] [72 [1080 1081 1082 1083 1084 1086 1087 1088 1091 1093]] [73 [1095 1098 1099 1100 1101 1103 1107 1109]] [74 [1110 1111 1112 1113 1114 1115 1116 1117 1118 1119 1120 1122 1123 1124]] [75 [1125 1126 1127 1128 1129 1130 1131 1132 1133 1134 1135 1136 1137 1138 1139]] [76 [1140 1141 1142 1143 1144 1145 1146 1147 1148 1149 1150 1151 1152 1153 1154]] [77 [1155 1156 1157 1158 1159 1160 1161 1162 1163 1164 1165 1166 1167 1168 1169]] [78 [1170 1171 1172 1173 1174 1175 1176 1177 1178 1179 1180 1181 1182 1183 1184]] [79 [1185 1186 1187 1188 1189 1190 1191 1192 1193 1194 1195 1196 1197 1198 1199]] [80 [1200 1201 1202 1203 1204 1205 1206 1207 1208 1209 1210 1211 1212 1213 1214]] [81 [1215 1216 1217 1221 1223 1224 1226 1227 1228 1229]] [82 [1230 1231 1232 1233 1234 1235 1236 1237 1238 1239 1240 1241 1242 1243 1244]] [83 [1245 1246 1247 1248 1249 1250 1251 1252 1253 1254 1255 1256 1257 1258 1259]] [84 [1260 1261 1262 1263 1264 1265 1266 1267 1268 1269 1270 1271 1272 1273]] [85 [1275 1276 1277 1278 1279 1280 1281 1282 1283 1284 1285 1286 1287 1288]] [86 [1290 1291 1292 1293 1294 1295 1296 1297 1298 1299 1300 1301 1302 1303 1304]] [87 [1305 1306 1307 1308 1309 1310 1311 1312 1313 1314 1315 1316 1317 1318 1319]] [88 [1320 1321 1322 1323 1324 1325 1326 1327 1328 1329 1330 1331 1332 1333 1334]] [89 [1335 1336 1337 1338 1339 1340 1341 1342 1343 1344 1345 1346 1347 1348 1349]] [90 [1350 1351 1352 1353 1354 1355 1357 1359 1360 1361 1362 1363 1364]] [91 [1365 1366 1367 1368 1369 1370 1371 1372 1373 1374 1375 1376 1377 1378 1379]] [92 [1380 1381 1382 1383 1384 1385 1386 1387 1388 1389 1390 1391 1392 1393 1394]] [93 [1395 1396 1397 1398 1399 1400 1401 1402 1403 1404 1405 1406 1407 1408 1409]] [94 [1410 1411 1412 1413 1414 1415 1416 1417 1418 1419 1420 1421 1422 1423 1424]] [95 [1425 1427 1428 1429 1431 1432 1434 1437 1438 1439]] [96 [1440 1441 1442 1443 1444 1445 1446 1447 1448 1449 1450 1451 1452 1453 1454]] [97 [1457 1458 1459 1460 1462 1463 1465 1466 1467 1468 1469]] [98 [1470 1471 1472 1473 1474 1475 1476 1477 1478 1479 1480 1484]] [99 [1485 1486 1487 1488 1489 1490 1491 1492 1493 1494 1495 1496 1497 1498 1499]]]","[[0 [0 3 5 6 7 10 12 14]] [1 [15 17 19 20 21 24 26 29]] [2 [33 35 38 39 40 41 42 43]] [3 [45 47 48 49 50 52 58]] [4 [61 63 68 69 70 71 72]] [5 [75 79 80 81 82 83 85 88 89]] [6 [90 92 93 98 99 100 102 103]] [7 [105 106 110 113 114 115 118]] [8 [122 123 124 126 128 129 130 131 132 134]] [9 [136 137 138 139 142]] [10 [152 153 154 156 158 163 164]] [11 [167 169 173 175 176 179]] [12 [180 181 182 184 186 188 189 190 191 194]] [13 [197 199 200 202 203 205 209]] [14 [213 214 215 217 218 220 222 223]] [15 [225 227 228 232 235 236 238]] [16 [240 241 242 243 245 247 253]] [17 [256 257 258 261 262 264 265 268 269]] [18 [270 272 274 278 279 280 281 284]] [19 [286 290 291 292 293 295 296 298]] [20 [300 301 302 307 309 310 311 313 314]] [21 [315 316 318 320 321 322 323 325 327 329]] [22 [330 331 334 337 338 340 341 344]] [23 [345 347 348 349 351 353 354 357 358]] [24 [361 362 366 367 368 369 371 374]] [25 [376 379 380 383 387 389]] [26 [390 392 393 394 397 400 402 404]] [27 [407 409 410 412 413 418 419]] [28 [420 421 423 424 425 430 433]] [29 [438 439 440 441 442 447 448 449]] [30 [451 452 453 456 459 461 462]] [31 [465 466 467 468 469 470 474 475 479]] [32 [480 482 483 484 485 486 487 492]] [33 [495 496 497 498 501 504 505 509]] [34 [510 511 512 513 517 518 519 521]] [35 [525 528 529 530 533 534 537]] [36 [542 544 545 546 550 551]] [37 [555 556 557 558 561 565 566]] [38 [570 571 572 574 576 578 579 583 584]] [39 [585 586 589 591 593 596 598]] [40 [601 603 605 607 609 612 614]] [41 [616 617 618 619 621 622 624 626 628 629]] [42 [633 635 636 638 639 640 641 642 643 644]] [43 [646 647 648 652 653 657]] [44 [660 663 668 669]] [45 [678 679 680 684 685 687 688]] [46 [690 692 694 695 697 701 702 703 704]] [47 [706 708 712 715 716 717 718 719]] [48 [721 723 725 727 728 731 734]] [49 [735 736 739 747 748 749]] [50 [752 753 755 757 758 759 764]] [51 [767 769 770 771 772 776 777]] [52 [781 782 783 788 791 793 794]] [53 [795 796 797 799 800 804 806 807 808 809]] [54 [810 811 813 816 817 819 822]] [55 [828 829 830 834 835]] [56 [841 842 843 844 847 848 849 850 851 852]] [57 [856 857 858 861 864 868]] [58 [873 876 878 879 882 884]] [59 [885 886 887 889 892 896 898]] [60 [900 901 902 906 907 910 911 912]] [61 [915 916 917 918 919 922 923 925 927 929]] [62 [930 931 934 935 936 938 939 941]] [63 [948 949 954 955 957 958 959]] [64 [960 961 963 964 968 971 972]] [65 [976 978 980 981 982 983 987 988 989]] [66 [991 992 994 998 999 1000 1001 1004]] [67 [1007 1008 1011 1013 1017 1019]] [68 [1020 1022 1024 1025 1028 1032 1034]] [69 [1036 1037 1042 1043 1044 1046]] [70 [1050 1052 1054 1056 1058 1060 1063 1064]] [71 [1065 1067 1068 1070 1071 1073 1074 1075 1077]] [72 [1080 1081 1083 1084 1086 1087 1088 1093]] [73 [1095 1098 1100 1101 1103 1109]] [74 [1110 1112 1116 1117 1119 1122 1124]] [75 [1127 1129 1135 1137 1139]] [76 [1140 1141 1142 1144 1145 1148 1154]] [77 [1155 1156 1158 1160 1166 1167 1168 1169]] [78 [1170 1171 1172 1173 1175 1176 1177 1181 1183]] [79 [1187 1188 1189 1190 1191 1192 1197 1199]] [80 [1200 1203 1204 1206 1207 1212 1213]] [81 [1215 1216 1217 1221 1223 1224 1229]] [82 [1233 1234 1235 1236 1239 1240 1243]] [83 [1247 1248 1251 1253 1254 1255 1256]] [84 [1262 1263 1265 1266 1267 1270 1271 1273]] [85 [1275 1278 1279 1281 1283 1285 1287]] [86 [1290 1291 1292 1295 1297 1301 1302]] [87 [1306 1307 1308 1309 1311 1312 1313 1315]] [88 [1321 1322 1324 1326 1328 1330 1332 1333]] [89 [1335 1336 1339 1340 1341 1344 1346 1349]] [90 [1351 1355 1357 1359 1360 1361 1363]] [91 [1365 1368 1372 1373 1377 1379]] [92 [1382 1384 1387 1391 1392 1393]] [93 [1396 1397 1398 1400 1405 1406 1409]] [94 [1410 1412 1416 1417 1421 1424]] [95 [1425 1432 1434 1437 1438]] [96 [1441 1442 1443 1447 1448 1449 1451]] [97 [1457 1458 1460 1462 1463 1465 1467]] [98 [1472 1473 1476 1478 1479 1480 1484]] [99 [1487 1489 1493 1495 1496 1497 1499]]]",,"[[{media 52} [[""A"" [4 4 4 4 4 4 4 4 4 4]]]] [{media 53} [[""A"" [4 4 4 4 4 4 4 4 4 4]]]] [{media 54} [[""A"" [5 5 5 5 5 5 5 5 5 5]]]] [{media 57} [[""A"" [5 5 5 5 5 5 5 5 5 5]]]] [{media 59} [[""A"" [5 5 5 5 5 5 5 5 5 5]]]] [{media 60} [[""A"" [3 3 3 3 3 3 3 3 3 3]]]] [{media 61} [[""A"" [6 6 6 6 6 6 6 6 6 6]]]] [{media 62} [[""A"" [5 5 5 5 5 5 5 5 5 5]]]] [{media 51} [[""A"" [2 2 2 2 2 2 2 2 2 2]]]] [{citizen 4} [[""A"" [1 3 4 4 4 3 2 1 2 1]]]] [{citizen 5} [[""A"" [2 1 1 0 1 1 1 2 2 1]]]] [{citizen 8} [[""A"" [1 4 6 4 4 1 2 1 2 1]]]] [{citizen 13} [[""A"" [0 2 0 1 1 1 2 1 2 1]]]] [{media 50} [[""A"" [1 1 1 1 1 1 1 1 1 1]]]] [{media 63} [[""A"" [1 1 1 1 1 1 1 1 1 1]]]] [{media 58} [[""A"" [0 0 0 0 0 0 0 0 0 0]]]] [{citizen 3} [[""A"" [2 1 2 1 3 1 5 6 5 4]]]] [{media 56} [[""A"" [1 1 1 1 1 1 1 1 1 1]]]] [{citizen 1} [[""A"" [2 1 2 0 4 1 5 4 2 1]]]] [{media 55} [[""A"" [2 2 2 2 2 2 2 2 2 2]]]] [{media 64} [[""A"" [1 1 1 1 1 1 1 1 1 1]]]] [{citizen 37} [[""A"" [5 4 1 2 1 2 0 4 2 2]]]] [{citizen 7} [[""A"" [4 2 1 2 1 3 4 4 1 1]]]] [{citizen 24} [[""A"" [2 1 2 3 4 1 1 2 1 1]]]] [{citizen 10} [[""A"" [2 1 1 1 2 2 1 1 2 1]]]] [{citizen 48} [[""A"" [2 2 0 1 1 2 1 1 2 1]]]] [{citizen 6} [[""A"" [1 1 1 0 4 5 4 3 2 1]]]] [{citizen 32} [[""A"" [4 4 4 2 1 3 4 4 2 1]]]] [{citizen 38} [[""A"" [1 1 1 3 5 6 5 4 2 1]]]] [{citizen 43} [[""A"" [4 4 2 1 3 4 1 5 6 5]]]] [{citizen 39} [[""A"" [2 1 1 1 3 4 2 1 2 1]]]] [{citizen 49} [[""A"" [4 4 2 1 1 1 1 1 2 1]]]] [{citizen 17} [[""A"" [4 2 0 1 2 1 4 1 3 4]]]] [{citizen 12} [[""A"" [1 2 1 1 3 1 1 6 5 4]]]] [{citizen 40} [[""A"" [1 3 4 5 4 3 2 1 2 1]]]] [{citizen 33} [[""A"" [5 2 2 1 0 1 1 2 2 1]]]] [{citizen 2} [[""A"" [0 1 2 1 3 1 2 1 5 2]]]] [{citizen 11} [[""A"" [1 5 6 5 4 2 1 1 2 1]]]] [{citizen 15} [[""A"" [2 1 1 0 4 1 2 1 2 1]]]] [{citizen 25} [[""A"" [2 1 3 1 3 1 1 1 1 2]]]] [{citizen 28} [[""A"" [1 3 1 0 4 5 3 6 5 4]]]] [{citizen 31} [[""A"" [1 1 3 4 1 1 1 2 1 2]]]] [{citizen 35} [[""A"" [4 4 5 3 1 2 1 4 3 4]]]] [{citizen 36} [[""A"" [5 3 2 1 3 5 4 5 4 2]]]] [{citizen 42} [[""A"" [1 2 1 1 4 2 1 2 1 1]]]] [{citizen 20} [[""A"" [2 1 0 4 5 4 5 6 4 5]]]] [{citizen 34} [[""A"" [5 5 4 2 1 0 1 3 5 4]]]] [{citizen 27} [[""A"" [2 1 3 2 1 4 1 2 1 1]]]] [{citizen 30} [[""A"" [1 1 0 1 1 1 2 1 2 1]]]] [{citizen 29} [[""A"" [4 6 4 1 1 5 4 2 1 1]]]] [{citizen 44} [[""A"" [1 2 1 3 1 1 2 6 5 4]]]] [{citizen 16} [[""A"" [0 2 1 2 1 1 4 6 5 5]]]] [{citizen 9} [[""A"" [4 4 3 1 2 1 4 2 1 2]]]] [{citizen 18} [[""A"" [5 5 4 4 5 6 5 4 1 2]]]] [{citizen 23} [[""A"" [1 0 3 4 4 1 3 5 6 5]]]] [{citizen 14} [[""A"" [4 5 4 2 1 1 1 3 4 5]]]] [{citizen 0} [[""A"" [4 6 5 1 2 1 0 4 2 1]]]] [{citizen 45} [[""A"" [5 4 2 3 2 1 0 1 2 1]]]] [{citizen 21} [[""A"" [1 1 3 4 1 1 3 2 2 1]]]] [{citizen 22} [[""A"" [2 4 4 5 6 5 4 2 1 1]]]] [{citizen 19} [[""A"" [4 1 5 6 5 4 2 1 2 1]]]] [{citizen 41} [[""A"" [2 1 2 1 2 1 5 6 4 5]]]] [{citizen 47} [[""A"" [3 1 2 1 1 0 4 1 2 1]]]] [{citizen 46} [[""A"" [1 0 2 2 1 1 1 3 1 4]]]]]"
"27","[213 0 42]","33.75","6.058127499614841","8.350585621331744","""circle""","""""","9.9","{breed citizens}","false","0.5","1","""up""",,"[[""ID"" 27] [""alpha"" 1] [""beta"" 1] [""malleable"" [""A""]] [""prior"" []] [""cont_tokens"" []] [""A"" 1]]","[[0 [0 1 2 3 4 5 6 7 8 9 10 11 12 13 14]] [1 [16 18 20 21 22 23 24 25 27 28]] [2 [30 31 32 33 34 35 36 37 38 39 40 41 42 43 44]] [3 [45 46 47 48 49 50 51 52 53 54 55 56 57 58]] [4 [60 61 62 63 64 65 66 67 68 69 70 71 72 73 74]] [5 [75 76 77 78 79 80 81 82 83 84 85 86 87 88 89]] [6 [90 91 92 93 94 95 96 97 98 99 100 101 102 103 104]] [7 [105 106 107 108 109 110 111 112 113 114 115 116 117 118 119]] [8 [120 121 122 123 124 125 126 127 128 129 130 131 132 134]] [9 [136 137 138 139 142 145 146 147 149]] [10 [150 151 152 153 154 155 156 158 159 160 161 162 163 164]] [11 [166 167 169 170 171 172 173 174 175 176 177 178 179]] [12 [180 181 182 183 184 185 186 187 188 189 190 191 192 193 194]] [13 [195 196 197 198 199 200 201 202 203 204 205 206 207 208 209]] [14 [210 211 212 213 214 215 216 217 218 219 220 221 222 223 224]] [15 [225 226 227 228 229 230 231 232 233 234 235 236 237 238 239]] [16 [240 241 242 243 244 245 246 247 248 249 250 251 252 253 254]] [17 [255 256 257 258 259 260 261 262 263 264 265 266 267 268 269]] [18 [270 271 272 273 274 275 276 277 278 279 280 281 282 283 284]] [19 [285 286 287 288 289 290 291 292 293 294 295 296 297 298 299]] [20 [300 301 302 303 304 305 306 307 309 310 311 312 313 314]] [21 [315 316 317 318 319 320 321 322 323 324 325 326 327 328 329]] [22 [330 331 332 333 334 335 336 337 338 339 340 341 344]] [23 [345 346 347 348 349 350 351 352 353 354 355 356 357 358]] [24 [360 361 362 363 364 365 366 367 368 369 370 371 372 373 374]] [25 [375 376 377 378 379 380 381 382 383 384 385 386 387 388 389]] [26 [390 391 392 393 394 395 396 397 398 399 400 401 402 403 404]] [27 [405 406 407 408 409 410 411 412 413 414 415 416 417 418 419]] [28 [420 421 422 423 424 425 426 427 428 429 430 431 432 433 434]] [29 [435 436 437 438 439 440 441 442 443 444 445 446 447 448 449]] [30 [450 451 452 453 454 455 456 457 458 459 460 461 462 463 464]] [31 [465 466 467 468 469 470 471 472 473 474 475 476 477 478 479]] [32 [480 481 482 483 484 485 486 487 488 489 490 491 492 493 494]] [33 [495 496 497 498 499 501 502 503 504 505 506 507 508 509]] [34 [510 511 512 513 514 515 516 517 518 519 520 521 522 523 524]] [35 [525 526 527 528 529 530 531 532 533 534 535 536 537 538 539]] [36 [540 541 542 543 544 545 546 547 548 549 550 551 552 553 554]] [37 [555 556 557 558 559 560 561 562 563 564 565 566 567 568 569]] [38 [570 571 572 573 574 575 576 577 578 579 580 581 582 583 584]] [39 [585 586 587 588 589 590 591 592 593 594 595 596 597 598 599]] [40 [600 601 602 603 604 605 606 607 608 609 610 611 612 613 614]] [41 [615 616 617 618 619 620 621 622 624 625 626 627 628 629]] [42 [630 631 632 633 634 635 636 637 638 639 640 641 642 643 644]] [43 [645 646 647 648 649 650 651 652 653 654 655 656 657 658 659]] [44 [660 661 662 663 664 665 666 667 668 669 670 671 672 673 674]] [45 [675 676 677 678 679 680 681 682 683 684 685 686 687 688 689]] [46 [690 691 692 693 694 695 696 697 698 699 700 701 702 703 704]] [47 [705 706 707 708 709 710 711 712 713 714 715 716 717 718 719]] [48 [720 721 722 723 724 725 726 727 728 729 730 731 732 734]] [49 [735 736 737 738 739 740 741 742 743 744 745 746 747 748 749]] [50 [750 751 752 753 755 757 758 759 760 761 762 763 764]] [51 [765 766 767 768 769 770 771 772 773 774 775 776 777 778 779]] [52 [780 781 782 783 788 791 793 794]] [53 [795 796 797 798 799 800 801 802 803 804 805 806 807 808 809]] [54 [810 811 812 813 814 815 816 817 818 819 820 821 822 824]] [55 [826 827 828 829 830 831 832 833 834 835 836 837 838 839]] [56 [840 841 842 843 844 845 846 847 848 849 850 851 852 853 854]] [57 [855 856 857 858 859 860 861 862 863 864 865 866 867 868 869]] [58 [870 871 872 873 874 875 876 877 878 879 881 882 883 884]] [59 [885 886 887 888 889 890 891 892 893 894 895 896 897 898 899]] [60 [900 901 902 903 904 905 906 907 908 909 910 911 912 913 914]] [61 [915 916 917 918 919 920 921 922 923 924 925 926 927 928 929]] [62 [930 931 934 935 936 938 939 941]] [63 [948 949 951 954 955 957 958 959]] [64 [960 961 963 964 968 969 971 972]] [65 [975 976 977 978 980 981 982 983 984 985 986 987 988 989]] [66 [990 991 992 994 995 996 997 998 999 1000 1001 1002 1003 1004]] [67 [1005 1006 1007 1008 1009 1010 1011 1012 1013 1014 1015 1016 1017 1018 1019]] [68 [1020 1022 1024 1025 1026 1027 1028 1029 1030 1031 1032 1033 1034]] [69 [1035 1036 1037 1038 1039 1040 1041 1042 1043 1044 1045 1046 1047 1048 1049]] [70 [1050 1051 1052 1053 1054 1055 1056 1057 1058 1059 1060 1061 1062 1063 1064]] [71 [1065 1066 1067 1068 1069 1070 1071 1072 1073 1074 1075 1076 1077 1079]] [72 [1080 1081 1082 1083 1084 1086 1087 1088 1091 1093]] [73 [1095 1098 1099 1100 1101 1103 1107 1109]] [74 [1110 1111 1112 1113 1114 1115 1116 1117 1118 1119 1120 1122 1123 1124]] [75 [1125 1126 1127 1128 1129 1130 1131 1132 1133 1134 1135 1136 1137 1138 1139]] [76 [1140 1141 1142 1143 1144 1145 1146 1147 1148 1149 1150 1151 1152 1153 1154]] [77 [1155 1156 1157 1158 1159 1160 1161 1162 1163 1164 1165 1166 1167 1168 1169]] [78 [1170 1171 1172 1173 1174 1175 1176 1177 1178 1179 1180 1181 1182 1183 1184]] [79 [1185 1186 1187 1188 1189 1190 1191 1192 1193 1194 1195 1196 1197 1198 1199]] [80 [1200 1201 1202 1203 1204 1205 1206 1207 1208 1209 1210 1211 1212 1213 1214]] [81 [1215 1216 1217 1218 1219 1220 1221 1222 1223 1224 1225 1226 1227 1228 1229]] [82 [1230 1231 1232 1233 1234 1235 1236 1237 1238 1239 1240 1241 1242 1243 1244]] [83 [1245 1246 1247 1248 1249 1250 1251 1252 1253 1254 1255 1256 1257 1258 1259]] [84 [1260 1261 1262 1263 1264 1265 1266 1267 1268 1269 1270 1271 1272 1273]] [85 [1275 1276 1277 1278 1279 1280 1281 1282 1283 1284 1285 1286 1287 1288]] [86 [1290 1291 1292 1293 1294 1295 1296 1297 1298 1299 1300 1301 1302 1303 1304]] [87 [1305 1306 1307 1308 1309 1310 1311 1312 1313 1314 1315 1316 1317 1318 1319]] [88 [1320 1321 1322 1323 1324 1325 1326 1327 1328 1329 1330 1331 1332 1333 1334]] [89 [1335 1336 1337 1338 1339 1340 1341 1342 1343 1344 1345 1346 1347 1348 1349]] [90 [1350 1351 1352 1353 1354 1355 1357 1359 1360 1361 1362 1363 1364]] [91 [1365 1366 1367 1368 1369 1370 1371 1372 1373 1374 1375 1376 1377 1378 1379]] [92 [1380 1381 1382 1383 1384 1385 1386 1387 1388 1389 1390 1391 1392 1393 1394]] [93 [1395 1396 1397 1398 1399 1400 1401 1402 1403 1404 1405 1406 1407 1408 1409]] [94 [1410 1411 1412 1413 1414 1415 1416 1417 1418 1419 1420 1421 1422 1423 1424]] [95 [1425 1427 1428 1429 1431 1432 1434 1437 1438 1439]] [96 [1440 1441 1442 1443 1444 1445 1446 1447 1448 1449 1450 1451 1452 1453 1454]] [97 [1455 1456 1457 1458 1459 1460 1461 1462 1463 1464 1465 1466 1467 1468 1469]] [98 [1470 1471 1472 1473 1474 1475 1476 1477 1478 1479 1480 1484]] [99 [1485 1486 1487 1488 1489 1490 1491 1492 1493 1494 1495 1496 1497 1498 1499]]]","[[0 [0 3 4 8 9 11 13]] [1 [16 18 20 21 24]] [2 [33 35 38 39 40 41 42 43]] [3 [45 47 48 49 50 52 58]] [4 [61 63 68 69 70 71 72]] [5 [75 79 80 82 83 85 88 89]] [6 [90 92 93 100 102 103]] [7 [107 108 109 111 112 119]] [8 [120 121 125 128 129 130 132 134]] [9 [136 137 138 139 142 145 146 149]] [10 [151 154 156 158 163 164]] [11 [167 169 173 175 176 179]] [12 [180 181 182 183 185 187 192 193]] [13 [195 196 201 204 206 207 208]] [14 [210 211 212 214 215 217 218 220 222 223]] [15 [225 227 228 232 235 236 237 239]] [16 [242 243 245 247 253 254]] [17 [255 256 257 258 260 261 262 264 265 268 269]] [18 [270 272 273 275 276 277 281 284]] [19 [285 287 289 291 294 299]] [20 [302 307 310 311]] [21 [317 319 321 322 323 326 328]] [22 [332 333 335 336 339 341 344]] [23 [345 347 348 349 351 353 354 357 358]] [24 [362 366 367 371 374]] [25 [376 379 380 383 387 388 389]] [26 [390 393 394 395 396 397 400 402 404]] [27 [407 409 410 412 413 419]] [28 [420 421 423 424 425 426 428 429 431 432 434]] [29 [436 437 443 444 447 448 449]] [30 [451 452 453 456 459 461 462]] [31 [467 471 472 473 476 477 478]] [32 [481 484 487 492]] [33 [495 496 497 498 501 504 505 509]] [34 [510 511 512 513 520 523 524]] [35 [526 527 531 532 534 536 537]] [36 [542 544 545 546 547 550 551]] [37 [555 556 557 558 561 565 566]] [38 [570 571 572 574 576 580 581 582]] [39 [587 588 590 595 597 599]] [40 [600 604 606 608 609 611 613]] [41 [615 620 621 625 627]] [42 [630 631 632 634 637 643]] [43 [646 647 648 650 652 653 657]] [44 [660 663 670 671 672 673 674]] [45 [675 676 677 681 683 686 688]] [46 [691 693 696 698 699 700 704]] [47 [705 707 709 710 711 713 714 718]] [48 [720 722 724 726 729 730 731 732 734]] [49 [735 736 739 745 746 748 749]] [50 [752 753 755 757 758 759 764]] [51 [767 769 770 771 772 777]] [52 [781 782 783 788 791 793 794]] [53 [795 796 797 799 800 801 805 809]] [54 [814 815 818 820 821 822]] [55 [828 829 830 834 835]] [56 [841 842 843 844 849 850 851 852]] [57 [856 857 858 861 864 868 869]] [58 [872 873 876 878 881 882 884]] [59 [887 889 892 896 898]] [60 [900 908 909 910 911 912]] [61 [915 916 917 918 919 922 923 925 927 928 929]] [62 [930 931 934 935 936 938 939 941]] [63 [948 949 951 954 955 957 958 959]] [64 [960 961 963 964 968 971 972]] [65 [976 978 980 981 982 983 986 988 989]] [66 [991 992 994 998 999 1000 1001]] [67 [1005 1006 1009 1010 1011 1013 1019]] [68 [1020 1022 1024 1025 1026 1028 1032 1034]] [69 [1036 1037 1042 1043 1044 1046]] [70 [1051 1053 1055 1057 1059 1061 1062 1064]] [71 [1065 1067 1068 1070 1071 1073 1076 1077]] [72 [1081 1083 1084 1086 1087 1088 1093]] [73 [1095 1098 1099 1100 1101 1103 1107 1109]] [74 [1110 1113 1114 1115 1118 1119 1120 1122 1124]] [75 [1130 1131 1132 1133 1134 1136 1138]] [76 [1142 1146 1147 1149 1150 1151 1152]] [77 [1155 1157 1160 1162 1166 1167 1168 1169]] [78 [1170 1171 1172 1173 1175 1176 1178 1179 1180 1182 1184]] [79 [1185 1186 1193 1194 1195 1196 1198]] [80 [1201 1202 1205 1207 1212 1213]] [81 [1215 1216 1217 1221 1223 1224 1228 1229]] [82 [1233 1234 1235 1237 1238 1239 1242 1244]] [83 [1245 1246 1249 1250 1252 1254 1255 1256]] [84 [1262 1263 1265 1266 1267 1269 1272 1273]] [85 [1275 1278 1279 1281 1283 1285 1286]] [86 [1290 1291 1292 1295 1297 1301 1302]] [87 [1306 1308 1309 1311 1312 1313 1315]] [88 [1321 1322 1324 1326 1328 1331]] [89 [1335 1336 1339 1343 1344 1346 1349]] [90 [1351 1355 1357 1359 1360 1364]] [91 [1366 1367 1369 1370 1371 1376 1378]] [92 [1380 1381 1385 1386 1388 1389 1390 1391 1392 1393]] [93 [1396 1397 1398 1400 1405 1406]] [94 [1410 1412 1413 1415 1416 1417 1421 1424]] [95 [1427 1428 1429 1431 1432 1434 1437 1438]] [96 [1441 1442 1446 1449 1451]] [97 [1457 1459 1460 1462 1463 1465 1467]] [98 [1471 1473 1476 1477 1480 1484]] [99 [1487 1492 1493 1495 1496 1497 1499]]]",,"[[{media 52} [[""A"" [4 4 4 4 4 4 4 4 4 4]]]] [{media 53} [[""A"" [4 4 4 4 4 4 4 4 4 4]]]] [{media 54} [[""A"" [5 5 5 5 5 5 5 5 5 5]]]] [{media 57} [[""A"" [5 5 5 5 5 5 5 5 5 5]]]] [{media 59} [[""A"" [5 5 5 5 5 5 5 5 5 5]]]] [{media 61} [[""A"" [6 6 6 6 6 6 6 6 6 6]]]] [{media 62} [[""A"" [5 5 5 5 5 5 5 5 5 5]]]] [{media 51} [[""A"" [2 2 2 2 2 2 2 2 2 2]]]] [{citizen 4} [[""A"" [1 3 4 3 2 1 1 0 2 1]]]] [{citizen 5} [[""A"" [5 4 3 1 1 0 2 1 2 2]]]] [{citizen 6} [[""A"" [2 1 1 1 0 2 5 3 2 1]]]] [{media 50} [[""A"" [1 1 1 1 1 1 1 1 1 1]]]] [{media 60} [[""A"" [3 3 3 3 3 3 3 3 3 3]]]] [{media 63} [[""A"" [1 1 1 1 1 1 1 1 1 1]]]] [{citizen 1} [[""A"" [0 2 2 1 5 4 2 1 1 0]]]] [{media 58} [[""A"" [0 0 0 0 0 0 0 0 0 0]]]] [{citizen 3} [[""A"" [4 2 3 2 2 1 3 1 2 4]]]] [{media 56} [[""A"" [1 1 1 1 1 1 1 1 1 1]]]] [{media 55} [[""A"" [2 2 2 2 2 2 2 2 2 2]]]] [{media 64} [[""A"" [1 1 1 1 1 1 1 1 1 1]]]] [{citizen 41} [[""A"" [2 0 1 1 2 2 1 1 4 5]]]] [{citizen 17} [[""A"" [1 2 2 1 1 2 2 1 3 4]]]] [{citizen 12} [[""A"" [1 1 1 3 2 1 3 5 4 5]]]] [{citizen 29} [[""A"" [2 1 6 4 2 1 5 4 2 1]]]] [{citizen 14} [[""A"" [3 1 2 1 1 2 1 3 4 5]]]] [{citizen 31} [[""A"" [1 1 3 4 2 1 1 2 1 2]]]] [{citizen 13} [[""A"" [2 0 2 1 2 1 2 1 2 1]]]] [{citizen 25} [[""A"" [4 4 4 3 1 3 2 1 1 2]]]] [{citizen 20} [[""A"" [2 1 1 0 2 5 3 5 4 5]]]] [{citizen 8} [[""A"" [4 3 1 6 4 1 2 1 2 1]]]] [{citizen 23} [[""A"" [1 1 3 4 2 1 3 5 5 4]]]] [{citizen 16} [[""A"" [2 1 1 1 1 1 2 3 4 5]]]] [{citizen 34} [[""A"" [3 1 2 1 0 1 2 3 5 4]]]] [{citizen 42} [[""A"" [2 1 1 4 2 1 2 1 1 1]]]] [{citizen 11} [[""A"" [1 2 1 5 4 2 1 1 2 1]]]] [{citizen 33} [[""A"" [0 1 1 2 2 1 2 0 2 1]]]] [{citizen 7} [[""A"" [2 1 1 3 4 2 2 1 1 1]]]] [{citizen 15} [[""A"" [0 2 1 1 2 1 1 0 2 1]]]] [{citizen 36} [[""A"" [3 4 3 2 3 5 5 4 2 1]]]] [{citizen 45} [[""A"" [2 3 2 1 1 0 2 1 0 1]]]] [{citizen 24} [[""A"" [2 1 3 4 2 1 1 2 1 1]]]] [{citizen 28} [[""A"" [1 1 0 1 2 5 3 6 5 4]]]] [{citizen 40} [[""A"" [4 5 4 3 1 2 1 0 2 1]]]] [{citizen 43} [[""A"" [4 3 1 2 2 1 2 1 5 5]]]] [{citizen 18} [[""A"" [4 4 5 6 5 4 4 2 1 2]]]] [{citizen 19} [[""A"" [3 5 4 1 4 2 1 0 2 1]]]] [{citizen 2} [[""A"" [1 2 2 1 2 1 1 5 2 0]]]] [{citizen 10} [[""A"" [1 2 2 1 2 1 1 0 2 1]]]] [{citizen 44} [[""A"" [1 1 2 1 3 2 1 2 5 4]]]] [{citizen 22} [[""A"" [1 0 2 2 5 4 2 1 1 1]]]] [{citizen 21} [[""A"" [2 1 3 4 2 1 3 2 2 1]]]] [{citizen 49} [[""A"" [1 1 1 2 1 3 1 2 1 1]]]] [{citizen 0} [[""A"" [2 0 1 0 2 2 1 2 0 1]]]] [{citizen 9} [[""A"" [4 4 3 1 2 2 2 1 0 2]]]] [{citizen 48} [[""A"" [0 1 2 2 1 2 1 1 2 1]]]] [{citizen 35} [[""A"" [5 3 4 5 3 1 2 1 3 4]]]] [{citizen 30} [[""A"" [1 1 0 2 1 1 2 1 0 2]]]] [{citizen 38} [[""A"" [1 1 2 1 3 5 4 0 2 1]]]] [{citizen 39} [[""A"" [1 1 1 3 2 1 2 1 2 1]]]] [{citizen 37} [[""A"" [1 2 1 1 0 2 2 1 2 2]]]] [{citizen 32} [[""A"" [2 4 4 4 3 4 3 4 2 1]]]] [{citizen 26} [[""A"" [1 1 1 1 2 2 3 1 1 0]]]] [{citizen 47} [[""A"" [0 1 1 1 2 2 1 1 2 1]]]] [{citizen 46} [[""A"" [0 2 1 2 1 1 3 2 3 4]]]]]"
"28","[43 0 212]","130.3125","7.847871879090402","-6.5158319913012885","""circle""","""""","9.9","{breed citizens}","false","0.5","1","""up""",,"[[""ID"" 28] [""alpha"" 1] [""beta"" 1] [""malleable"" [""A""]] [""prior"" []] [""cont_tokens"" []] [""A"" 5]]","[[0 [0 1 2 3 4 5 6 7 8 9 10 11 12 13 14]] [1 [16 18 20 21 22 23 24 25 27 28]] [2 [30 31 32 33 34 35 36 37 38 39 40 41 42 43 44]] [3 [45 46 47 48 49 50 51 52 53 54 55 56 57 58]] [4 [60 61 62 63 64 65 66 67 68 69 70 71 72 73 74]] [5 [75 76 77 78 79 80 81 82 83 84 85 86 87 88 89]] [6 [90 91 92 93 94 95 96 97 98 99 100 101 102 103 104]] [7 [105 106 107 108 109 110 111 112 113 114 115 116 117 118 119]] [8 [120 121 122 123 124 125 126 127 128 129 130 131 132 133 134]] [9 [136 137 138 139 142 145 146 147 149]] [10 [150 151 152 153 154 155 156 158 159 160 161 162 163 164]] [11 [166 167 169 170 171 172 173 174 175 176 177 178 179]] [12 [180 181 182 183 184 185 186 187 188 189 190 191 192 193 194]] [13 [195 196 197 198 199 200 201 202 203 204 205 206 207 208 209]] [14 [210 211 212 213 214 215 216 217 218 219 220 221 222 223 224]] [15 [225 226 227 228 229 230 231 232 233 234 235 236 237 238 239]] [16 [240 241 242 243 244 245 246 247 248 249 250 251 252 253 254]] [17 [255 256 257 258 259 260 261 262 263 264 265 266 267 268 269]] [18 [270 271 272 273 274 275 276 277 278 279 280 281 282 283 284]] [19 [285 286 287 288 289 290 291 292 293 294 295 296 297 298 299]] [20 [300 301 302 303 304 305 306 307 308 309 310 311 312 313 314]] [21 [315 316 317 318 319 320 321 322 323 324 325 326 327 328 329]] [22 [330 331 332 333 334 335 336 337 338 339 340 341 342 343 344]] [23 [345 346 347 348 349 350 351 352 353 354 355 356 357 358 359]] [24 [360 361 362 366 367 368 369 371 374]] [25 [375 376 377 378 379 380 381 382 383 384 385 386 387 388 389]] [26 [390 391 392 393 394 395 396 397 398 399 400 401 402 403 404]] [27 [405 406 407 408 409 410 411 412 413 414 415 416 417 418 419]] [28 [420 421 422 423 424 425 426 427 428 429 430 431 432 433 434]] [29 [435 436 437 438 439 440 441 442 443 444 445 446 447 448 449]] [30 [450 451 452 453 454 455 456 457 458 459 460 461 462 463 464]] [31 [465 466 467 468 469 470 471 472 473 474 475 476 477 478 479]] [32 [480 481 482 483 484 485 486 487 488 489 490 491 492 493 494]] [33 [495 496 497 498 501 504 505 509]] [34 [510 511 512 513 514 515 516 517 518 519 520 521 522 523 524]] [35 [525 526 527 528 529 530 531 532 533 534 535 536 537 538 539]] [36 [540 541 542 543 544 545 546 547 548 549 550 551 552 553 554]] [37 [555 556 557 558 559 560 561 562 563 564 565 566 567 568 569]] [38 [570 571 572 573 574 575 576 577 578 579 580 581 582 583 584]] [39 [585 586 587 588 589 590 591 592 593 594 595 596 597 598 599]] [40 [600 601 602 603 604 605 606 607 608 609 610 611 612 613 614]] [41 [615 616 617 618 619 620 621 622 624 625 626 627 628 629]] [42 [630 631 632 633 634 635 636 637 638 639 640 641 642 643 644]] [43 [645 646 647 648 649 650 651 652 653 654 655 656 657 658 659]] [44 [660 661 662 663 664 665 666 667 668 669 670 671 672 673 674]] [45 [675 676 677 678 679 680 681 682 683 684 685 686 687 688 689]] [46 [690 691 692 693 694 695 696 697 698 699 700 701 702 703 704]] [47 [705 706 707 708 709 710 711 712 713 714 715 716 717 718 719]] [48 [720 721 722 723 724 725 726 727 728 729 730 731 732 734]] [49 [735 736 737 738 739 740 741 742 743 744 745 746 747 748 749]] [50 [750 751 752 753 755 757 758 759 760 761 762 763 764]] [51 [765 766 767 768 769 770 771 772 773 774 775 776 777 778 779]] [52 [780 781 782 783 784 785 786 787 788 789 790 791 792 793 794]] [53 [795 796 797 798 799 800 801 802 803 804 805 806 807 808 809]] [54 [810 811 812 813 814 815 816 817 818 819 820 821 822 824]] [55 [826 827 828 829 830 831 832 833 834 835 836 837 838 839]] [56 [840 841 842 843 844 845 846 847 848 849 850 851 852 853 854]] [57 [855 856 857 858 859 860 861 862 863 864 865 866 867 868 869]] [58 [870 871 872 873 874 875 876 877 878 879 881 882 883 884]] [59 [885 886 887 888 889 890 891 892 893 894 895 896 897 898 899]] [60 [900 901 902 903 904 905 906 907 908 909 910 911 912 913 914]] [61 [915 916 917 918 919 920 921 922 923 924 925 926 927 928 929]] [62 [930 931 934 935 936 938 939 941]] [63 [948 949 951 954 955 957 958 959]] [64 [960 961 963 964 968 969 971 972]] [65 [975 976 977 978 980 981 982 983 984 985 986 987 988 989]] [66 [990 991 992 994 995 996 997 998 999 1000 1001 1002 1003 1004]] [67 [1005 1006 1007 1008 1009 1010 1011 1012 1013 1014 1015 1016 1017 1018 1019]] [68 [1020 1022 1024 1025 1026 1027 1028 1029 1030 1031 1032 1033 1034]] [69 [1035 1036 1037 1038 1039 1040 1041 1042 1043 1044 1045 1046 1047 1048 1049]] [70 [1050 1051 1052 1053 1054 1055 1056 1057 1058 1059 1060 1061 1062 1063 1064]] [71 [1065 1066 1067 1068 1069 1070 1071 1072 1073 1074 1075 1076 1077 1079]] [72 [1080 1081 1082 1083 1084 1086 1087 1088 1091 1093]] [73 [1095 1098 1099 1100 1101 1103 1107 1109]] [74 [1110 1111 1112 1113 1114 1115 1116 1117 1118 1119 1120 1122 1123 1124]] [75 [1125 1126 1127 1128 1129 1130 1131 1132 1133 1134 1135 1136 1137 1138 1139]] [76 [1140 1141 1142 1143 1144 1145 1146 1147 1148 1149 1150 1151 1152 1153 1154]] [77 [1155 1156 1157 1158 1159 1160 1161 1162 1163 1164 1165 1166 1167 1168 1169]] [78 [1170 1171 1172 1173 1174 1175 1176 1177 1178 1179 1180 1181 1182 1183 1184]] [79 [1185 1186 1187 1188 1189 1190 1191 1192 1193 1194 1195 1196 1197 1198 1199]] [80 [1200 1201 1202 1203 1204 1205 1206 1207 1208 1209 1210 1211 1212 1213 1214]] [81 [1215 1216 1217 1218 1219 1220 1221 1222 1223 1224 1225 1226 1227 1228 1229]] [82 [1230 1231 1232 1233 1234 1235 1236 1237 1238 1239 1240 1241 1242 1243 1244]] [83 [1245 1246 1247 1248 1249 1250 1251 1252 1253 1254 1255 1256 1257 1258 1259]] [84 [1260 1261 1262 1263 1264 1265 1266 1267 1268 1269 1270 1271 1272 1273]] [85 [1275 1276 1277 1278 1279 1280 1281 1282 1283 1284 1285 1286 1287 1288]] [86 [1290 1291 1292 1293 1294 1295 1296 1297 1298 1299 1300 1301 1302 1303 1304]] [87 [1305 1306 1307 1308 1309 1310 1311 1312 1313 1314 1315 1316 1317 1318 1319]] [88 [1320 1321 1322 1323 1324 1325 1326 1327 1328 1329 1330 1331 1332 1333 1334]] [89 [1335 1336 1337 1338 1339 1340 1341 1342 1343 1344 1345 1346 1347 1348 1349]] [90 [1350 1351 1352 1353 1354 1355 1356 1357 1358 1359 1360 1361 1362 1363 1364]] [91 [1365 1366 1367 1368 1369 1370 1371 1372 1373 1374 1375 1376 1377 1378 1379]] [92 [1380 1381 1382 1383 1384 1385 1386 1387 1388 1389 1390 1391 1392 1393 1394]] [93 [1395 1396 1397 1398 1399 1400 1401 1402 1403 1404 1405 1406 1407 1408 1409]] [94 [1410 1411 1412 1413 1414 1415 1416 1417 1418 1419 1420 1421 1422 1423 1424]] [95 [1425 1427 1428 1429 1431 1432 1434 1437 1438 1439]] [96 [1440 1441 1442 1443 1444 1445 1446 1447 1448 1449 1450 1451 1452 1453 1454]] [97 [1457 1458 1459 1460 1462 1463 1465 1466 1467 1468 1469]] [98 [1470 1471 1472 1473 1474 1475 1476 1477 1478 1479 1480 1484]] [99 [1485 1486 1487 1488 1489 1490 1491 1492 1493 1494 1495 1496 1497 1498 1499]]]","[[0 [0 1 2 4 8 9 11]] [1 [16 18 20 21 24 25 27 28]] [2 [30 31 32 34 36 37 43]] [3 [45 46 47 48 49 50 52 58]] [4 [61 63 68 69 70 71 72]] [5 [75 79 80 82 83 85 88 89]] [6 [90 94 95 96 97 101 104]] [7 [105 106 109 111 112 119]] [8 [120 121 125 127 130 131 132 134]] [9 [136 137 138 139 142]] [10 [152 153 155 159 160 161 162 164]] [11 [167 172 174 178]] [12 [184 186 188 189 190 191 193]] [13 [195 196 201 204 206 207 208]] [14 [210 211 212 214 215 217 220 222 223]] [15 [225 227 228 229 230 231 233 234 237 239]] [16 [242 243 245 247 253]] [17 [256 257 258 263 266 267]] [18 [271 273 275 276 277 280 281]] [19 [285 287 288 289 291 292 293 295 296 297 299]] [20 [302 304 305 306 312 313 314]] [21 [315 316 318 320 324 327 329]] [22 [330 331 334 337 338 340]] [23 [345 347 348 349 351 353 354 357 358]] [24 [362 366 367 368 369 371 374]] [25 [376 379 380 383 387 388 389]] [26 [390 393 394 395 396 397 400 402 404]] [27 [407 410 412 413 418 419]] [28 [420 422 423 424 425 430 433]] [29 [438 439 440 441 442 444 447 448 449]] [30 [451 452 453 456 459 461 462]] [31 [466 467 468 469 470 474 475 479]] [32 [480 482 483 484 485 486 487 492]] [33 [495 496 497 498 501 504 505 509]] [34 [514 515 516 517 523 524]] [35 [526 527 531 532 533 534 536 539]] [36 [540 541 548 549 552 553 554]] [37 [559 560 563 567 568 569]] [38 [571 574 576 580 581 582]] [39 [587 588 590 592 594 595 597 599]] [40 [600 604 606 608 609 611 613]] [41 [615 620 621 626 628 629]] [42 [633 636 639 640 641 642]] [43 [645 650 652 653 657]] [44 [660 663 670 671 672 673 674]] [45 [675 676 677 681 682 683 686 687 688]] [46 [691 693 696 698 699 700 704]] [47 [706 708 712 715 716 717 718]] [48 [720 722 724 725 726 729 730 731 734]] [49 [735 736 739 747 748 749]] [50 [751 752 753 755 757 758 759 764]] [51 [767 769 770 771 773 774 775 778 779]] [52 [784 785 786 787 790 792 794]] [53 [795 796 797 799 800 804 806 807 808 809]] [54 [814 815 817 819 822]] [55 [827 828 829 834 835]] [56 [841 842 843 844 847 848 850 851 852]] [57 [856 857 858 861 862 864 868 869]] [58 [872 874 875 877 879 881 883 884]] [59 [887 889 892 896 898]] [60 [900 908 909 910 912]] [61 [915 917 918 919 922 923 925 927 928 929]] [62 [930 931 934 935 936 938 939 941]] [63 [948 949 954 955 958 959]] [64 [960 961 963 964 968 971 972]] [65 [976 978 980 981 982 983 984 986 988 989]] [66 [991 992 994 998 999 1000 1001]] [67 [1006 1009 1010 1011 1013 1017 1019]] [68 [1020 1022 1024 1025 1026 1027 1028 1032 1034]] [69 [1036 1037 1042 1043 1044 1046 1048]] [70 [1051 1053 1055 1057 1059 1060 1062 1064]] [71 [1065 1067 1068 1070 1071 1073 1074 1075 1076 1077]] [72 [1080 1081 1083 1084 1086 1087 1088 1093]] [73 [1095 1098 1100 1101 1103 1107 1109]] [74 [1110 1116 1117 1119 1122 1124]] [75 [1127 1128 1129 1135 1139]] [76 [1140 1141 1144 1145 1148 1150 1151 1152]] [77 [1155 1158 1159 1161 1163 1164 1165]] [78 [1174 1176 1177 1178 1179 1180 1182 1184]] [79 [1185 1186 1193 1194 1195 1196 1198]] [80 [1201 1202 1208 1209 1210 1211 1214]] [81 [1218 1219 1220 1222 1225 1226 1227 1228 1229]] [82 [1233 1234 1235 1236 1239 1244]] [83 [1245 1246 1248 1251 1253 1255 1256 1258]] [84 [1262 1263 1265 1266 1267 1269 1272 1273]] [85 [1275 1278 1279 1281 1283 1285 1287]] [86 [1290 1291 1292 1293 1294 1296 1298 1300 1303 1304]] [87 [1305 1310 1314 1316 1318 1319]] [88 [1320 1323 1325 1327 1329 1332 1333 1334]] [89 [1337 1338 1340 1341 1344 1346]] [90 [1350 1352 1353 1354 1355 1357 1359 1360 1361 1363]] [91 [1365 1368 1370 1372 1373 1375 1379]] [92 [1382 1383 1384 1387 1388 1389 1390 1394]] [93 [1395 1399 1402 1405 1406]] [94 [1410 1412 1415 1416 1417 1421 1424]] [95 [1425 1431 1432 1434 1437 1438]] [96 [1441 1442 1445 1446 1449 1451]] [97 [1457 1459 1460 1462 1463 1465 1467]] [98 [1472 1473 1476 1477]] [99 [1485 1487 1488 1490 1491 1492 1494]]]",,"[[{media 52} [[""A"" [4 4 4 4 4 4 4 4 4 4]]]] [{media 53} [[""A"" [4 4 4 4 4 4 4 4 4 4]]]] [{media 54} [[""A"" [5 5 5 5 5 5 5 5 5 5]]]] [{media 57} [[""A"" [5 5 5 5 5 5 5 5 5 5]]]] [{media 59} [[""A"" [5 5 5 5 5 5 5 5 5 5]]]] [{media 60} [[""A"" [3 3 3 3 3 3 3 3 3 3]]]] [{media 61} [[""A"" [6 6 6 6 6 6 6 6 6 6]]]] [{media 62} [[""A"" [5 5 5 5 5 5 5 5 5 5]]]] [{media 51} [[""A"" [2 2 2 2 2 2 2 2 2 2]]]] [{citizen 4} [[""A"" [1 1 1 4 4 3 2 1 0 1]]]] [{citizen 5} [[""A"" [5 4 1 1 1 2 1 2 1 2]]]] [{media 50} [[""A"" [1 1 1 1 1 1 1 1 1 1]]]] [{media 63} [[""A"" [1 1 1 1 1 1 1 1 1 1]]]] [{citizen 1} [[""A"" [1 1 2 4 2 1 5 1 1 0]]]] [{media 58} [[""A"" [0 0 0 0 0 0 0 0 0 0]]]] [{citizen 3} [[""A"" [2 2 2 1 1 1 2 2 5 5]]]] [{media 56} [[""A"" [1 1 1 1 1 1 1 1 1 1]]]] [{media 55} [[""A"" [2 2 2 2 2 2 2 2 2 2]]]] [{media 64} [[""A"" [1 1 1 1 1 1 1 1 1 1]]]] [{citizen 41} [[""A"" [1 1 2 2 2 1 1 6 2 5]]]] [{citizen 17} [[""A"" [0 1 2 2 1 1 2 2 1 3]]]] [{citizen 12} [[""A"" [0 2 1 1 1 2 1 1 2 5]]]] [{citizen 29} [[""A"" [5 4 3 2 1 6 2 5 2 1]]]] [{citizen 14} [[""A"" [5 3 1 2 1 2 2 1 3 5]]]] [{citizen 31} [[""A"" [2 2 1 1 1 4 2 1 2 1]]]] [{citizen 13} [[""A"" [2 0 2 1 1 2 1 2 1 1]]]] [{citizen 25} [[""A"" [5 4 3 1 3 1 1 2 1 2]]]] [{citizen 20} [[""A"" [2 1 1 1 2 4 5 5 4 5]]]] [{citizen 8} [[""A"" [0 4 4 5 6 4 2 1 1 1]]]] [{citizen 23} [[""A"" [2 1 1 4 2 2 3 5 5 5]]]] [{citizen 6} [[""A"" [1 2 1 1 1 2 5 3 2 1]]]] [{citizen 16} [[""A"" [2 2 1 2 1 1 1 2 2 5]]]] [{citizen 34} [[""A"" [4 3 2 1 2 2 2 3 5 5]]]] [{citizen 42} [[""A"" [1 1 1 4 2 1 2 1 1 1]]]] [{citizen 11} [[""A"" [5 4 2 1 2 1 5 2 1 1]]]] [{citizen 33} [[""A"" [0 2 1 1 2 1 2 1 1 1]]]] [{citizen 7} [[""A"" [1 2 1 4 2 2 1 1 1 1]]]] [{citizen 15} [[""A"" [1 1 2 2 1 1 2 1 2 1]]]] [{citizen 36} [[""A"" [3 4 5 4 3 2 5 5 5 1]]]] [{citizen 45} [[""A"" [5 3 2 2 1 0 2 1 0 1]]]] [{citizen 24} [[""A"" [2 1 1 4 2 1 2 1 1 1]]]] [{citizen 18} [[""A"" [4 5 4 4 5 6 5 4 2 5]]]] [{citizen 19} [[""A"" [1 1 1 5 4 4 2 5 2 1]]]] [{citizen 10} [[""A"" [1 2 1 1 2 1 2 1 1 1]]]] [{citizen 44} [[""A"" [2 4 3 1 2 1 2 1 2 5]]]] [{citizen 22} [[""A"" [0 2 1 2 4 2 5 5 1 1]]]] [{citizen 0} [[""A"" [5 4 1 2 0 1 2 2 1 0]]]] [{citizen 43} [[""A"" [1 1 2 2 1 2 1 5 5 5]]]] [{citizen 40} [[""A"" [1 4 5 3 1 2 1 0 2 1]]]] [{citizen 21} [[""A"" [3 2 2 1 4 2 1 1 2 1]]]] [{citizen 49} [[""A"" [2 1 1 1 2 1 2 1 1 1]]]] [{citizen 9} [[""A"" [3 1 2 2 4 2 1 2 1 0]]]] [{citizen 2} [[""A"" [1 2 1 1 1 5 2 2 1 0]]]] [{citizen 48} [[""A"" [2 2 2 2 2 1 1 1 2 1]]]] [{citizen 27} [[""A"" [2 1 3 2 2 1 1 4 2 1]]]] [{citizen 30} [[""A"" [1 1 1 0 2 1 1 2 2 1]]]] [{citizen 35} [[""A"" [5 4 3 4 5 3 1 2 1 3]]]] [{citizen 38} [[""A"" [2 1 1 2 1 3 5 1 0 1]]]] [{citizen 39} [[""A"" [2 1 1 1 2 2 1 2 1 1]]]] [{citizen 37} [[""A"" [2 2 1 1 2 4 2 1 2 1]]]] [{citizen 32} [[""A"" [4 2 4 4 5 2 4 2 1 1]]]] [{citizen 26} [[""A"" [1 2 1 1 1 2 2 1 1 0]]]] [{citizen 47} [[""A"" [2 1 1 1 2 2 1 1 2 1]]]] [{citizen 46} [[""A"" [1 0 2 1 2 1 1 1 2 5]]]]]"
"29","[213 0 42]","277.5","-9.641474394069078","1.527714259363544","""circle""","""""","9.9","{breed citizens}","false","0.5","1","""up""",,"[[""ID"" 29] [""alpha"" 1] [""beta"" 1] [""malleable"" [""A""]] [""prior"" []] [""cont_tokens"" []] [""A"" 1]]","[[0 [0 1 2 3 4 5 6 7 8 9 10 11 12 13 14]] [1 [16 18 20 21 22 23 24 25 27 28]] [2 [30 31 32 33 34 35 36 37 38 39 40 41 42 43 44]] [3 [45 46 47 48 49 50 51 52 53 54 55 56 57 58]] [4 [60 61 62 63 64 65 66 67 68 69 70 71 72 73 74]] [5 [75 76 77 78 79 80 81 82 83 84 85 86 87 88 89]] [6 [90 91 92 93 94 95 96 97 98 99 100 101 102 103 104]] [7 [105 106 107 108 109 110 111 112 113 114 115 116 117 118 119]] [8 [120 121 122 123 124 125 126 127 128 129 130 131 132 133 134]] [9 [135 136 137 138 139 140 141 142 143 144 145 146 147 149]] [10 [150 151 152 153 154 155 156 158 159 160 161 162 163 164]] [11 [166 167 169 170 171 172 173 174 175 176 177 178 179]] [12 [180 181 182 183 184 185 186 187 188 189 190 191 192 193 194]] [13 [195 196 197 198 199 200 201 202 203 204 205 206 207 208 209]] [14 [210 211 212 213 214 215 216 217 218 219 220 221 222 223 224]] [15 [225 226 227 228 229 230 231 232 233 234 235 236 237 238 239]] [16 [240 241 242 243 244 245 246 247 248 249 250 251 252 253 254]] [17 [255 256 257 258 259 260 261 262 263 264 265 266 267 268 269]] [18 [270 272 273 274 275 276 277 278 279 280 281 282 283 284]] [19 [285 286 287 288 289 290 291 292 293 294 295 296 297 298 299]] [20 [300 301 302 303 304 305 306 307 308 309 310 311 312 313 314]] [21 [315 316 317 318 319 320 321 322 323 324 325 326 327 328 329]] [22 [330 331 332 333 334 335 336 337 338 339 340 341 342 343 344]] [23 [345 346 347 348 349 350 351 352 353 354 355 356 357 358]] [24 [360 361 362 363 364 365 366 367 368 369 370 371 372 373 374]] [25 [375 376 377 378 379 380 381 382 383 384 385 386 387 388 389]] [26 [390 391 392 393 394 395 396 397 398 399 400 401 402 403 404]] [27 [405 406 407 408 409 410 411 412 413 414 415 416 417 418 419]] [28 [420 421 422 423 424 425 426 427 428 429 430 431 432 433 434]] [29 [435 436 437 438 439 440 441 442 443 444 445 446 447 448 449]] [30 [450 451 452 453 454 455 456 457 458 459 461 462 463 464]] [31 [465 466 467 468 469 470 471 472 473 474 475 476 477 478 479]] [32 [480 482 483 484 485 486 487 488 489 490 491 492 493 494]] [33 [495 496 497 498 501 504 505 509]] [34 [510 511 512 513 514 515 516 517 518 519 520 521 522 523 524]] [35 [525 526 527 528 529 530 531 532 533 534 535 536 537 538 539]] [36 [540 541 542 543 544 545 546 547 548 549 550 551 552 553 554]] [37 [555 556 557 558 559 560 561 562 563 564 565 566 567 568 569]] [38 [570 571 572 573 574 575 576 577 578 579 580 581 582 583 584]] [39 [585 586 587 588 589 590 591 592 593 594 595 596 597 598 599]] [40 [600 601 602 603 604 605 606 607 608 609 610 611 612 613 614]] [41 [615 616 617 618 619 620 621 622 624 625 626 627 628 629]] [42 [630 631 632 633 634 635 636 637 638 639 640 641 642 643 644]] [43 [645 646 647 648 649 650 651 652 653 654 655 656 657 658 659]] [44 [660 661 662 663 664 665 666 667 668 669 670 671 672 673 674]] [45 [675 676 677 678 679 680 681 682 683 684 685 686 687 688 689]] [46 [690 691 692 693 694 695 696 697 698 699 700 701 702 703 704]] [47 [705 706 707 708 709 710 711 712 713 714 715 716 717 718 719]] [48 [720 721 722 723 724 725 726 727 728 729 730 731 732 734]] [49 [735 736 737 738 739 740 741 742 743 744 745 746 747 748 749]] [50 [750 751 752 753 755 757 758 759 760 761 762 763 764]] [51 [765 766 767 768 769 770 771 772 773 774 775 776 777 778 779]] [52 [780 781 782 783 784 785 786 787 788 789 790 791 792 793 794]] [53 [795 796 797 798 799 800 801 802 803 804 805 806 807 808 809]] [54 [810 811 812 813 814 815 816 817 818 819 820 821 822 824]] [55 [826 827 828 829 830 831 832 833 834 835 836 837 838 839]] [56 [840 841 842 843 844 845 846 847 848 849 850 851 852 853 854]] [57 [855 856 857 858 859 860 861 862 863 864 865 866 867 868 869]] [58 [870 871 872 873 874 875 876 877 878 879 881 882 883 884]] [59 [885 886 887 888 889 890 891 892 893 894 895 896 897 898 899]] [60 [900 901 902 903 904 905 906 907 908 909 910 911 912 913 914]] [61 [915 916 917 918 919 922 923 925 927 928 929]] [62 [930 931 934 935 936 938 939 941]] [63 [948 949 951 954 955 957 958 959]] [64 [960 961 963 964 968 969 971 972]] [65 [975 976 977 978 980 981 982 983 984 985 986 987 988 989]] [66 [990 991 992 993 994 995 996 997 998 999 1000 1001 1002 1003 1004]] [67 [1005 1006 1007 1008 1009 1010 1011 1012 1013 1014 1015 1016 1017 1018 1019]] [68 [1020 1022 1024 1025 1026 1027 1028 1029 1030 1031 1032 1033 1034]] [69 [1035 1036 1037 1038 1039 1040 1041 1042 1043 1044 1045 1046 1047 1048 1049]] [70 [1050 1051 1052 1053 1054 1055 1056 1057 1058 1059 1060 1061 1062 1063 1064]] [71 [1065 1066 1067 1068 1069 1070 1071 1072 1073 1074 1075 1076 1077 1079]] [72 [1080 1081 1082 1083 1084 1086 1087 1088 1091 1093]] [73 [1095 1098 1099 1100 1101 1103 1107 1109]] [74 [1110 1111 1112 1113 1114 1115 1116 1117 1118 1119 1120 1122 1123 1124]] [75 [1125 1126 1127 1128 1129 1130 1131 1132 1133 1134 1135 1136 1137 1138 1139]] [76 [1140 1141 1142 1143 1144 1145 1146 1147 1148 1149 1150 1151 1152 1153 1154]] [77 [1155 1156 1157 1158 1159 1160 1161 1162 1163 1164 1165 1166 1167 1168 1169]] [78 [1170 1171 1172 1173 1174 1175 1176 1177 1178 1179 1180 1181 1182 1183 1184]] [79 [1185 1186 1187 1188 1189 1190 1191 1192 1193 1194 1195 1196 1197 1198 1199]] [80 [1200 1201 1202 1203 1204 1205 1206 1207 1208 1209 1210 1211 1212 1213 1214]] [81 [1215 1216 1217 1218 1219 1220 1221 1222 1223 1224 1225 1226 1227 1228 1229]] [82 [1230 1231 1232 1233 1234 1235 1236 1237 1238 1239 1240 1241 1242 1243 1244]] [83 [1245 1246 1247 1248 1249 1250 1251 1252 1253 1254 1255 1256 1257 1258 1259]] [84 [1260 1261 1262 1263 1264 1265 1266 1267 1268 1269 1270 1271 1272 1273]] [85 [1275 1276 1277 1278 1279 1280 1281 1282 1283 1284 1285 1286 1287 1288]] [86 [1290 1291 1292 1293 1294 1295 1296 1297 1298 1299 1300 1301 1302 1303 1304]] [87 [1305 1306 1307 1308 1309 1310 1311 1312 1313 1314 1315 1316 1317 1318 1319]] [88 [1320 1321 1322 1323 1324 1325 1326 1327 1328 1329 1330 1331 1332 1333 1334]] [89 [1335 1336 1337 1338 1339 1340 1341 1342 1343 1344 1345 1346 1347 1348 1349]] [90 [1350 1351 1352 1353 1354 1355 1356 1357 1358 1359 1360 1361 1362 1363 1364]] [91 [1365 1366 1367 1368 1369 1370 1371 1372 1373 1374 1375 1376 1377 1378 1379]] [92 [1380 1381 1382 1383 1384 1385 1386 1387 1388 1389 1390 1391 1392 1393 1394]] [93 [1395 1396 1397 1398 1399 1400 1401 1402 1403 1404 1405 1406 1407 1408 1409]] [94 [1410 1411 1412 1413 1415 1416 1417 1421 1424]] [95 [1425 1427 1428 1429 1431 1432 1434 1437 1438 1439]] [96 [1441 1442 1443 1444 1445 1446 1447 1448 1449 1450 1451 1452 1453 1454]] [97 [1455 1456 1457 1458 1459 1460 1461 1462 1463 1464 1465 1466 1467 1468 1469]] [98 [1470 1471 1472 1473 1474 1475 1476 1477 1478 1479 1480 1481 1482 1483 1484]] [99 [1485 1486 1487 1488 1489 1490 1491 1492 1493 1494 1495 1496 1497 1498 1499]]]","[[0 [0 1 2 4 8 9 11 13]] [1 [16 18 20 21 23 25 27 28]] [2 [30 31 32 34 36 37 44]] [3 [45 47 48 49 50 52]] [4 [62 64 66 67 73 74]] [5 [76 77 78 84 86 87 89]] [6 [90 92 93 100 102 103]] [7 [105 106 110 113 114 115 116 118]] [8 [122 123 124 126 128 129 130 131 132 134]] [9 [136 137 138 139 142]] [10 [152 153 155 159 160 161 162 164]] [11 [166 169 173 175 176 179]] [12 [180 181 183 185 187 192 193]] [13 [195 196 198 201 204 206 207 208]] [14 [210 211 212 214 215 217 220 222 223]] [15 [225 227 228 232 235 236 238]] [16 [240 241 242 243 245 246 247]] [17 [259 261 262 264 265 268 269]] [18 [270 272 273 275 276 277 280 281]] [19 [285 287 288 289 291 294 299]] [20 [302 307 309 310 311]] [21 [317 319 320 324 327 329]] [22 [330 331 334 337 338 340 341 344]] [23 [345 347 348 349 351 354 357 358]] [24 [362 366 367 368 371 374]] [25 [376 379 380 383 385 386]] [26 [391 392 394 395 396 397 400 402 404]] [27 [405 407 410 412 413 418]] [28 [420 421 422 423 424 425 426 428 429 431 432 434]] [29 [435 438 439 440 445 446]] [30 [450 454 455 457 458]] [31 [469 470 474 475 479]] [32 [480 482 483 484 485 486 487 492]] [33 [496 497 498 501 504 505]] [34 [510 511 512 513 520 523 524]] [35 [526 527 531 532 533 534 536 537]] [36 [542 544 545 546 547 550 551]] [37 [555 556 557 558 559 560 562 563 564 567 568 569]] [38 [570 571 572 574 576 580 581 582]] [39 [588 590 592 594 595 597 599]] [40 [600 604 606 608 609 611 613]] [41 [615 620 621 626 628 629]] [42 [633 636 638 641 642]] [43 [645 649 650 652 653 657]] [44 [660 663 668 670 671 672 673 674]] [45 [675 676 677 681 682 683 686]] [46 [692 694 695 697 702 703 704]] [47 [706 708 712 715 716 717 718]] [48 [722 724 725 726 729 730]] [49 [736 745 746 747 748 749]] [50 [751 752 753 755 760 761 762 763]] [51 [765 766 767 769 770 771 773 774 775 778 779]] [52 [784 785 786 787 790 792 794]] [53 [795 796 797 799 800 804 805 808 809]] [54 [813 816 817 819 822]] [55 [828 829 830 834 835]] [56 [841 842 843 844 847 848 850 851 852]] [57 [856 857 858 861 862 864 868 869]] [58 [871 872 874 875 877 882 884]] [59 [890 891 893 894 895 897]] [60 [902 906 907 913 914]] [61 [919 922 923 925 927 928 929]] [62 [930 931 934 935 936 938 939 941]] [63 [948 949 954 955 957 958 959]] [64 [960 961 963 964 968 971 972]] [65 [976 978 980 981 982 983 987]] [66 [990 992 994 998 999 1000 1001]] [67 [1005 1006 1009 1010 1011 1013 1017 1019]] [68 [1020 1022 1024 1025 1028 1032 1034]] [69 [1036 1037 1042 1043 1044 1046 1048]] [70 [1051 1053 1055 1057 1059 1061 1062 1064]] [71 [1065 1067 1068 1070 1071 1073 1076 1077]] [72 [1081 1083 1084 1086 1087 1088 1093]] [73 [1095 1098 1100 1101 1103 1107 1109]] [74 [1110 1112 1116 1117 1119 1124]] [75 [1127 1128 1129 1135 1137 1139]] [76 [1140 1143 1145 1148 1150 1151 1152]] [77 [1155 1156 1159 1161 1163 1164 1165]] [78 [1174 1175 1176 1177 1181 1183]] [79 [1187 1188 1189 1196 1198]] [80 [1201 1202 1205 1206 1207 1212 1213]] [81 [1215 1216 1217 1221 1223 1224 1229]] [82 [1231 1233 1234 1235 1236 1239 1240 1243]] [83 [1247 1248 1251 1253 1254 1255 1256]] [84 [1262 1263 1265 1266 1267 1269 1272 1273]] [85 [1275 1278 1279 1281 1283 1285 1286 1287]] [86 [1290 1291 1292 1295 1297 1301 1302]] [87 [1307 1308 1309 1311 1312 1313 1315]] [88 [1321 1322 1324 1326 1328 1331 1333 1334]] [89 [1337 1338 1340 1341 1343 1344 1346 1348]] [90 [1350 1352 1353 1354 1355 1357 1359 1360 1361 1363]] [91 [1365 1368 1370 1371 1374 1376 1378]] [92 [1380 1381 1385 1386 1388 1389 1390 1394]] [93 [1395 1399 1401 1402 1403 1404 1407 1408]] [94 [1411 1413 1415 1416 1417 1421 1424]] [95 [1427 1428 1429 1431 1432 1434 1437 1438]] [96 [1441 1444 1445 1446 1448 1449 1451]] [97 [1457 1459 1460 1462 1463 1465 1466 1468 1469]] [98 [1470 1474 1475 1476 1477 1478 1479 1480 1484]] [99 [1487 1491 1492 1493 1495 1496 1497 1499]]]",,"[[{media 52} [[""A"" [4 4 4 4 4 4 4 4 4 4]]]] [{media 53} [[""A"" [4 4 4 4 4 4 4 4 4 4]]]] [{media 54} [[""A"" [5 5 5 5 5 5 5 5 5 5]]]] [{media 57} [[""A"" [5 5 5 5 5 5 5 5 5 5]]]] [{media 59} [[""A"" [5 5 5 5 5 5 5 5 5 5]]]] [{media 60} [[""A"" [3 3 3 3 3 3 3 3 3 3]]]] [{media 61} [[""A"" [6 6 6 6 6 6 6 6 6 6]]]] [{media 62} [[""A"" [5 5 5 5 5 5 5 5 5 5]]]] [{media 51} [[""A"" [2 2 2 2 2 2 2 2 2 2]]]] [{citizen 4} [[""A"" [1 3 4 4 3 1 1 0 2 1]]]] [{citizen 5} [[""A"" [5 4 1 0 1 2 1 1 1 2]]]] [{media 50} [[""A"" [1 1 1 1 1 1 1 1 1 1]]]] [{citizen 6} [[""A"" [2 1 0 2 4 5 3 1 0 1]]]] [{citizen 7} [[""A"" [1 1 3 4 2 4 2 1 1 1]]]] [{citizen 14} [[""A"" [5 1 2 1 1 2 1 3 4 5]]]] [{media 63} [[""A"" [1 1 1 1 1 1 1 1 1 1]]]] [{citizen 12} [[""A"" [1 2 1 3 2 1 1 3 4 5]]]] [{citizen 16} [[""A"" [2 1 2 1 1 1 2 3 6 5]]]] [{media 58} [[""A"" [0 0 0 0 0 0 0 0 0 0]]]] [{citizen 3} [[""A"" [3 4 2 2 2 3 1 2 4 5]]]] [{media 56} [[""A"" [1 1 1 1 1 1 1 1 1 1]]]] [{citizen 1} [[""A"" [0 1 2 4 2 1 5 4 1 0]]]] [{media 55} [[""A"" [2 2 2 2 2 2 2 2 2 2]]]] [{media 64} [[""A"" [1 1 1 1 1 1 1 1 1 1]]]] [{citizen 41} [[""A"" [2 3 2 1 2 1 5 4 4 5]]]] [{citizen 17} [[""A"" [2 2 1 1 2 4 2 1 3 4]]]] [{citizen 45} [[""A"" [2 1 1 0 1 1 1 1 0 1]]]] [{citizen 24} [[""A"" [1 3 4 2 1 1 1 1 0 1]]]] [{citizen 31} [[""A"" [1 3 4 2 1 1 1 1 0 2]]]] [{citizen 28} [[""A"" [1 2 1 0 1 2 4 3 6 4]]]] [{citizen 34} [[""A"" [2 0 1 2 1 1 3 5 4 5]]]] [{citizen 40} [[""A"" [4 5 4 3 1 2 1 0 2 1]]]] [{citizen 23} [[""A"" [1 2 1 3 4 2 4 3 5 5]]]] [{citizen 43} [[""A"" [1 2 3 1 1 1 2 1 6 5]]]] [{citizen 10} [[""A"" [1 2 1 1 2 1 1 0 2 1]]]] [{citizen 21} [[""A"" [1 3 5 4 2 1 1 3 1 1]]]] [{citizen 25} [[""A"" [3 1 3 3 1 1 2 1 1 0]]]] [{citizen 20} [[""A"" [2 1 0 2 4 5 3 5 4 5]]]] [{citizen 19} [[""A"" [5 4 4 1 6 4 1 0 2 1]]]] [{citizen 27} [[""A"" [2 1 3 1 2 4 3 1 0 1]]]] [{citizen 0} [[""A"" [4 1 2 1 0 2 2 1 0 1]]]] [{citizen 18} [[""A"" [5 5 5 4 4 5 5 4 1 5]]]] [{citizen 42} [[""A"" [1 2 1 4 2 1 1 1 0 1]]]] [{citizen 2} [[""A"" [2 3 2 1 2 1 5 1 1 0]]]] [{citizen 13} [[""A"" [2 1 2 1 1 1 1 1 2 1]]]] [{citizen 36} [[""A"" [4 5 3 2 3 5 5 4 1 0]]]] [{citizen 8} [[""A"" [5 4 4 3 6 4 4 1 2 1]]]] [{citizen 33} [[""A"" [1 2 1 1 2 1 1 0 2 1]]]] [{citizen 44} [[""A"" [1 2 1 3 1 2 1 1 2 4]]]] [{citizen 22} [[""A"" [1 2 4 2 6 5 4 1 0 1]]]] [{citizen 11} [[""A"" [1 1 2 1 3 6 4 1 2 1]]]] [{citizen 49} [[""A"" [4 2 1 1 2 1 3 1 1 0]]]] [{citizen 9} [[""A"" [3 1 2 1 2 4 1 1 0 2]]]] [{citizen 48} [[""A"" [2 1 1 2 3 1 1 1 2 1]]]] [{citizen 15} [[""A"" [0 1 2 4 1 1 1 0 2 1]]]] [{citizen 30} [[""A"" [1 0 2 1 1 1 1 1 0 2]]]] [{citizen 39} [[""A"" [1 2 1 3 2 4 1 0 2 1]]]] [{citizen 35} [[""A"" [4 5 3 1 2 1 1 4 3 4]]]] [{citizen 38} [[""A"" [1 1 1 3 6 4 1 0 2 1]]]] [{citizen 37} [[""A"" [1 2 1 0 2 4 2 1 1 2]]]] [{citizen 32} [[""A"" [4 5 1 3 4 3 4 1 1 0]]]] [{citizen 26} [[""A"" [2 1 1 2 1 2 3 1 1 0]]]] [{citizen 47} [[""A"" [2 1 2 1 2 4 2 1 1 1]]]] [{citizen 46} [[""A"" [2 1 2 1 3 2 1 1 3 4]]]]]"
"30","[213 0 42]","311.25","-4.230284804818973","3.356605615139818","""circle""","""""","9.9","{breed citizens}","false","0.5","1","""up""",,"[[""ID"" 30] [""alpha"" 1] [""beta"" 1] [""malleable"" [""A""]] [""prior"" []] [""cont_tokens"" []] [""A"" 1]]","[[0 [0 1 2 3 4 5 6 7 8 9 10 11 12 13 14]] [1 [15 17 19 20 21 23 24 25 26 27 28 29]] [2 [30 31 32 33 34 35 36 37 38 39 40 41 42 43 44]] [3 [45 46 47 48 49 50 51 52 53 54 55 56 57 58]] [4 [60 61 62 63 64 65 66 67 68 69 70 71 72 73 74]] [5 [75 76 77 78 79 80 81 82 83 84 85 86 87 88 89]] [6 [90 91 92 93 94 95 96 97 98 99 100 101 102 103 104]] [7 [105 106 107 108 109 110 111 112 113 114 115 116 117 118 119]] [8 [120 121 122 123 124 125 126 127 128 129 130 131 132 133 134]] [9 [136 137 138 139 142 145 146 147 149]] [10 [150 151 152 153 154 155 156 158 159 160 161 162 163 164]] [11 [166 167 169 170 171 172 173 174 175 176 177 178 179]] [12 [180 181 182 183 184 185 186 187 188 189 190 191 192 193 194]] [13 [195 196 197 198 199 200 201 202 203 204 205 206 207 208 209]] [14 [210 211 212 213 214 215 216 217 218 219 220 221 222 223 224]] [15 [225 227 228 229 230 231 232 233 234 235 236 237 238 239]] [16 [240 241 242 243 244 245 246 247 248 249 250 251 252 253 254]] [17 [255 256 257 258 259 260 261 262 263 264 265 266 267 268 269]] [18 [270 271 272 273 274 275 276 277 278 279 280 281 282 283 284]] [19 [285 286 287 288 289 290 291 292 293 294 295 296 297 298 299]] [20 [300 301 302 303 304 305 306 307 308 309 310 311 312 313 314]] [21 [315 316 317 318 319 320 321 322 323 324 325 326 327 328 329]] [22 [330 331 332 333 334 335 336 337 338 339 340 341 343 344]] [23 [345 346 347 348 349 350 351 352 353 354 355 356 357 358 359]] [24 [360 361 362 366 367 368 369 371 374]] [25 [375 376 377 378 379 380 381 382 383 384 385 386 387 388 389]] [26 [390 391 392 393 394 395 396 397 398 399 400 401 402 403 404]] [27 [405 406 407 408 409 410 411 412 413 414 415 416 417 418 419]] [28 [420 421 422 423 424 425 426 427 428 429 430 431 432 433 434]] [29 [435 436 437 438 439 440 441 442 443 444 445 446 447 448 449]] [30 [450 451 452 453 454 455 456 457 458 459 460 461 462 463 464]] [31 [465 466 467 468 469 470 471 472 473 474 475 476 477 478 479]] [32 [480 481 482 483 484 485 486 487 488 489 490 491 492 493 494]] [33 [495 496 497 498 499 501 502 503 504 505 506 507 508 509]] [34 [510 511 512 513 514 515 516 517 518 519 520 521 522 523 524]] [35 [525 526 527 528 529 530 531 532 533 534 535 536 537 538 539]] [36 [540 541 542 543 544 545 546 547 548 549 550 551 552 553 554]] [37 [555 556 557 558 559 560 561 562 563 564 565 566 567 568 569]] [38 [570 571 572 573 574 575 576 577 578 579 580 581 582 583 584]] [39 [585 586 587 588 589 590 591 592 593 594 595 596 597 598 599]] [40 [600 601 602 603 604 605 606 607 608 609 610 611 612 613 614]] [41 [615 616 617 618 619 620 621 622 623 624 625 626 627 628 629]] [42 [630 631 632 633 634 635 636 637 638 639 640 641 642 643 644]] [43 [645 646 647 648 649 650 651 652 653 654 655 656 657 658 659]] [44 [660 661 662 663 664 665 666 667 668 669 670 671 672 673 674]] [45 [675 676 677 678 679 680 681 682 683 684 685 686 687 688 689]] [46 [690 691 692 693 694 695 696 697 698 699 700 701 702 703 704]] [47 [705 706 707 708 709 710 711 712 713 714 715 716 717 718 719]] [48 [720 721 722 723 724 725 726 727 728 729 730 731 732 734]] [49 [735 736 737 738 739 740 741 742 743 744 745 746 747 748 749]] [50 [750 751 752 753 755 757 758 759 760 761 762 763 764]] [51 [765 766 767 768 769 770 771 772 773 774 775 776 777 778 779]] [52 [780 781 782 783 784 785 786 787 788 789 790 791 792 793 794]] [53 [795 796 797 798 799 800 801 802 803 804 805 806 807 808 809]] [54 [810 811 812 813 814 815 816 817 818 819 820 821 822 824]] [55 [826 827 828 829 830 831 832 833 834 835 836 837 838 839]] [56 [840 841 842 843 844 845 846 847 848 849 850 851 852 853 854]] [57 [855 856 857 858 859 860 861 862 863 864 865 866 867 868 869]] [58 [870 871 872 873 874 875 876 877 878 879 881 882 883 884]] [59 [885 886 887 888 889 890 891 892 893 894 895 896 897 898 899]] [60 [900 901 902 903 904 905 906 907 908 909 910 911 912 913 914]] [61 [915 916 917 918 919 922 923 925 927 928 929]] [62 [930 931 934 935 936 938 939 941]] [63 [948 949 951 954 955 957 958 959]] [64 [960 961 963 964 968 969 971 972]] [65 [975 976 977 978 980 981 982 983 984 985 986 987 988 989]] [66 [990 991 992 994 995 996 997 998 999 1000 1001 1002 1003 1004]] [67 [1005 1006 1007 1008 1009 1010 1011 1012 1013 1014 1015 1016 1017 1018 1019]] [68 [1020 1022 1024 1025 1026 1027 1028 1029 1030 1031 1032 1033 1034]] [69 [1035 1036 1037 1038 1039 1040 1041 1042 1043 1044 1045 1046 1047 1048 1049]] [70 [1050 1051 1052 1053 1054 1055 1056 1057 1058 1059 1060 1061 1062 1063 1064]] [71 [1065 1066 1067 1068 1069 1070 1071 1072 1073 1074 1075 1076 1077 1079]] [72 [1080 1081 1082 1083 1084 1086 1087 1088 1091 1093]] [73 [1095 1098 1099 1100 1101 1103 1107 1109]] [74 [1110 1111 1112 1113 1114 1115 1116 1117 1118 1119 1120 1122 1123 1124]] [75 [1125 1126 1127 1128 1129 1130 1131 1132 1133 1134 1135 1136 1137 1138 1139]] [76 [1140 1141 1142 1143 1144 1145 1146 1147 1148 1149 1150 1151 1152 1153 1154]] [77 [1155 1156 1157 1158 1159 1160 1161 1162 1163 1164 1165 1166 1167 1168 1169]] [78 [1170 1171 1172 1173 1174 1175 1176 1177 1178 1179 1180 1181 1182 1183 1184]] [79 [1185 1186 1187 1188 1189 1190 1191 1192 1193 1194 1195 1196 1197 1198 1199]] [80 [1200 1201 1202 1203 1204 1205 1206 1207 1208 1209 1210 1211 1212 1213 1214]] [81 [1215 1216 1217 1221 1223 1224 1226 1227 1228 1229]] [82 [1230 1231 1232 1233 1234 1235 1236 1237 1238 1239 1240 1241 1242 1243 1244]] [83 [1245 1246 1247 1248 1249 1250 1251 1252 1253 1254 1255 1256 1257 1258 1259]] [84 [1260 1261 1262 1263 1264 1265 1266 1267 1268 1269 1270 1271 1272 1273]] [85 [1275 1276 1277 1278 1279 1280 1281 1282 1283 1284 1285 1286 1287 1288]] [86 [1290 1291 1292 1293 1294 1295 1296 1297 1298 1299 1300 1301 1302 1303 1304]] [87 [1305 1306 1307 1308 1309 1310 1311 1312 1313 1314 1315 1316 1317 1318 1319]] [88 [1320 1321 1322 1323 1324 1325 1326 1327 1328 1329 1330 1331 1332 1333 1334]] [89 [1335 1336 1337 1338 1339 1340 1341 1342 1343 1344 1345 1346 1347 1348 1349]] [90 [1350 1351 1352 1353 1354 1355 1357 1359 1360 1361 1362 1363 1364]] [91 [1365 1366 1367 1368 1369 1370 1371 1372 1373 1374 1375 1376 1377 1378 1379]] [92 [1380 1381 1382 1383 1384 1385 1386 1387 1388 1389 1390 1391 1392 1393 1394]] [93 [1395 1396 1397 1398 1399 1400 1401 1402 1403 1404 1405 1406 1407 1408 1409]] [94 [1410 1411 1412 1413 1415 1416 1417 1421 1424]] [95 [1425 1427 1428 1429 1431 1432 1434 1437 1438 1439]] [96 [1440 1441 1442 1443 1444 1445 1446 1447 1448 1449 1450 1451 1452 1453 1454]] [97 [1455 1456 1457 1458 1459 1460 1461 1462 1463 1464 1465 1466 1467 1468 1469]] [98 [1470 1471 1472 1473 1474 1475 1476 1477 1478 1479 1480 1484]] [99 [1485 1486 1487 1488 1489 1490 1491 1492 1493 1494 1495 1496 1497 1498 1499]]]","[[0 [0 3 5 6 7 10 12 14]] [1 [15 17 19 26 29]] [2 [33 35 38 39 40 41 42 43]] [3 [45 47 48 49 50 52]] [4 [62 64 66 67 70 71 72]] [5 [75 79 80 81 82 83 85]] [6 [91 94 95 96 97 101 104]] [7 [105 106 109 111 112 117 119]] [8 [120 121 125 127 131 132 134]] [9 [136 137 138 139 142 145 146 149]] [10 [150 151 154 156 158 163 164]] [11 [167 169 172 174 177 178]] [12 [184 188 189 190 191 194]] [13 [197 199 200 202 203 205 209]] [14 [213 214 215 217 218 220 222 223]] [15 [225 227 228 232 235 236 238]] [16 [240 241 242 243 245 246 247 253 254]] [17 [255 256 257 258 263 266 267 268 269]] [18 [270 272 273 275 276 277 280 281]] [19 [285 287 288 289 291 292 293 295 296 298]] [20 [300 301 302 304 305 306 312 313 314]] [21 [315 316 318 320 322 323 326 328]] [22 [332 333 335 336 338 340]] [23 [346 350 352 353 354 357 358]] [24 [362 366 367 368 369 371 374]] [25 [376 379 380 383 387 389]] [26 [390 392 393 394 395 396 397 398 399 401]] [27 [406 408 411 415 416 417 418]] [28 [421 424 425 426 428 429 431 432 434]] [29 [436 437 442 447 448 449]] [30 [451 452 453 456 459 461 462]] [31 [467 471 472 473 476 477 478 479]] [32 [480 482 483 484 485 486 487 492]] [33 [496 497 498 501 504 505 509]] [34 [510 511 512 513 520 523 524]] [35 [526 527 531 532 533 534 536 537]] [36 [540 541 543 548 549 552 553 554]] [37 [558 559 560 563 564 567 568 569]] [38 [570 571 574 576 578 579 583 584]] [39 [585 586 589 591 593 596 598]] [40 [601 603 605 607 609 610 613]] [41 [615 620 621 626 628 629]] [42 [633 635 636 639 640 641 642 643]] [43 [646 647 648 650 652 653 657]] [44 [660 663 670 671 672 674]] [45 [675 676 677 681 683 686 687 688]] [46 [690 692 694 695 697 701 702 703 704]] [47 [706 708 712 716 717 718 719]] [48 [721 723 727 728 731 734]] [49 [735 736 739 747 748 749]] [50 [752 753 755 757 758 759 764]] [51 [766 767 769 770 771 776 777]] [52 [780 782 783 788 791 793 794]] [53 [795 796 797 799 800 801 809]] [54 [811 813 816 817 819 822]] [55 [826 827 829 830 834 835]] [56 [841 842 844 847 848 849 853 854]] [57 [855 859 860 863 865 866 867]] [58 [870 871 872 874 875 877 879 881 883 884]] [59 [887 891 893 894 895 897 899]] [60 [903 904 905 906 907 913 914]] [61 [922 923 925 927 929]] [62 [930 931 935 936 938 939 941]] [63 [948 949 954 955 957 958 959]] [64 [960 961 963 964 968 969]] [65 [975 977 983 985 987 988 989]] [66 [991 992 994 998 999 1000 1001]] [67 [1005 1006 1009 1010 1011 1013 1017 1019]] [68 [1020 1022 1024 1025 1026 1027 1028 1032 1034]] [69 [1036 1037 1042 1043 1044 1047 1049]] [70 [1050 1052 1054 1056 1058 1060 1062 1064]] [71 [1065 1067 1068 1070 1071 1073 1076 1077]] [72 [1081 1083 1084 1086 1087 1088 1093]] [73 [1095 1098 1100 1101 1103 1107 1109]] [74 [1110 1116 1117 1119 1120 1122 1124]] [75 [1127 1128 1129 1135 1137 1139]] [76 [1140 1143 1145 1148 1150 1151 1152]] [77 [1155 1158 1161 1163 1164 1165]] [78 [1170 1171 1172 1173 1177 1183]] [79 [1185 1186 1189 1190 1191 1192 1197 1199]] [80 [1200 1203 1204 1206 1207 1212 1213]] [81 [1215 1216 1217 1221 1223 1224 1228 1229]] [82 [1233 1234 1235 1236 1239 1241 1242 1244]] [83 [1245 1246 1248 1251 1253 1255 1256]] [84 [1262 1263 1265 1266 1267 1269 1272 1273]] [85 [1276 1277 1280 1282 1284 1286 1287]] [86 [1290 1291 1292 1293 1294 1296 1298 1300 1303 1304]] [87 [1305 1310 1314 1316 1317 1318 1319]] [88 [1320 1323 1325 1327 1329 1330 1332 1333 1334]] [89 [1337 1338 1340 1341 1343 1344 1346 1349]] [90 [1351 1355 1357 1359 1360 1364]] [91 [1366 1367 1369 1370 1372 1373 1375 1377 1379]] [92 [1382 1383 1384 1387 1388 1389 1390 1394]] [93 [1395 1399 1401 1402 1403 1404 1407 1408]] [94 [1411 1413 1415 1416 1417 1421 1424]] [95 [1425 1432 1434 1437 1438]] [96 [1441 1442 1443 1447 1448 1449 1451]] [97 [1458 1459 1460 1462 1463 1465 1467]] [98 [1472 1473 1476 1478 1479 1480 1484]] [99 [1489 1493 1495 1496 1497 1498 1499]]]",,"[[{media 52} [[""A"" [4 4 4 4 4 4 4 4 4 4]]]] [{media 53} [[""A"" [4 4 4 4 4 4 4 4 4 4]]]] [{media 54} [[""A"" [5 5 5 5 5 5 5 5 5 5]]]] [{media 57} [[""A"" [5 5 5 5 5 5 5 5 5 5]]]] [{media 59} [[""A"" [5 5 5 5 5 5 5 5 5 5]]]] [{media 60} [[""A"" [3 3 3 3 3 3 3 3 3 3]]]] [{media 61} [[""A"" [6 6 6 6 6 6 6 6 6 6]]]] [{media 62} [[""A"" [5 5 5 5 5 5 5 5 5 5]]]] [{media 51} [[""A"" [2 2 2 2 2 2 2 2 2 2]]]] [{citizen 4} [[""A"" [1 3 4 4 3 1 1 0 2 1]]]] [{citizen 5} [[""A"" [5 5 3 1 1 1 2 1 2 1]]]] [{citizen 8} [[""A"" [3 1 1 1 6 4 2 1 1 1]]]] [{media 50} [[""A"" [1 1 1 1 1 1 1 1 1 1]]]] [{media 63} [[""A"" [1 1 1 1 1 1 1 1 1 1]]]] [{citizen 1} [[""A"" [1 1 1 4 2 1 5 4 1 0]]]] [{citizen 0} [[""A"" [5 3 1 1 0 1 2 1 0 1]]]] [{media 58} [[""A"" [0 0 0 0 0 0 0 0 0 0]]]] [{citizen 3} [[""A"" [2 2 1 2 1 3 1 5 4 5]]]] [{media 56} [[""A"" [1 1 1 1 1 1 1 1 1 1]]]] [{media 55} [[""A"" [2 2 2 2 2 2 2 2 2 2]]]] [{media 64} [[""A"" [1 1 1 1 1 1 1 1 1 1]]]] [{citizen 38} [[""A"" [1 1 1 3 5 6 4 1 0 1]]]] [{citizen 39} [[""A"" [2 1 3 1 2 1 2 1 2 1]]]] [{citizen 28} [[""A"" [4 3 1 3 1 1 3 5 6 4]]]] [{citizen 27} [[""A"" [1 3 1 2 3 1 4 2 1 1]]]] [{citizen 17} [[""A"" [5 4 0 1 1 1 1 2 1 3]]]] [{citizen 18} [[""A"" [5 4 4 5 6 5 4 2 1 5]]]] [{citizen 34} [[""A"" [3 1 3 1 2 1 3 5 4 5]]]] [{citizen 19} [[""A"" [3 5 4 4 2 5 6 4 2 1]]]] [{citizen 7} [[""A"" [2 1 2 1 3 4 2 1 1 1]]]] [{citizen 42} [[""A"" [1 2 1 1 4 2 1 2 1 1]]]] [{citizen 16} [[""A"" [2 1 2 1 1 1 2 5 6 5]]]] [{citizen 2} [[""A"" [1 1 3 1 2 5 1 2 1 0]]]] [{citizen 14} [[""A"" [3 1 1 1 1 2 1 3 4 5]]]] [{citizen 6} [[""A"" [1 1 1 1 5 3 1 2 1 1]]]] [{citizen 31} [[""A"" [1 2 1 1 3 4 1 2 1 1]]]] [{citizen 13} [[""A"" [1 0 2 1 1 1 1 1 1 1]]]] [{citizen 36} [[""A"" [5 3 1 3 1 5 5 5 4 1]]]] [{citizen 45} [[""A"" [5 5 3 1 1 2 1 1 0 1]]]] [{citizen 23} [[""A"" [1 0 1 2 1 3 4 3 5 5]]]] [{citizen 33} [[""A"" [0 1 2 1 1 2 1 1 2 1]]]] [{citizen 25} [[""A"" [5 3 1 3 3 1 2 1 2 1]]]] [{citizen 10} [[""A"" [2 1 2 1 1 2 1 1 2 1]]]] [{citizen 44} [[""A"" [3 1 2 1 3 1 1 2 5 4]]]] [{citizen 12} [[""A"" [0 1 2 1 1 3 1 5 4 5]]]] [{citizen 20} [[""A"" [1 1 3 1 2 1 5 5 4 5]]]] [{citizen 29} [[""A"" [1 1 1 1 6 2 5 2 1 1]]]] [{citizen 40} [[""A"" [5 4 3 1 2 1 1 0 2 1]]]] [{citizen 21} [[""A"" [3 1 1 3 5 4 1 3 1 1]]]] [{citizen 43} [[""A"" [1 3 1 3 1 1 5 6 5 5]]]] [{citizen 49} [[""A"" [4 5 3 1 1 1 1 1 1 1]]]] [{citizen 22} [[""A"" [1 2 4 2 5 6 5 4 1 1]]]] [{citizen 9} [[""A"" [4 3 1 1 2 1 2 1 1 0]]]] [{citizen 41} [[""A"" [2 1 1 3 1 2 1 1 6 5]]]] [{citizen 48} [[""A"" [1 1 2 2 1 2 1 1 2 1]]]] [{citizen 15} [[""A"" [3 2 1 1 1 1 1 0 2 1]]]] [{citizen 35} [[""A"" [4 3 5 4 5 3 1 1 3 4]]]] [{citizen 24} [[""A"" [1 2 1 1 3 4 1 1 1 1]]]] [{citizen 11} [[""A"" [4 1 2 1 5 6 4 1 2 1]]]] [{citizen 37} [[""A"" [1 2 1 1 4 2 1 2 1 2]]]] [{citizen 32} [[""A"" [5 5 4 1 1 3 4 2 4 1]]]] [{citizen 26} [[""A"" [0 1 2 1 1 2 2 1 1 0]]]] [{citizen 47} [[""A"" [0 1 2 1 1 2 1 1 1 1]]]] [{citizen 46} [[""A"" [1 2 1 0 2 1 2 1 3 4]]]]]"
"31","[213 0 42]","262.5","-9.785245849935064","-1.5265459102474934","""circle""","""""","9.9","{breed citizens}","false","0.5","1","""up""",,"[[""ID"" 31] [""alpha"" 1] [""beta"" 1] [""malleable"" [""A""]] [""prior"" []] [""cont_tokens"" []] [""A"" 1]]","[[0 [0 1 2 3 4 5 6 7 8 9 10 11 12 13 14]] [1 [16 18 20 21 22 23 24 25 27 28]] [2 [30 31 32 33 34 35 36 37 38 39 40 41 42 43 44]] [3 [45 46 47 48 49 50 51 52 53 54 55 56 57 58]] [4 [60 61 62 63 64 65 66 67 68 69 70 71 72 73 74]] [5 [75 76 77 78 79 80 81 82 83 84 85 86 87 88 89]] [6 [90 91 92 93 94 95 96 97 98 99 100 101 102 103 104]] [7 [105 106 107 108 109 110 111 112 113 114 115 116 117 118 119]] [8 [120 121 122 123 124 125 126 127 128 129 130 131 132 133 134]] [9 [136 137 138 139 142 145 146 147 149]] [10 [150 151 152 153 154 155 156 158 159 160 161 162 163 164]] [11 [166 167 169 170 171 172 173 174 175 176 177 178 179]] [12 [180 181 182 183 184 185 186 187 188 189 190 191 192 193 194]] [13 [195 196 197 198 199 200 201 202 203 204 205 206 207 208 209]] [14 [210 211 212 213 214 215 216 217 218 219 220 221 222 223 224]] [15 [225 226 227 228 229 230 231 232 233 234 235 236 237 238 239]] [16 [240 241 242 243 244 245 246 247 248 249 250 251 252 253 254]] [17 [255 256 257 258 259 260 261 262 263 264 265 266 267 268 269]] [18 [270 271 272 273 274 275 276 277 278 279 280 281 282 283 284]] [19 [285 286 287 288 289 290 291 292 293 294 295 296 297 298 299]] [20 [300 301 302 303 304 305 306 307 308 309 310 311 312 313 314]] [21 [315 316 317 318 319 320 321 322 323 324 325 326 327 328 329]] [22 [330 331 332 333 334 335 336 337 338 339 340 341 342 343 344]] [23 [345 346 347 348 349 350 351 352 353 354 355 356 357 358 359]] [24 [361 362 366 367 368 369 371 374]] [25 [375 376 377 378 379 380 381 382 383 384 385 386 387 388 389]] [26 [390 391 392 393 394 395 396 397 398 399 400 401 402 403 404]] [27 [405 406 407 408 409 410 411 412 413 414 415 416 417 418 419]] [28 [420 421 422 423 424 425 426 427 428 429 430 431 432 433 434]] [29 [435 436 437 438 439 440 441 442 443 444 445 446 447 448 449]] [30 [450 451 452 453 454 455 456 457 458 459 460 461 462 463 464]] [31 [465 466 467 468 469 470 471 472 473 474 475 476 477 478 479]] [32 [480 481 482 483 484 485 486 487 488 489 490 491 492 493 494]] [33 [495 496 497 498 499 501 502 503 504 505 506 507 508 509]] [34 [510 511 512 513 514 515 516 517 518 519 520 521 522 523 524]] [35 [525 526 527 528 529 530 531 532 533 534 535 536 537 538 539]] [36 [540 541 542 543 544 545 546 547 548 549 550 551 552 553 554]] [37 [555 556 557 558 559 560 561 562 563 564 565 566 567 568 569]] [38 [570 571 572 573 574 575 576 577 578 579 580 581 582 583 584]] [39 [585 586 587 588 589 590 591 592 593 594 595 596 597 598 599]] [40 [600 601 602 603 604 605 606 607 608 609 610 611 612 613 614]] [41 [615 616 617 618 619 620 621 622 624 625 626 627 628 629]] [42 [630 631 632 633 634 635 636 637 638 639 640 641 642 643 644]] [43 [645 646 647 648 649 650 651 652 653 654 655 656 657 658 659]] [44 [660 661 662 663 664 665 666 667 668 669 670 671 672 673 674]] [45 [675 676 677 678 679 680 681 682 683 684 685 686 687 688 689]] [46 [690 691 692 693 694 695 696 697 698 699 700 701 702 703 704]] [47 [705 706 707 708 709 710 711 712 713 714 715 716 717 718 719]] [48 [720 721 722 723 724 725 726 727 728 729 730 731 732 734]] [49 [735 736 737 738 739 740 741 742 743 744 745 746 747 748 749]] [50 [750 751 752 753 755 757 758 759 760 761 762 763 764]] [51 [765 766 767 768 769 770 771 772 773 774 775 776 777 778 779]] [52 [780 781 782 783 784 785 786 787 788 789 790 791 792 793 794]] [53 [795 796 797 798 799 800 801 802 803 804 805 806 807 808 809]] [54 [810 811 812 813 814 815 816 817 818 819 820 821 822 824]] [55 [826 827 828 829 830 831 832 833 834 835 836 837 838 839]] [56 [840 841 842 843 844 845 846 847 848 849 850 851 852 853 854]] [57 [855 856 857 858 859 860 861 862 863 864 865 866 867 868 869]] [58 [870 871 872 873 874 875 876 877 878 879 880 881 882 883 884]] [59 [885 886 887 888 889 890 891 892 893 894 895 896 897 898 899]] [60 [900 901 902 903 904 905 906 907 909 910 911 912 913 914]] [61 [915 916 917 918 919 920 921 922 923 924 925 926 927 928 929]] [62 [930 931 934 935 936 938 939 941]] [63 [948 949 951 954 955 957 958 959]] [64 [960 961 963 964 968 969 971 972]] [65 [975 976 977 978 980 981 982 983 984 985 986 987 988 989]] [66 [990 991 992 994 995 996 997 998 999 1000 1001 1002 1003 1004]] [67 [1005 1006 1007 1008 1009 1010 1011 1012 1013 1014 1015 1016 1017 1019]] [68 [1020 1022 1024 1025 1026 1027 1028 1029 1030 1031 1032 1033 1034]] [69 [1035 1036 1037 1038 1039 1040 1041 1042 1043 1044 1045 1046 1047 1048 1049]] [70 [1050 1051 1052 1053 1054 1055 1056 1057 1058 1059 1060 1061 1062 1063 1064]] [71 [1065 1066 1067 1068 1069 1070 1071 1072 1073 1074 1075 1076 1077 1079]] [72 [1080 1081 1082 1083 1084 1085 1086 1087 1088 1089 1090 1091 1092 1093 1094]] [73 [1095 1098 1099 1100 1101 1103 1107 1109]] [74 [1110 1111 1112 1113 1114 1115 1116 1117 1118 1119 1120 1122 1123 1124]] [75 [1125 1126 1127 1128 1129 1130 1131 1132 1133 1134 1135 1136 1137 1138 1139]] [76 [1140 1141 1142 1143 1144 1145 1146 1147 1148 1149 1150 1151 1152 1153 1154]] [77 [1155 1156 1157 1158 1159 1160 1161 1162 1163 1164 1165 1166 1167 1168 1169]] [78 [1170 1171 1172 1173 1174 1175 1176 1177 1178 1179 1180 1181 1182 1183 1184]] [79 [1185 1186 1187 1188 1189 1190 1191 1192 1193 1194 1195 1196 1197 1198 1199]] [80 [1200 1201 1202 1203 1204 1205 1206 1207 1208 1209 1210 1211 1212 1213 1214]] [81 [1215 1216 1217 1218 1219 1220 1221 1222 1223 1224 1225 1226 1227 1228 1229]] [82 [1230 1231 1232 1233 1234 1235 1236 1237 1238 1239 1240 1241 1242 1243 1244]] [83 [1245 1246 1247 1248 1249 1250 1251 1252 1253 1254 1255 1256 1257 1258 1259]] [84 [1260 1261 1262 1263 1264 1265 1266 1267 1268 1269 1270 1271 1272 1273]] [85 [1275 1276 1277 1278 1279 1280 1281 1282 1283 1284 1285 1286 1287 1288]] [86 [1290 1291 1292 1293 1294 1295 1296 1297 1298 1299 1300 1301 1302 1303 1304]] [87 [1305 1306 1307 1308 1309 1310 1311 1312 1313 1314 1315 1316 1317 1318 1319]] [88 [1320 1321 1322 1323 1324 1325 1326 1327 1328 1329 1330 1331 1332 1333 1334]] [89 [1335 1336 1337 1338 1339 1340 1341 1342 1343 1344 1345 1346 1347 1348 1349]] [90 [1350 1351 1352 1353 1354 1355 1356 1357 1358 1359 1360 1361 1362 1363 1364]] [91 [1365 1366 1367 1368 1369 1370 1371 1372 1373 1374 1375 1376 1377 1378 1379]] [92 [1380 1381 1382 1383 1384 1385 1386 1387 1388 1389 1390 1391 1392 1393 1394]] [93 [1395 1396 1397 1398 1399 1400 1401 1402 1403 1404 1405 1406 1407 1408 1409]] [94 [1410 1411 1412 1413 1414 1415 1416 1417 1418 1419 1420 1421 1422 1423 1424]] [95 [1425 1427 1428 1429 1431 1432 1434 1437 1438 1439]] [96 [1440 1441 1442 1443 1444 1445 1446 1447 1448 1449 1450 1451 1452 1453 1454]] [97 [1457 1458 1459 1460 1462 1463 1465 1466 1467 1468 1469]] [98 [1470 1471 1472 1473 1474 1475 1476 1477 1478 1479 1480 1484]] [99 [1485 1486 1487 1488 1489 1490 1491 1492 1493 1494 1495 1496 1497 1498 1499]]]","[[0 [0 1 2 4 8 9 11 13]] [1 [16 18 21 24 25 27 28]] [2 [30 31 32 34 36 37 43]] [3 [46 47 48 49 50 52 58]] [4 [61 63 68 69 70 71 72]] [5 [75 79 80 82 83 85]] [6 [91 94 95 96 97 101 104]] [7 [105 106 108 109 111 112 119]] [8 [120 121 125 127 130 131 132 134]] [9 [136 137 138 139 142 146 147 149]] [10 [153 154 156 158 163 164]] [11 [166 169 173 175 176 179]] [12 [180 181 182 183 185 187 192 193]] [13 [195 196 201 204 206 207 208]] [14 [210 211 212 214 222 223 224]] [15 [226 230 231 233 234 237 239]] [16 [244 248 249 251 252 253 254]] [17 [255 256 257 258 260 261 262 264 265 268 269]] [18 [270 272 273 275 276 277 280 281]] [19 [285 287 288 289 291 294 297 298]] [20 [300 301 302 307 311 313 314]] [21 [315 316 318 320 325 327 329]] [22 [330 331 334 337 338 340 343]] [23 [346 350 352 353 354 357 358]] [24 [362 366 367 368 369 371 374]] [25 [376 379 380 383 385 386]] [26 [391 395 396 397 400 402 404]] [27 [405 407 409 410 412 413 419]] [28 [420 422 423 424 425 430 433]] [29 [435 436 437 441 442 444 447 448 449]] [30 [451 452 453 456 459 461 462]] [31 [467 471 472 473 476 477 478]] [32 [481 484 488 489 490 491 493 494]] [33 [499 503 506 507 508 509]] [34 [514 515 516 518 519 521]] [35 [525 528 529 530 535 536 537]] [36 [542 544 545 546 547 550 551]] [37 [555 556 557 558 559 560 563 564 567 568 569]] [38 [570 571 572 574 576 578 579 583 584]] [39 [585 586 587 588 590 592 594 595 597 599]] [40 [600 604 606 608 610 611 613]] [41 [615 620 621 622 624 626 628 629]] [42 [633 636 639 640 641 642]] [43 [645 651 654 655 656 658 659]] [44 [661 662 664 665 666 667 668 670 671 672 673 674]] [45 [675 676 677 679 680 684 685 687 688]] [46 [690 692 694 695 697 701 702 703]] [47 [705 707 709 710 713 714 718 719]] [48 [721 723 725 727 728 731 732 734]] [49 [735 736 739 747 748]] [50 [750 751 752 753 755 757 758 759 764]] [51 [767 769 770 771 773 774 775 778 779]] [52 [784 785 786 787 789 790 792 794]] [53 [795 796 797 799 800 805 808 809]] [54 [811 813 816 817 819 822]] [55 [827 828 829 830 834 835]] [56 [841 842 843 844 849 850 851 852]] [57 [856 857 858 861 862 864 868]] [58 [873 876 878 879 881 883 884]] [59 [887 891 893 894 895 897 899]] [60 [903 904 905 906 907 910 911 912]] [61 [915 916 917 918 919 922 923 925 927 928 929]] [62 [930 931 935 936 938 939 941]] [63 [948 949 951 954 955 957 958 959]] [64 [960 961 963 964 968 969]] [65 [975 977 984 986 988 989]] [66 [991 992 994 995 996 997 1002 1003 1004]] [67 [1007 1008 1011 1013 1017 1019]] [68 [1020 1022 1024 1025 1028 1029 1030 1031 1033 1034]] [69 [1036 1037 1042 1043 1044 1046 1048]] [70 [1051 1053 1055 1057 1059 1060 1062 1064]] [71 [1065 1067 1068 1070 1071 1073 1074 1075 1077 1079]] [72 [1080 1081 1083 1084 1086 1087 1088 1093]] [73 [1095 1098 1099 1100 1101 1103 1107 1109]] [74 [1110 1112 1116 1117 1119 1120 1122 1124]] [75 [1130 1131 1132 1133 1134 1136 1138]] [76 [1141 1142 1146 1147 1149 1150 1151 1152]] [77 [1156 1158 1161 1163 1164 1165]] [78 [1174 1176 1177 1178 1179 1180 1182 1184]] [79 [1185 1186 1189 1195 1196 1198]] [80 [1201 1202 1205 1207 1212 1213]] [81 [1215 1216 1217 1221 1223 1224 1229]] [82 [1233 1234 1235 1237 1238 1239 1240 1243]] [83 [1247 1248 1249 1250 1252 1254 1258]] [84 [1262 1263 1265 1266 1267 1269 1272 1273]] [85 [1277 1280 1282 1284 1288]] [86 [1293 1294 1296 1298 1300 1303 1304]] [87 [1305 1310 1314 1316 1317 1318 1319]] [88 [1320 1323 1325 1327 1329 1332 1333 1334]] [89 [1337 1338 1340 1341 1344 1346]] [90 [1350 1352 1353 1354 1355 1357 1359 1360 1364]] [91 [1366 1367 1369 1370 1371 1374 1375 1377 1379]] [92 [1382 1384 1387 1391 1392 1393]] [93 [1396 1397 1398 1400 1402 1403 1406 1409]] [94 [1410 1412 1415 1416 1417 1421 1424]] [95 [1427 1428 1429 1431 1432 1434 1437 1438]] [96 [1441 1442 1443 1447 1448 1449 1451]] [97 [1458 1459 1460 1462 1463 1465 1467]] [98 [1471 1475 1476 1478 1479 1480 1484]] [99 [1489 1493 1495 1496 1497 1498 1499]]]",,"[[{media 52} [[""A"" [4 4 4 4 4 4 4 4 4 4]]]] [{media 53} [[""A"" [4 4 4 4 4 4 4 4 4 4]]]] [{media 54} [[""A"" [5 5 5 5 5 5 5 5 5 5]]]] [{media 57} [[""A"" [5 5 5 5 5 5 5 5 5 5]]]] [{media 59} [[""A"" [5 5 5 5 5 5 5 5 5 5]]]] [{media 60} [[""A"" [3 3 3 3 3 3 3 3 3 3]]]] [{media 61} [[""A"" [6 6 6 6 6 6 6 6 6 6]]]] [{media 62} [[""A"" [5 5 5 5 5 5 5 5 5 5]]]] [{media 51} [[""A"" [2 2 2 2 2 2 2 2 2 2]]]] [{citizen 4} [[""A"" [3 4 4 4 3 2 1 0 2 1]]]] [{citizen 5} [[""A"" [4 3 5 5 3 1 2 1 2 1]]]] [{citizen 8} [[""A"" [4 4 5 6 4 2 1 2 1 1]]]] [{citizen 11} [[""A"" [1 2 1 5 6 2 1 1 2 1]]]] [{citizen 21} [[""A"" [3 1 3 5 4 2 1 3 2 1]]]] [{media 50} [[""A"" [1 1 1 1 1 1 1 1 1 1]]]] [{citizen 13} [[""A"" [4 3 0 2 1 1 2 1 2 1]]]] [{citizen 20} [[""A"" [2 0 1 4 5 4 3 5 4 5]]]] [{media 63} [[""A"" [1 1 1 1 1 1 1 1 1 1]]]] [{citizen 0} [[""A"" [1 1 0 0 1 2 1 2 0 1]]]] [{citizen 24} [[""A"" [3 1 2 3 4 1 1 1 0 1]]]] [{media 58} [[""A"" [0 0 0 0 0 0 0 0 0 0]]]] [{citizen 3} [[""A"" [4 3 5 4 3 2 2 1 5 6]]]] [{citizen 7} [[""A"" [4 3 2 1 1 4 2 1 1 1]]]] [{citizen 10} [[""A"" [1 1 2 1 2 1 1 0 2 1]]]] [{media 56} [[""A"" [1 1 1 1 1 1 1 1 1 1]]]] [{media 55} [[""A"" [2 2 2 2 2 2 2 2 2 2]]]] [{citizen 14} [[""A"" [3 1 2 1 1 2 2 1 3 5]]]] [{citizen 17} [[""A"" [3 5 4 0 1 2 1 2 1 3]]]] [{media 64} [[""A"" [1 1 1 1 1 1 1 1 1 1]]]] [{citizen 41} [[""A"" [5 0 1 2 3 2 1 6 5 5]]]] [{citizen 1} [[""A"" [3 2 1 4 2 1 5 2 1 0]]]] [{citizen 12} [[""A"" [1 2 1 1 3 1 2 1 3 5]]]] [{citizen 29} [[""A"" [1 1 1 6 2 1 5 2 1 1]]]] [{citizen 45} [[""A"" [3 2 1 1 0 2 1 2 0 1]]]] [{citizen 28} [[""A"" [1 3 1 0 1 5 3 5 6 4]]]] [{citizen 27} [[""A"" [5 1 3 2 1 4 2 1 0 1]]]] [{citizen 40} [[""A"" [4 5 4 3 1 2 1 0 2 1]]]] [{citizen 16} [[""A"" [3 2 1 1 1 1 2 5 6 5]]]] [{citizen 6} [[""A"" [3 1 1 1 5 4 3 2 0 1]]]] [{citizen 15} [[""A"" [1 1 2 1 1 2 1 0 2 1]]]] [{citizen 18} [[""A"" [5 5 4 4 5 6 5 4 2 1]]]] [{citizen 34} [[""A"" [4 3 1 2 3 1 1 1 3 5]]]] [{citizen 19} [[""A"" [4 4 2 1 5 6 2 1 0 1]]]] [{citizen 42} [[""A"" [1 3 2 1 4 2 1 2 1 1]]]] [{citizen 2} [[""A"" [0 1 2 3 1 2 5 1 2 0]]]] [{citizen 23} [[""A"" [3 1 0 1 3 4 1 3 5 6]]]] [{citizen 33} [[""A"" [0 1 1 1 2 1 2 0 2 1]]]] [{citizen 25} [[""A"" [4 3 1 3 1 2 1 1 2 0]]]] [{citizen 22} [[""A"" [2 4 2 4 5 6 5 4 1 1]]]] [{citizen 43} [[""A"" [3 5 1 3 1 2 1 5 6 5]]]] [{citizen 44} [[""A"" [1 2 1 3 1 1 1 2 5 6]]]] [{citizen 36} [[""A"" [3 4 5 3 3 1 5 4 5 5]]]] [{citizen 49} [[""A"" [3 2 1 1 1 2 1 1 1 0]]]] [{citizen 9} [[""A"" [4 4 3 2 1 2 1 2 1 0]]]] [{citizen 48} [[""A"" [1 2 1 2 1 2 1 1 2 1]]]] [{citizen 30} [[""A"" [1 0 2 1 1 2 1 0 2 1]]]] [{citizen 39} [[""A"" [1 3 1 2 2 1 2 1 2 1]]]] [{citizen 35} [[""A"" [4 3 5 4 5 3 1 2 1 3]]]] [{citizen 38} [[""A"" [1 1 1 3 5 6 1 0 2 1]]]] [{citizen 37} [[""A"" [3 2 1 2 1 4 2 1 2 2]]]] [{citizen 32} [[""A"" [4 2 4 5 4 3 4 2 3 1]]]] [{citizen 26} [[""A"" [2 1 1 2 2 3 1 1 0 1]]]] [{citizen 46} [[""A"" [1 2 1 0 2 1 2 1 3 1]]]] [{citizen 47} [[""A"" [2 0 1 1 2 2 1 1 2 1]]]]]"
"32","[213 0 42]","75","9.692099486029184","2.518794063391612","""circle""","""""","9.9","{breed citizens}","false","0.5","1","""up""",,"[[""ID"" 32] [""alpha"" 1] [""beta"" 1] [""malleable"" [""A""]] [""prior"" []] [""cont_tokens"" []] [""A"" 1]]","[[0 [0 1 2 3 4 5 6 7 8 9 10 11 12 13 14]] [1 [15 17 19 20 21 24 26 29]] [2 [33 35 38 39 40 41 42 43]] [3 [45 46 47 48 49 50 51 52 53 54 55 56 57 58]] [4 [60 61 62 63 64 65 66 67 68 69 70 71 72 73 74]] [5 [75 76 77 78 79 80 81 82 83 84 85 86 87 88 89]] [6 [90 91 92 93 94 95 96 97 98 99 100 101 102 103 104]] [7 [105 106 107 108 109 110 111 112 113 114 115 116 117 118 119]] [8 [120 121 122 123 124 125 126 127 128 129 130 131 132 133 134]] [9 [135 136 137 138 139 140 141 142 143 144 145 146 147 149]] [10 [150 151 152 153 154 155 156 158 159 160 161 162 163 164]] [11 [166 167 169 170 171 172 173 174 175 176 177 178 179]] [12 [180 181 182 183 184 185 186 187 188 189 190 191 192 193 194]] [13 [195 196 197 198 199 200 201 202 203 204 205 206 207 208 209]] [14 [210 211 212 213 214 215 216 217 218 219 220 221 222 223 224]] [15 [225 226 227 228 229 230 231 232 233 234 235 236 237 238 239]] [16 [240 241 242 243 244 245 246 247 248 249 250 251 252 253 254]] [17 [255 256 257 258 259 260 261 262 263 264 265 266 267 268 269]] [18 [270 271 272 273 274 275 276 277 278 279 280 281 282 283 284]] [19 [285 286 287 288 289 290 291 292 293 294 295 296 297 298 299]] [20 [300 301 302 303 304 305 306 307 309 310 311 312 313 314]] [21 [315 316 317 318 319 320 321 322 323 324 325 326 327 328 329]] [22 [330 331 332 333 334 335 336 337 338 339 340 341 343 344]] [23 [345 346 347 348 349 350 351 352 353 354 355 356 357 358]] [24 [360 361 362 363 364 365 366 367 368 369 370 371 372 373 374]] [25 [375 376 377 378 379 380 381 382 383 384 385 386 387 388 389]] [26 [391 392 393 394 395 396 397 398 399 400 401 402 403 404]] [27 [405 406 407 408 409 410 411 412 413 415 416 417 418 419]] [28 [420 421 422 423 424 425 426 427 428 429 430 431 432 433 434]] [29 [435 436 437 438 439 440 441 442 443 444 445 446 447 448 449]] [30 [450 451 452 453 454 455 456 457 458 459 460 461 462 463 464]] [31 [465 466 467 468 469 470 471 472 473 474 475 476 477 478 479]] [32 [480 481 482 483 484 485 486 487 488 489 490 491 492 493 494]] [33 [495 496 497 498 499 501 502 503 504 505 506 507 508 509]] [34 [510 511 512 513 514 515 516 517 518 519 520 521 522 523 524]] [35 [525 526 527 528 529 530 531 532 533 534 535 536 537 538 539]] [36 [540 541 542 543 544 545 546 547 548 549 550 551 552 553 554]] [37 [555 556 557 558 559 560 561 562 563 564 565 566 567 568 569]] [38 [570 571 572 573 574 575 576 577 578 579 580 581 582 583 584]] [39 [585 586 587 588 589 590 591 592 593 594 595 596 597 598 599]] [40 [600 601 602 603 604 605 606 607 608 609 610 611 612 613 614]] [41 [615 616 617 618 619 620 621 622 624 625 626 627 628 629]] [42 [630 631 632 633 634 635 636 637 638 639 640 641 642 643 644]] [43 [645 646 647 648 649 650 651 652 653 654 655 656 657 658 659]] [44 [660 661 662 663 664 665 666 667 668 669 670 671 672 673 674]] [45 [675 676 677 678 679 680 681 682 683 684 685 686 687 688 689]] [46 [690 691 692 693 694 695 696 697 698 699 700 701 702 703 704]] [47 [705 706 707 708 709 710 711 712 713 714 715 716 717 718 719]] [48 [720 721 722 723 724 725 726 727 728 729 730 731 732 734]] [49 [735 736 737 738 739 740 741 742 743 744 745 746 747 748 749]] [50 [750 751 752 753 755 757 758 759 760 761 762 763 764]] [51 [765 766 767 768 769 770 771 772 773 774 775 776 777 778 779]] [52 [780 781 782 783 784 785 786 787 788 789 790 791 792 793 794]] [53 [795 796 797 798 799 800 801 802 803 804 805 806 807 808 809]] [54 [810 811 812 813 814 815 816 817 818 819 820 821 822 824]] [55 [826 827 828 829 830 831 832 833 834 835 836 837 838 839]] [56 [840 841 842 843 844 845 846 847 848 849 850 851 852 853 854]] [57 [855 856 857 858 859 860 861 862 863 864 865 866 867 868 869]] [58 [870 871 872 873 874 875 876 877 878 879 881 882 883 884]] [59 [885 886 887 888 889 890 891 892 893 894 895 896 897 898 899]] [60 [900 901 902 903 904 905 906 907 908 909 910 911 912 913 914]] [61 [915 916 917 918 919 922 923 925 927 928 929]] [62 [930 931 934 935 936 938 939 941]] [63 [948 949 951 954 955 957 958 959]] [64 [960 961 963 964 968 969 971 972]] [65 [975 976 977 978 980 981 982 983 984 985 986 987 988 989]] [66 [990 991 992 994 995 996 997 998 999 1000 1001 1002 1003 1004]] [67 [1005 1006 1007 1008 1009 1010 1011 1012 1013 1014 1015 1016 1017 1019]] [68 [1020 1022 1024 1025 1026 1027 1028 1029 1030 1031 1032 1033 1034]] [69 [1035 1036 1037 1038 1039 1040 1041 1042 1043 1044 1045 1046 1047 1048 1049]] [70 [1050 1051 1052 1053 1054 1055 1056 1057 1058 1059 1060 1061 1062 1063 1064]] [71 [1065 1066 1067 1068 1069 1070 1071 1072 1073 1074 1075 1076 1077 1079]] [72 [1080 1081 1082 1083 1084 1086 1087 1088 1091 1093]] [73 [1095 1098 1099 1100 1101 1103 1107 1109]] [74 [1110 1111 1112 1113 1114 1115 1116 1117 1118 1119 1120 1122 1123 1124]] [75 [1125 1126 1127 1128 1129 1130 1131 1132 1133 1134 1135 1136 1137 1138 1139]] [76 [1140 1141 1142 1143 1144 1145 1146 1147 1148 1149 1150 1151 1152 1153 1154]] [77 [1155 1156 1157 1158 1159 1160 1161 1162 1163 1164 1165 1166 1167 1168 1169]] [78 [1170 1171 1172 1173 1174 1175 1176 1177 1178 1179 1180 1181 1182 1183 1184]] [79 [1185 1186 1187 1188 1189 1190 1191 1192 1193 1194 1195 1196 1197 1198 1199]] [80 [1200 1201 1202 1203 1204 1205 1206 1207 1208 1209 1210 1211 1212 1213 1214]] [81 [1215 1216 1217 1218 1219 1220 1221 1222 1223 1224 1225 1226 1227 1228 1229]] [82 [1230 1231 1232 1233 1234 1235 1236 1237 1238 1239 1240 1241 1242 1243 1244]] [83 [1245 1246 1247 1248 1249 1250 1251 1252 1253 1254 1255 1256 1257 1258 1259]] [84 [1260 1261 1262 1263 1264 1265 1266 1267 1268 1269 1270 1271 1272 1273]] [85 [1275 1276 1277 1278 1279 1280 1281 1282 1283 1284 1285 1286 1287 1288]] [86 [1290 1291 1292 1293 1294 1295 1296 1297 1298 1299 1300 1301 1302 1303 1304]] [87 [1305 1306 1307 1308 1309 1310 1311 1312 1313 1314 1315 1316 1317 1318 1319]] [88 [1320 1321 1322 1323 1324 1325 1326 1327 1328 1329 1330 1331 1332 1333 1334]] [89 [1335 1336 1337 1338 1339 1340 1341 1342 1343 1344 1345 1346 1347 1348 1349]] [90 [1350 1351 1352 1353 1354 1355 1356 1357 1358 1359 1360 1361 1362 1363 1364]] [91 [1365 1366 1367 1368 1369 1370 1371 1372 1373 1374 1375 1376 1377 1378 1379]] [92 [1380 1381 1382 1383 1384 1385 1386 1387 1388 1389 1390 1391 1392 1393 1394]] [93 [1395 1396 1397 1398 1399 1400 1401 1402 1403 1404 1405 1406 1407 1408 1409]] [94 [1410 1411 1412 1413 1415 1416 1417 1421 1424]] [95 [1425 1427 1428 1429 1431 1432 1434 1437 1438 1439]] [96 [1440 1441 1442 1443 1444 1445 1446 1447 1448 1449 1450 1451 1452 1453 1454]] [97 [1455 1456 1457 1458 1459 1460 1461 1462 1463 1464 1465 1466 1467 1468 1469]] [98 [1470 1471 1472 1473 1474 1475 1476 1477 1478 1479 1480 1484]] [99 [1485 1486 1487 1488 1489 1490 1491 1492 1493 1494 1495 1496 1497 1498 1499]]]","[[0 [0 1 2 3 5 6 7 10 12 14]] [1 [15 17 19 20 21 24 26 29]] [2 [33 35 38 39 41 42 43]] [3 [45 46 47 48 49 50 52 58]] [4 [63 68 69 70 71 72]] [5 [75 79 80 82 83 85 88 89]] [6 [90 94 95 96 97 101 104]] [7 [105 106 110 113 114 115 116 118]] [8 [122 123 124 126 129 130 131 132 134]] [9 [136 137 138 139 142]] [10 [152 153 155 159 160 161 162 163 164]] [11 [166 167 169 172 174 177 178]] [12 [184 186 188 189 190 191 193]] [13 [195 196 198 201 204 206 207 208]] [14 [210 211 212 213 214 216 219 221]] [15 [226 230 231 233 234 237 239]] [16 [242 243 245 246 247]] [17 [259 261 262 264 265 266 267]] [18 [271 273 275 277 281]] [19 [285 287 288 289 291 294 299]] [20 [302 307 309 310 311]] [21 [316 318 320 322 323 326 328]] [22 [332 333 335 336 339 341 344]] [23 [345 347 348 349 351 355 356]] [24 [360 363 364 365 370 373]] [25 [375 378 381 382 384 385 386]] [26 [391 395 396 397 400 402 404]] [27 [407 409 410 412 413 418 419]] [28 [420 422 423 424 425 426 428 429 431 432 434]] [29 [435 437 443 444 447 448 449]] [30 [451 452 453 456 459 461 462]] [31 [467 468 469 470 474 475 479]] [32 [480 482 483 484 488 489 490 491 493 494]] [33 [502 503 506 507 508 509]] [34 [510 511 512 513 515 516 518 519 521]] [35 [525 528 529 530 535 536 538 539]] [36 [540 541 546 550 551]] [37 [555 556 557 558 559 560 563 564 567 568 569]] [38 [570 571 574 576 580 581 582]] [39 [588 590 594 595 597 599]] [40 [600 604 606 608 610 611 613]] [41 [615 622 624 626 628 629]] [42 [633 636 639 640 641 642 643 644]] [43 [646 647 648 650 652 653 657]] [44 [660 663 667 668 670 671 672 674]] [45 [675 676 677 681 685 686 689]] [46 [692 694 695 697 701 702 703]] [47 [705 707 709 710 713 714 715 716 717 718 719]] [48 [721 723 727 728 731 734]] [49 [735 736 739 745 746 747 748 749]] [50 [752 753 755 757 758 759 764]] [51 [766 768 773 774 775 778 779]] [52 [784 785 786 787 789 790 792]] [53 [798 802 803 806 807 808 809]] [54 [811 813 816 817 819 822]] [55 [826 827 829 830 834 835]] [56 [841 842 843 844 847 848 850 851 852]] [57 [856 857 858 861 863 865 866 867]] [58 [870 871 872 874 875 877 879 881 883 884]] [59 [885 886 888 889 892 896 898]] [60 [900 901 902 904 905 906 907 913 914]] [61 [922 923 925 927 928 929]] [62 [930 931 935 936 938 939 941]] [63 [948 949 954 955 957 958 959]] [64 [960 961 963 964 968 971 972]] [65 [976 978 980 981 982 983 984 986 988 989]] [66 [991 992 994 998 999 1000 1001 1004]] [67 [1007 1008 1012 1014 1015 1016 1017 1019]] [68 [1020 1022 1024 1025 1026 1027 1028 1032 1034]] [69 [1036 1037 1042 1043 1044 1046 1047 1049]] [70 [1050 1052 1054 1056 1058 1060 1062 1064]] [71 [1065 1067 1068 1070 1071 1073 1076 1077]] [72 [1081 1084 1086 1087 1088 1093]] [73 [1095 1098 1100 1101 1103 1107 1109]] [74 [1110 1112 1117 1120 1122 1124]] [75 [1127 1128 1129 1135 1137 1139]] [76 [1140 1141 1144 1145 1148 1153 1154]] [77 [1155 1156 1158 1159 1161 1163 1164 1165]] [78 [1174 1175 1176 1177 1178 1179 1180 1182 1184]] [79 [1185 1186 1193 1194 1195 1196 1198]] [80 [1200 1203 1204 1206 1207 1212 1213]] [81 [1215 1216 1217 1221 1223 1224 1228]] [82 [1231 1233 1234 1235 1237 1238 1240 1243]] [83 [1247 1248 1251 1253 1255 1256]] [84 [1262 1263 1265 1266 1267 1269 1272 1273]] [85 [1276 1277 1280 1282 1284 1288]] [86 [1293 1294 1296 1298 1300 1303 1304]] [87 [1305 1310 1314 1316 1318 1319]] [88 [1320 1323 1325 1327 1329 1332 1333]] [89 [1335 1336 1339 1343 1344 1346 1348]] [90 [1350 1352 1353 1354 1355 1357 1359 1360 1364]] [91 [1366 1367 1369 1370 1371 1374 1376 1378]] [92 [1380 1381 1385 1386 1388 1389 1390 1391 1392 1393]] [93 [1396 1397 1398 1400 1402 1403 1404 1407 1408]] [94 [1411 1413 1415 1416 1417 1421 1424]] [95 [1425 1431 1432 1434 1437 1438]] [96 [1441 1444 1445 1449 1451]] [97 [1458 1460 1462 1463 1465 1467]] [98 [1471 1475 1477 1480 1484]] [99 [1487 1492 1493 1495 1496 1497 1499]]]",,"[[{media 52} [[""A"" [4 4 4 4 4 4 4 4 4 4]]]] [{media 53} [[""A"" [4 4 4 4 4 4 4 4 4 4]]]] [{media 54} [[""A"" [5 5 5 5 5 5 5 5 5 5]]]] [{media 57} [[""A"" [5 5 5 5 5 5 5 5 5 5]]]] [{media 59} [[""A"" [5 5 5 5 5 5 5 5 5 5]]]] [{media 60} [[""A"" [3 3 3 3 3 3 3 3 3 3]]]] [{media 61} [[""A"" [6 6 6 6 6 6 6 6 6 6]]]] [{media 62} [[""A"" [5 5 5 5 5 5 5 5 5 5]]]] [{media 51} [[""A"" [2 2 2 2 2 2 2 2 2 2]]]] [{citizen 4} [[""A"" [1 1 3 4 3 2 1 0 2 1]]]] [{citizen 5} [[""A"" [1 1 1 1 2 1 1 2 2 1]]]] [{citizen 8} [[""A"" [1 1 6 4 4 1 1 2 2 1]]]] [{media 50} [[""A"" [1 1 1 1 1 1 1 1 1 1]]]] [{citizen 6} [[""A"" [1 1 1 4 5 4 3 2 0 1]]]] [{citizen 9} [[""A"" [5 4 1 2 4 1 2 1 0 2]]]] [{media 63} [[""A"" [1 1 1 1 1 1 1 1 1 1]]]] [{citizen 1} [[""A"" [1 1 1 1 4 2 1 2 1 0]]]] [{media 58} [[""A"" [0 0 0 0 0 0 0 0 0 0]]]] [{citizen 3} [[""A"" [5 2 2 2 1 1 1 1 5 5]]]] [{media 56} [[""A"" [1 1 1 1 1 1 1 1 1 1]]]] [{media 55} [[""A"" [2 2 2 2 2 2 2 2 2 2]]]] [{media 64} [[""A"" [1 1 1 1 1 1 1 1 1 1]]]] [{citizen 37} [[""A"" [1 1 1 4 2 1 1 2 1 2]]]] [{citizen 7} [[""A"" [1 2 1 1 4 2 1 1 1 1]]]] [{citizen 24} [[""A"" [1 3 1 1 1 1 2 1 0 1]]]] [{citizen 10} [[""A"" [1 1 2 1 1 2 1 0 2 1]]]] [{citizen 48} [[""A"" [2 1 2 1 1 2 1 1 2 1]]]] [{citizen 31} [[""A"" [1 1 2 1 1 2 1 0 2 1]]]] [{citizen 49} [[""A"" [4 2 1 1 1 2 1 1 1 0]]]] [{citizen 35} [[""A"" [5 3 5 4 1 2 1 4 1 3]]]] [{citizen 38} [[""A"" [1 1 1 3 5 6 1 0 2 1]]]] [{citizen 36} [[""A"" [3 5 5 4 2 1 5 5 5 1]]]] [{citizen 42} [[""A"" [1 4 2 1 1 2 1 1 0 1]]]] [{citizen 33} [[""A"" [1 1 2 1 1 2 1 0 2 1]]]] [{citizen 20} [[""A"" [1 2 1 1 1 4 5 5 4 5]]]] [{citizen 28} [[""A"" [1 2 1 1 1 4 3 6 4 5]]]] [{citizen 43} [[""A"" [2 3 1 1 2 4 1 5 6 5]]]] [{citizen 39} [[""A"" [1 2 4 2 1 1 2 0 2 1]]]] [{citizen 34} [[""A"" [4 1 2 1 2 1 1 1 3 5]]]] [{citizen 17} [[""A"" [1 1 2 1 1 1 4 2 1 3]]]] [{citizen 2} [[""A"" [2 1 1 5 4 1 2 1 0 2]]]] [{citizen 27} [[""A"" [2 1 1 1 4 2 1 1 0 1]]]] [{citizen 30} [[""A"" [1 0 2 1 1 2 1 0 2 1]]]] [{citizen 29} [[""A"" [1 2 1 1 6 4 2 1 2 1]]]] [{citizen 15} [[""A"" [1 2 4 1 1 2 1 0 2 1]]]] [{citizen 11} [[""A"" [3 5 1 2 1 5 2 1 2 1]]]] [{citizen 44} [[""A"" [2 4 1 2 1 3 1 2 1 5]]]] [{citizen 16} [[""A"" [1 2 1 1 1 1 2 4 1 5]]]] [{citizen 40} [[""A"" [1 5 4 3 1 2 1 0 2 1]]]] [{citizen 26} [[""A"" [1 2 1 2 1 3 1 1 0 1]]]] [{citizen 18} [[""A"" [5 4 4 5 6 5 4 2 1 5]]]] [{citizen 23} [[""A"" [1 2 1 1 1 4 1 3 5 5]]]] [{citizen 14} [[""A"" [1 1 1 2 4 2 1 3 4 5]]]] [{citizen 0} [[""A"" [2 1 0 1 4 2 1 2 0 1]]]] [{citizen 25} [[""A"" [4 1 3 1 1 2 1 1 2 0]]]] [{citizen 45} [[""A"" [1 1 1 1 2 1 2 1 0 1]]]] [{citizen 21} [[""A"" [1 3 5 2 1 1 3 2 2 1]]]] [{citizen 12} [[""A"" [2 1 1 1 3 2 1 1 3 5]]]] [{citizen 22} [[""A"" [2 1 2 4 2 1 5 4 1 1]]]] [{citizen 13} [[""A"" [0 2 1 1 1 1 2 1 2 1]]]] [{citizen 19} [[""A"" [5 4 2 1 5 2 1 0 2 1]]]] [{citizen 41} [[""A"" [3 1 2 1 1 1 6 4 1 5]]]] [{citizen 47} [[""A"" [1 1 1 2 4 2 1 1 2 1]]]] [{citizen 46} [[""A"" [0 2 1 2 1 1 1 1 1 5]]]]]"
"33","[213 0 42]","84","10.410743870816436","1.017823777555411","""circle""","""""","9.9","{breed citizens}","false","0.5","1","""up""",,"[[""ID"" 33] [""alpha"" 1] [""beta"" 1] [""malleable"" [""A""]] [""prior"" []] [""cont_tokens"" []] [""A"" 1]]","[[0 [0 1 2 3 4 5 6 7 8 9 10 11 12 13 14]] [1 [16 18 20 21 22 23 24 25 27 28]] [2 [30 31 32 33 34 35 36 37 38 39 40 41 42 43 44]] [3 [45 46 47 48 49 50 51 52 53 54 55 56 57 58]] [4 [60 61 62 63 64 65 66 67 68 69 70 71 72 73 74]] [5 [75 76 77 78 79 80 81 82 83 84 85 86 87 88 89]] [6 [90 91 92 93 94 95 96 97 98 99 100 101 102 103 104]] [7 [105 106 107 108 109 110 111 112 113 114 115 116 117 118 119]] [8 [120 121 122 123 124 125 126 127 128 129 130 131 132 133 134]] [9 [136 137 138 139 142 145 146 147 149]] [10 [150 151 152 153 154 155 156 158 159 160 161 162 163 164]] [11 [166 167 169 170 171 172 173 174 175 176 177 178 179]] [12 [180 181 182 183 184 185 186 187 188 189 190 191 192 193 194]] [13 [195 196 197 198 199 200 201 202 203 204 205 206 207 208 209]] [14 [210 211 212 213 214 215 216 217 218 219 220 221 222 223 224]] [15 [225 226 227 228 229 230 231 232 233 234 235 236 237 238 239]] [16 [240 241 242 243 244 245 246 247 248 249 250 251 252 253 254]] [17 [255 256 257 258 259 260 261 262 263 264 265 266 267 268 269]] [18 [270 271 272 273 274 275 276 277 278 279 280 281 282 283 284]] [19 [285 286 287 288 289 290 291 292 293 294 295 296 297 298 299]] [20 [300 301 302 303 304 305 306 307 308 309 310 311 312 313 314]] [21 [315 316 317 318 319 320 321 322 323 324 325 326 327 328 329]] [22 [330 331 332 333 334 335 336 337 338 339 340 341 342 343 344]] [23 [345 346 347 348 349 350 351 352 353 354 355 356 357 358]] [24 [360 361 362 366 367 368 369 371 374]] [25 [375 376 377 378 379 380 381 382 383 384 385 386 387 388 389]] [26 [390 391 392 393 394 395 396 397 398 399 400 401 402 403 404]] [27 [405 406 407 408 409 410 411 412 413 415 416 417 418 419]] [28 [420 421 422 423 424 425 426 427 428 429 430 431 432 433 434]] [29 [435 436 437 438 439 440 441 442 443 444 445 446 447 448 449]] [30 [450 451 452 453 454 455 456 457 458 459 460 461 462 463 464]] [31 [465 466 467 468 469 470 471 472 473 474 475 476 477 478 479]] [32 [480 481 482 483 484 485 486 487 488 489 490 491 492 493 494]] [33 [495 496 497 498 501 504 505 509]] [34 [510 511 512 513 514 515 516 517 518 519 520 521 522 523 524]] [35 [525 526 527 528 529 530 531 532 533 534 535 536 537 538 539]] [36 [540 541 542 543 544 545 546 547 548 549 550 551 552 553 554]] [37 [555 556 557 558 559 560 561 562 563 564 565 566 567 568 569]] [38 [570 571 572 573 574 575 576 577 578 579 580 581 582 583 584]] [39 [585 586 587 588 589 590 591 592 593 594 595 596 597 598 599]] [40 [600 601 602 603 604 605 606 607 608 609 610 611 612 613 614]] [41 [615 616 617 618 619 620 621 622 623 624 625 626 627 628 629]] [42 [630 631 632 633 634 635 636 637 638 639 640 641 642 643 644]] [43 [645 646 647 648 649 650 651 652 653 654 655 656 657 658 659]] [44 [660 662 663 664 665 666 667 668 669 670 671 672 673 674]] [45 [675 676 677 678 679 680 681 682 683 684 685 686 687 688 689]] [46 [690 691 692 693 694 695 696 697 698 699 700 701 702 703 704]] [47 [705 706 707 708 709 710 711 712 713 714 715 716 717 718 719]] [48 [720 721 722 723 724 725 726 727 728 729 730 731 732 734]] [49 [735 736 737 738 739 740 741 742 743 744 745 746 747 748 749]] [50 [750 751 752 753 755 757 758 759 760 761 762 763 764]] [51 [765 766 767 768 769 770 771 772 773 774 775 776 777 778 779]] [52 [780 781 782 783 784 785 786 787 788 789 790 791 792 793 794]] [53 [795 796 797 798 799 800 801 802 803 804 805 806 807 808 809]] [54 [810 811 812 813 814 815 816 817 818 819 820 821 822 823 824]] [55 [826 827 828 829 830 831 832 833 834 835 836 837 838 839]] [56 [840 841 842 843 844 845 846 847 848 849 850 851 852 853 854]] [57 [855 856 857 858 859 860 861 862 863 864 865 866 867 868 869]] [58 [870 871 872 873 874 875 876 877 878 879 881 882 883 884]] [59 [885 886 887 888 889 890 891 892 893 894 895 896 897 898 899]] [60 [900 901 902 903 904 905 906 907 908 909 910 911 912 913 914]] [61 [915 916 917 918 919 920 921 922 923 924 925 926 927 928 929]] [62 [930 931 934 935 936 938 939 941]] [63 [948 949 951 954 955 957 958 959]] [64 [960 961 963 964 968 969 971 972]] [65 [975 976 977 978 980 981 982 983 984 985 986 987 988 989]] [66 [990 991 992 994 995 996 997 998 999 1000 1001 1002 1003 1004]] [67 [1005 1006 1007 1008 1009 1010 1011 1012 1013 1014 1015 1016 1017 1019]] [68 [1020 1022 1024 1025 1026 1027 1028 1029 1030 1031 1032 1033 1034]] [69 [1035 1036 1037 1038 1039 1040 1041 1042 1043 1044 1045 1046 1047 1048 1049]] [70 [1050 1051 1052 1053 1054 1055 1056 1057 1058 1059 1060 1061 1062 1063 1064]] [71 [1065 1066 1067 1068 1069 1070 1071 1072 1073 1074 1075 1076 1077 1079]] [72 [1080 1081 1082 1083 1084 1086 1087 1088 1091 1093]] [73 [1095 1098 1099 1100 1101 1103 1107 1109]] [74 [1110 1111 1112 1113 1114 1115 1116 1117 1118 1119 1120 1122 1123 1124]] [75 [1125 1126 1127 1128 1129 1130 1131 1132 1133 1134 1135 1136 1137 1138 1139]] [76 [1140 1141 1142 1143 1144 1145 1146 1147 1148 1149 1150 1151 1152 1153 1154]] [77 [1155 1156 1157 1158 1159 1160 1161 1162 1163 1164 1165 1166 1167 1168 1169]] [78 [1170 1171 1172 1173 1174 1175 1176 1177 1178 1179 1180 1181 1182 1183 1184]] [79 [1185 1186 1187 1188 1189 1190 1191 1192 1193 1194 1195 1196 1197 1198 1199]] [80 [1200 1201 1202 1203 1204 1205 1206 1207 1208 1209 1210 1211 1212 1213 1214]] [81 [1215 1216 1217 1221 1223 1224 1226 1227 1228 1229]] [82 [1230 1231 1232 1233 1234 1235 1236 1237 1238 1239 1240 1241 1242 1243 1244]] [83 [1245 1246 1247 1248 1249 1250 1251 1252 1253 1254 1255 1256 1257 1258 1259]] [84 [1260 1261 1262 1263 1264 1265 1266 1267 1268 1269 1270 1271 1272 1273]] [85 [1275 1276 1277 1278 1279 1280 1281 1282 1283 1284 1285 1286 1287 1288]] [86 [1290 1291 1292 1293 1294 1295 1296 1297 1298 1299 1300 1301 1302 1303 1304]] [87 [1305 1306 1307 1308 1309 1310 1311 1312 1313 1314 1315 1316 1317 1318 1319]] [88 [1320 1321 1322 1323 1324 1325 1326 1327 1328 1329 1330 1331 1332 1333 1334]] [89 [1335 1336 1337 1338 1339 1340 1341 1342 1343 1344 1345 1346 1347 1348 1349]] [90 [1350 1351 1352 1353 1354 1355 1357 1359 1360 1361 1362 1363 1364]] [91 [1365 1366 1367 1368 1369 1370 1371 1372 1373 1374 1375 1376 1377 1378 1379]] [92 [1380 1381 1382 1383 1384 1385 1386 1387 1388 1389 1390 1391 1392 1393 1394]] [93 [1395 1396 1397 1398 1399 1400 1401 1402 1403 1404 1405 1406 1407 1408 1409]] [94 [1410 1411 1412 1413 1414 1415 1416 1417 1418 1419 1420 1421 1422 1423 1424]] [95 [1425 1427 1428 1429 1431 1432 1434 1437 1438 1439]] [96 [1440 1441 1442 1443 1444 1445 1446 1447 1448 1449 1450 1451 1452 1453 1454]] [97 [1455 1456 1457 1458 1459 1460 1461 1462 1463 1464 1465 1466 1467 1468 1469]] [98 [1470 1471 1472 1473 1474 1475 1476 1477 1478 1479 1480 1484]] [99 [1485 1486 1487 1488 1489 1490 1491 1492 1493 1494 1495 1496 1497 1498 1499]]]","[[0 [0 1 2 4 8 9 11 13]] [1 [16 18 20 21 23 25 27 28]] [2 [30 31 32 34 36 37 44]] [3 [45 46 47 48 49 50 52]] [4 [62 64 65 66 67 70 71 72]] [5 [75 79 80 81 82 83 85 88 89]] [6 [90 92 93 100 102 103]] [7 [105 106 108 109 111 112 119]] [8 [120 121 125 127 130 131 132 134]] [9 [136 137 138 139 142 145 146 147 149]] [10 [150 151 154 156 158 163 164]] [11 [167 169 173 175 176 179]] [12 [180 181 182 184 186 188 189 190 191 193]] [13 [195 196 198 201 204 206 207 208]] [14 [210 211 212 214 215 217 218 220 222 223]] [15 [225 227 228 232 235 236 238]] [16 [240 241 242 243 245 246 247]] [17 [259 262 264 265 268 269]] [18 [270 272 273 275 276 277 280 281]] [19 [285 287 288 289 291 292 293 295 296 297 298]] [20 [300 301 302 304 305 306 312 313 314]] [21 [315 316 318 320 324 329]] [22 [330 331 333 335 336 339 340 341 344]] [23 [345 347 348 349 351 353 354 357 358]] [24 [362 366 367 368 369 371 374]] [25 [375 378 381 382 384 386]] [26 [391 395 396 397 400 402 404]] [27 [405 407 410 412 413 419]] [28 [420 422 423 424 425 426 428 429 431 432 434]] [29 [436 437 443 444 447 448 449]] [30 [451 452 453 456 459 461 462]] [31 [466 467 470 474 475 479]] [32 [480 482 483 484 485 486 487 492]] [33 [495 496 497 498 501 504 505 509]] [34 [514 515 516 517 518 519 521 522]] [35 [526 527 531 532 534 536 537]] [36 [542 544 545 546 547 550 551]] [37 [555 556 558 561 565 566]] [38 [573 575 577 578 579 583]] [39 [586 589 591 592 594 595 597 599]] [40 [600 604 606 608 609 612 614]] [41 [616 617 618 619 621 625 627]] [42 [630 631 632 634 637 638 639 640 641 642 643 644]] [43 [646 647 648 650 652 653 657]] [44 [660 663 670 671 672 674]] [45 [675 676 677 681 684 685 686 687 688]] [46 [691 693 695 697 701 702 703]] [47 [705 707 709 710 711 713 714 715 716 717 719]] [48 [721 723 727 728 731 734]] [49 [735 736 739 747 748 749]] [50 [751 752 753 755 760 761 762 763]] [51 [765 768 773 774 775 778 779]] [52 [784 785 786 787 789 790 792 794]] [53 [795 796 797 799 800 801]] [54 [810 811 813 816 817 819 822]] [55 [827 829 830 834 835]] [56 [841 842 843 844 847 848 850 851 852]] [57 [856 857 858 861 863 865 866 867 869]] [58 [872 874 875 877 882]] [59 [885 886 887 891 893 894 895 897]] [60 [902 904 905 906 907 910 911 912]] [61 [915 916 917 918 919 922 923 925 927 929]] [62 [930 931 934 935 936 938 939 941]] [63 [948 949 954 955 958 959]] [64 [960 961 963 964 968 971 972]] [65 [976 978 980 981 982 983 984 986 988 989]] [66 [991 992 994 995 997 1002 1003 1004]] [67 [1007 1008 1012 1014 1015 1016 1019]] [68 [1020 1022 1024 1025 1028 1032 1034]] [69 [1036 1037 1042 1043 1044 1046 1048]] [70 [1051 1053 1055 1057 1059 1060 1062 1064]] [71 [1065 1067 1068 1070 1071 1073 1074 1075 1076 1077]] [72 [1080 1081 1083 1084 1087 1088 1093]] [73 [1095 1098 1099 1100 1101 1103 1107 1109]] [74 [1110 1112 1116 1117 1120 1122 1124]] [75 [1127 1128 1129 1135 1137 1139]] [76 [1140 1143 1145 1153 1154]] [77 [1155 1157 1160 1163 1164 1165]] [78 [1174 1176 1178 1179 1180 1182 1184]] [79 [1185 1186 1189 1190 1192 1197 1199]] [80 [1200 1203 1204 1206 1207 1212 1213]] [81 [1215 1216 1217 1221 1223 1224 1228]] [82 [1230 1231 1232 1241 1242 1244]] [83 [1245 1246 1248 1251 1253 1255 1256 1258]] [84 [1262 1263 1265 1266 1267 1270 1271]] [85 [1275 1278 1279 1281 1283 1285 1287]] [86 [1290 1291 1292 1293 1294 1296 1298 1300 1303 1304]] [87 [1305 1306 1307 1308 1309 1311 1312 1313 1315]] [88 [1321 1322 1324 1326 1328 1331]] [89 [1335 1336 1339 1342 1345 1347 1349]] [90 [1351 1354 1355 1357 1359 1360 1361 1363]] [91 [1365 1368 1372 1373 1375 1377 1379]] [92 [1382 1383 1384 1387 1392 1393]] [93 [1396 1397 1398 1400 1402 1403 1404 1407 1408]] [94 [1411 1413 1415 1416 1417 1421 1424]] [95 [1427 1428 1429 1431 1432 1434 1437 1438]] [96 [1441 1442 1443 1447 1448 1449 1451]] [97 [1458 1460 1462 1463 1465 1467]] [98 [1471 1473 1476 1478 1479 1480 1484]] [99 [1489 1493 1495 1496 1497 1498 1499]]]",,"[[{media 52} [[""A"" [4 4 4 4 4 4 4 4 4 4]]]] [{media 53} [[""A"" [4 4 4 4 4 4 4 4 4 4]]]] [{media 54} [[""A"" [5 5 5 5 5 5 5 5 5 5]]]] [{media 57} [[""A"" [5 5 5 5 5 5 5 5 5 5]]]] [{media 59} [[""A"" [5 5 5 5 5 5 5 5 5 5]]]] [{media 60} [[""A"" [3 3 3 3 3 3 3 3 3 3]]]] [{media 61} [[""A"" [6 6 6 6 6 6 6 6 6 6]]]] [{media 62} [[""A"" [5 5 5 5 5 5 5 5 5 5]]]] [{media 51} [[""A"" [2 2 2 2 2 2 2 2 2 2]]]] [{citizen 4} [[""A"" [1 3 4 3 2 1 1 0 2 1]]]] [{citizen 5} [[""A"" [4 3 1 0 1 1 1 1 2 1]]]] [{citizen 8} [[""A"" [1 1 1 6 4 1 3 1 2 1]]]] [{citizen 11} [[""A"" [4 2 1 1 3 6 5 2 1 1]]]] [{media 50} [[""A"" [1 1 1 1 1 1 1 1 1 1]]]] [{citizen 6} [[""A"" [1 1 1 0 1 2 5 4 3 2]]]] [{citizen 7} [[""A"" [2 1 2 1 3 2 1 1 1 1]]]] [{media 63} [[""A"" [1 1 1 1 1 1 1 1 1 1]]]] [{media 58} [[""A"" [0 0 0 0 0 0 0 0 0 0]]]] [{citizen 3} [[""A"" [2 2 1 2 1 3 1 2 1 3]]]] [{media 56} [[""A"" [1 1 1 1 1 1 1 1 1 1]]]] [{citizen 1} [[""A"" [1 0 1 2 1 3 5 1 1 0]]]] [{media 55} [[""A"" [2 2 2 2 2 2 2 2 2 2]]]] [{media 64} [[""A"" [1 1 1 1 1 1 1 1 1 1]]]] [{citizen 41} [[""A"" [2 0 1 1 3 1 2 1 1 5]]]] [{citizen 17} [[""A"" [0 1 1 1 2 1 1 1 1 3]]]] [{citizen 12} [[""A"" [1 1 3 1 2 1 1 1 3 5]]]] [{citizen 29} [[""A"" [1 1 1 1 6 1 3 5 2 1]]]] [{citizen 14} [[""A"" [3 1 1 1 1 2 1 3 4 5]]]] [{citizen 31} [[""A"" [1 2 1 1 3 2 1 1 1 1]]]] [{citizen 13} [[""A"" [3 1 0 2 2 1 1 2 1 1]]]] [{citizen 25} [[""A"" [1 1 3 1 3 1 2 1 1 2]]]] [{citizen 20} [[""A"" [1 1 0 1 2 5 3 5 4 5]]]] [{citizen 23} [[""A"" [1 2 1 3 2 1 3 5 6 5]]]] [{citizen 16} [[""A"" [2 1 1 3 1 2 1 3 6 5]]]] [{citizen 34} [[""A"" [1 3 1 2 0 1 2 1 3 5]]]] [{citizen 42} [[""A"" [1 2 1 1 2 1 1 2 1 1]]]] [{citizen 45} [[""A"" [4 3 1 1 0 1 1 1 0 1]]]] [{citizen 24} [[""A"" [2 4 1 2 1 3 2 1 1 1]]]] [{citizen 28} [[""A"" [3 1 1 0 1 5 3 6 5 4]]]] [{citizen 40} [[""A"" [3 5 4 3 1 2 1 1 0 2]]]] [{citizen 43} [[""A"" [1 3 1 3 1 2 1 3 6 5]]]] [{citizen 10} [[""A"" [3 1 2 1 2 1 2 1 1 2]]]] [{citizen 21} [[""A"" [3 1 1 3 2 1 1 3 2 1]]]] [{citizen 19} [[""A"" [1 1 1 3 5 1 3 6 2 1]]]] [{citizen 2} [[""A"" [1 2 1 1 3 5 1 2 1 0]]]] [{citizen 27} [[""A"" [1 2 1 3 1 4 1 3 1 1]]]] [{citizen 0} [[""A"" [5 4 1 1 1 0 1 2 1 0]]]] [{citizen 15} [[""A"" [1 2 1 1 2 1 1 0 2 1]]]] [{citizen 18} [[""A"" [5 5 5 4 4 5 6 5 4 1]]]] [{citizen 36} [[""A"" [1 1 3 1 5 4 5 4 1 1]]]] [{citizen 49} [[""A"" [1 1 1 2 1 1 3 1 1 1]]]] [{citizen 22} [[""A"" [1 2 1 4 3 6 5 4 1 1]]]] [{citizen 44} [[""A"" [2 1 3 1 2 1 2 3 6 5]]]] [{citizen 9} [[""A"" [4 4 4 3 1 1 2 1 1 0]]]] [{citizen 48} [[""A"" [2 1 1 3 1 2 1 1 2 1]]]] [{citizen 30} [[""A"" [1 1 0 2 1 1 1 2 1 0]]]] [{citizen 39} [[""A"" [1 1 2 1 1 1 3 2 2 1]]]] [{citizen 35} [[""A"" [5 4 5 3 1 1 1 1 1 3]]]] [{citizen 38} [[""A"" [2 1 3 1 1 1 3 6 1 0]]]] [{citizen 37} [[""A"" [2 1 2 1 0 2 1 1 2 1]]]] [{citizen 32} [[""A"" [5 4 5 1 1 3 4 3 4 1]]]] [{citizen 26} [[""A"" [1 2 1 2 1 3 1 1 1 0]]]] [{citizen 47} [[""A"" [1 1 0 1 2 1 1 2 1 1]]]] [{citizen 46} [[""A"" [2 1 2 1 1 1 3 1 1 3]]]]]"
"34","[43 0 212]","93","10.518996084684991","-0.8702356073266322","""circle""","""""","9.9","{breed citizens}","false","0.5","1","""up""",,"[[""ID"" 34] [""alpha"" 1] [""beta"" 1] [""malleable"" [""A""]] [""prior"" []] [""cont_tokens"" []] [""A"" 5]]","[[0 [0 1 2 3 4 5 6 7 8 9 10 11 12 13 14]] [1 [16 18 20 21 22 23 24 25 27 28]] [2 [30 31 32 33 34 35 36 37 38 39 40 41 42 43 44]] [3 [45 46 47 48 49 50 51 52 53 54 55 56 57 58]] [4 [60 61 62 63 64 65 66 67 68 69 70 71 72 73 74]] [5 [75 76 77 78 79 80 81 82 83 84 85 86 87 88 89]] [6 [90 92 93 94 95 96 97 98 99 100 101 102 103 104]] [7 [105 106 107 108 109 110 111 112 113 114 115 116 117 118 119]] [8 [120 121 122 123 124 125 126 127 128 129 130 131 132 134]] [9 [136 137 138 139 142 145 146 147 149]] [10 [150 151 152 153 154 155 156 158 159 160 161 162 163 164]] [11 [166 167 169 170 171 172 173 174 175 176 177 178 179]] [12 [180 181 182 183 184 185 186 187 188 189 190 191 192 193 194]] [13 [195 196 197 198 199 200 201 202 203 204 205 206 207 208 209]] [14 [210 211 212 213 214 215 216 217 218 219 220 221 222 223 224]] [15 [225 226 227 228 229 230 231 232 233 234 235 236 237 238 239]] [16 [240 241 242 243 244 245 246 247 248 249 250 251 252 253 254]] [17 [255 256 257 258 259 260 261 262 263 264 265 266 267 268 269]] [18 [270 271 272 273 274 275 276 277 278 279 280 281 282 283 284]] [19 [285 286 287 288 289 290 291 292 293 294 295 296 297 298 299]] [20 [300 301 302 303 304 305 306 307 308 309 310 311 312 313 314]] [21 [315 316 317 318 319 320 321 322 323 324 325 326 327 328 329]] [22 [330 331 332 333 334 335 336 337 338 339 340 341 342 343 344]] [23 [345 346 347 348 349 350 351 352 353 354 355 356 357 358]] [24 [360 361 362 366 367 368 369 371 374]] [25 [375 376 377 378 379 380 381 382 383 384 385 386 387 388 389]] [26 [390 391 392 393 394 395 396 397 398 399 400 401 402 403 404]] [27 [405 406 407 408 409 410 411 412 413 414 415 416 417 418 419]] [28 [420 421 422 423 424 425 426 427 428 429 430 431 432 433 434]] [29 [435 436 437 438 439 440 441 442 443 444 445 446 447 448 449]] [30 [450 451 452 453 454 455 456 457 458 459 460 461 462 463 464]] [31 [465 466 467 468 469 470 471 472 473 474 475 476 477 478 479]] [32 [480 481 482 483 484 485 486 487 488 489 490 491 492 493 494]] [33 [495 496 497 498 499 501 502 503 504 505 506 507 508 509]] [34 [510 511 512 513 514 515 516 517 518 519 520 521 522 523 524]] [35 [525 526 527 528 529 530 531 532 533 534 535 536 537 538 539]] [36 [540 541 542 543 544 545 546 547 548 549 550 551 552 553 554]] [37 [555 556 557 558 559 560 561 562 563 564 565 566 567 568 569]] [38 [570 571 572 573 574 575 576 577 578 579 580 581 582 583 584]] [39 [585 586 587 588 589 590 591 592 593 594 595 596 597 598 599]] [40 [600 601 602 603 604 605 606 607 608 609 610 611 612 613 614]] [41 [615 616 617 618 619 620 621 622 624 625 626 627 628 629]] [42 [630 631 632 633 634 635 636 637 638 639 640 641 642 643 644]] [43 [645 646 647 648 649 650 651 652 653 654 655 656 657 658 659]] [44 [660 661 662 663 664 665 666 667 668 669 670 671 672 673 674]] [45 [675 676 677 678 679 680 681 682 683 684 685 686 687 688 689]] [46 [690 691 692 693 694 695 696 697 698 699 700 701 702 703 704]] [47 [705 706 707 708 709 710 711 712 713 714 715 716 717 718 719]] [48 [720 721 722 723 724 725 726 727 728 729 730 731 732 734]] [49 [735 736 737 738 739 740 741 742 743 744 745 746 747 748 749]] [50 [750 751 752 753 755 757 758 759 760 761 762 763 764]] [51 [765 766 767 768 769 770 771 772 773 774 775 776 777 778 779]] [52 [780 781 782 783 784 785 786 787 788 789 790 791 792 793 794]] [53 [795 796 797 798 799 800 801 802 803 804 805 806 807 808 809]] [54 [810 811 812 813 814 815 816 817 818 819 820 821 822 824]] [55 [826 827 828 829 830 831 832 833 834 835 836 837 838 839]] [56 [840 841 842 843 844 845 846 847 848 849 850 851 852 853 854]] [57 [855 856 857 858 859 860 861 862 863 864 865 866 867 868 869]] [58 [870 871 872 873 874 875 876 877 878 879 881 882 883 884]] [59 [885 886 887 888 889 890 891 892 893 894 895 896 897 898 899]] [60 [900 901 902 903 904 905 906 907 908 909 910 911 912 913 914]] [61 [915 916 917 918 919 920 921 922 923 924 925 926 927 928 929]] [62 [930 931 934 935 936 938 939 941]] [63 [948 949 951 954 955 957 958 959]] [64 [960 961 963 964 968 969 971 972]] [65 [975 976 977 978 980 981 982 983 984 985 986 987 988 989]] [66 [990 991 992 994 995 996 997 998 999 1000 1001 1002 1003 1004]] [67 [1005 1006 1007 1008 1009 1010 1011 1012 1013 1014 1015 1016 1017 1019]] [68 [1020 1022 1024 1025 1026 1027 1028 1029 1030 1031 1032 1033 1034]] [69 [1035 1036 1037 1038 1039 1040 1041 1042 1043 1044 1045 1046 1047 1048 1049]] [70 [1050 1051 1052 1053 1054 1055 1056 1057 1058 1059 1060 1061 1062 1063 1064]] [71 [1065 1066 1067 1068 1069 1070 1071 1072 1073 1074 1075 1076 1077 1079]] [72 [1080 1081 1082 1083 1084 1086 1087 1088 1091 1093]] [73 [1095 1098 1099 1100 1101 1103 1107 1109]] [74 [1110 1111 1112 1113 1114 1115 1116 1117 1118 1119 1120 1122 1123 1124]] [75 [1125 1126 1127 1128 1129 1130 1131 1132 1133 1134 1135 1136 1137 1138 1139]] [76 [1140 1141 1142 1143 1144 1145 1146 1147 1148 1149 1150 1151 1152 1153 1154]] [77 [1155 1156 1157 1158 1159 1160 1161 1162 1163 1164 1165 1166 1167 1168 1169]] [78 [1170 1171 1172 1173 1174 1175 1176 1177 1178 1179 1180 1181 1182 1183 1184]] [79 [1185 1186 1187 1188 1189 1190 1191 1192 1193 1194 1195 1196 1197 1198 1199]] [80 [1200 1201 1202 1203 1204 1205 1206 1207 1208 1209 1210 1211 1212 1213 1214]] [81 [1215 1216 1217 1218 1219 1220 1221 1222 1223 1224 1225 1226 1227 1228 1229]] [82 [1230 1231 1232 1233 1234 1235 1236 1237 1238 1239 1240 1241 1242 1243 1244]] [83 [1245 1246 1247 1248 1249 1250 1251 1252 1253 1254 1255 1256 1257 1258 1259]] [84 [1260 1261 1262 1263 1264 1265 1266 1267 1268 1269 1270 1271 1272 1273 1274]] [85 [1275 1276 1277 1278 1279 1280 1281 1282 1283 1284 1285 1286 1287 1288]] [86 [1290 1291 1292 1293 1294 1295 1296 1297 1298 1299 1300 1301 1302 1303 1304]] [87 [1305 1306 1307 1308 1309 1310 1311 1312 1313 1314 1315 1316 1317 1318 1319]] [88 [1320 1321 1322 1323 1324 1325 1326 1327 1328 1329 1330 1331 1332 1333 1334]] [89 [1335 1336 1337 1338 1339 1340 1341 1342 1343 1344 1345 1346 1347 1348 1349]] [90 [1350 1351 1352 1353 1354 1355 1357 1359 1360 1361 1362 1363 1364]] [91 [1365 1366 1367 1368 1369 1370 1371 1372 1373 1374 1375 1376 1377 1378 1379]] [92 [1380 1381 1382 1383 1384 1385 1386 1387 1388 1389 1390 1391 1392 1393 1394]] [93 [1395 1396 1397 1398 1399 1400 1401 1402 1403 1404 1405 1406 1407 1408 1409]] [94 [1410 1411 1412 1413 1415 1416 1417 1421 1424]] [95 [1425 1427 1428 1429 1431 1432 1434 1437 1438 1439]] [96 [1440 1441 1442 1443 1444 1445 1446 1447 1448 1449 1450 1451 1452 1453 1454]] [97 [1455 1456 1457 1458 1459 1460 1461 1462 1463 1464 1465 1466 1467 1468 1469]] [98 [1470 1471 1472 1473 1474 1475 1476 1477 1478 1479 1480 1484]] [99 [1485 1486 1487 1488 1489 1490 1491 1492 1493 1494 1495 1496 1497 1498 1499]]]","[[0 [0 1 2 4 8 9 11 13]] [1 [16 18 20 21 23 25 27 28]] [2 [30 31 32 34 36 37 43]] [3 [45 46 47 48 49 50 52]] [4 [62 64 65 66 67 73 74]] [5 [76 77 78 84 86 87]] [6 [92 93 98 99 100 102 103]] [7 [107 108 109 111 112 119]] [8 [120 121 125 127 130 131 132 134]] [9 [136 137 138 139 142]] [10 [152 153 154 156 158 163 164]] [11 [166 167 169 171 172 174 177 178]] [12 [182 183 185 187 192 193]] [13 [195 196 198 201 202 203 205 209]] [14 [213 214 215 217 218 220 222 223]] [15 [225 227 228 232 235 236 238]] [16 [240 241 242 243 245 246 247 253]] [17 [258 260 261 262 264 265 268 269]] [18 [270 272 274 278 279 282 283]] [19 [286 290 291 292 293 295 296 298]] [20 [300 301 302 304 305 306 312 313 314]] [21 [315 316 318 320 322 323 325 327 329]] [22 [330 331 334 337 338 340 341 344]] [23 [345 347 348 349 351 353 354 357 358]] [24 [362 366 367 368 369 371 374]] [25 [376 379 380 383 385 388 389]] [26 [390 392 393 394 395 396 397 400 402 404]] [27 [407 409 410 412 413 418 419]] [28 [420 422 423 424 425 430 433]] [29 [435 438 439 440 441 442 444 447 448 449]] [30 [451 452 453 456 459 461 462]] [31 [467 471 472 473 476 477 478]] [32 [481 484 485 486 487 492]] [33 [496 497 498 501 504 505 509]] [34 [510 511 513 520 523 524]] [35 [526 527 531 532 533 534 537]] [36 [542 544 545 546 550 551]] [37 [555 556 557 558 562 563 564 567 568 569]] [38 [571 574 576 580 581 582]] [39 [588 592 594 595 597 599]] [40 [600 604 606 608 609 611 613]] [41 [615 620 621 625 627]] [42 [630 631 632 634 637 643]] [43 [646 647 648 650 652 653 657]] [44 [660 663 670 671 672]] [45 [675 676 677 678 679 680 684 685 687 688]] [46 [690 693 694 695 697 701 702 703 704]] [47 [706 708 712 716 717 719]] [48 [721 723 725 727 728 731 734]] [49 [735 736 739 747 748 749]] [50 [752 753 755 760 761 762 763]] [51 [765 768 773 774 775 778 779]] [52 [784 785 786 787 790 792]] [53 [798 802 803 804 805 809]] [54 [810 811 813 816 819 822 824]] [55 [831 832 833 838 839]] [56 [840 845 846 847 848 850 851 852]] [57 [856 857 858 861 864 868 869]] [58 [872 874 875 882 884]] [59 [885 886 888 889 892 896 898]] [60 [901 902 903 904 905 906 907 910 911 912]] [61 [915 916 917 918 919 922 923 925 927 928 929]] [62 [930 931 935 936 938 939 941]] [63 [948 949 951 954 955 957 958 959]] [64 [960 961 963 964 968 969 971 972]] [65 [976 978 980 981 982 983 986 988 989]] [66 [990 995 996 997 1002 1003 1004]] [67 [1007 1008 1012 1014 1015 1016 1019]] [68 [1020 1022 1024 1025 1026 1027 1028 1032 1034]] [69 [1036 1037 1042 1043 1044 1046]] [70 [1050 1052 1054 1056 1058 1060 1062 1064]] [71 [1065 1067 1068 1070 1071 1073 1077]] [72 [1081 1083 1084 1087 1088 1093]] [73 [1095 1098 1099 1100 1101 1103 1107 1109]] [74 [1110 1116 1117 1119 1120 1122 1124]] [75 [1130 1131 1132 1133 1134 1136 1138]] [76 [1141 1142 1146 1147 1149 1152]] [77 [1155 1156 1158 1161 1163 1164 1165]] [78 [1174 1176 1178 1179 1180 1182 1184]] [79 [1185 1186 1193 1194 1195 1196 1198]] [80 [1201 1202 1205 1206 1207 1212 1213]] [81 [1215 1216 1217 1221 1223 1224 1229]] [82 [1233 1234 1235 1236 1239 1240 1243]] [83 [1247 1248 1251 1253 1254 1257 1259]] [84 [1260 1261 1264 1268 1269 1272 1273]] [85 [1276 1277 1280 1282 1284 1288]] [86 [1293 1294 1296 1298 1300 1303 1304]] [87 [1305 1306 1308 1309 1311 1312 1313 1315]] [88 [1321 1322 1324 1326 1328 1330 1332 1333 1334]] [89 [1337 1338 1340 1341 1343 1344 1346 1349]] [90 [1351 1354 1355 1357 1359 1360 1364]] [91 [1366 1367 1369 1370 1372 1373 1375 1377 1379]] [92 [1382 1383 1384 1387 1389 1390 1394]] [93 [1395 1399 1401 1402 1403 1404 1407 1408]] [94 [1411 1413 1415 1416 1417 1421 1424]] [95 [1425 1431 1432 1434 1437 1438]] [96 [1441 1444 1445 1446 1448 1449 1451]] [97 [1457 1459 1460 1462 1463 1465 1467]] [98 [1472 1473 1476 1478 1479 1480 1484]] [99 [1487 1491 1492 1494]]]",,"[[{citizen 37} [[""A"" [1 1 0 2 4 2 1 2 1 1]]]] [{media 52} [[""A"" [4 4 4 4 4 4 4 4 4 4]]]] [{media 53} [[""A"" [4 4 4 4 4 4 4 4 4 4]]]] [{media 54} [[""A"" [5 5 5 5 5 5 5 5 5 5]]]] [{media 57} [[""A"" [5 5 5 5 5 5 5 5 5 5]]]] [{media 59} [[""A"" [5 5 5 5 5 5 5 5 5 5]]]] [{media 60} [[""A"" [3 3 3 3 3 3 3 3 3 3]]]] [{media 61} [[""A"" [6 6 6 6 6 6 6 6 6 6]]]] [{media 62} [[""A"" [5 5 5 5 5 5 5 5 5 5]]]] [{media 51} [[""A"" [2 2 2 2 2 2 2 2 2 2]]]] [{citizen 4} [[""A"" [2 1 1 1 4 4 1 1 0 2]]]] [{citizen 5} [[""A"" [4 1 1 1 1 2 1 1 2 1]]]] [{citizen 6} [[""A"" [1 1 1 0 2 5 4 3 2 1]]]] [{citizen 7} [[""A"" [1 2 1 1 4 2 2 1 1 1]]]] [{citizen 12} [[""A"" [2 1 1 1 2 1 1 2 1 5]]]] [{citizen 16} [[""A"" [1 2 1 1 1 2 2 1 6 5]]]] [{media 50} [[""A"" [1 1 1 1 1 1 1 1 1 1]]]] [{media 63} [[""A"" [1 1 1 1 1 1 1 1 1 1]]]] [{media 58} [[""A"" [0 0 0 0 0 0 0 0 0 0]]]] [{citizen 3} [[""A"" [2 2 1 1 1 2 2 1 5 4]]]] [{media 56} [[""A"" [1 1 1 1 1 1 1 1 1 1]]]] [{citizen 1} [[""A"" [1 1 0 2 1 5 4 1 1 0]]]] [{media 55} [[""A"" [2 2 2 2 2 2 2 2 2 2]]]] [{media 64} [[""A"" [1 1 1 1 1 1 1 1 1 1]]]] [{citizen 41} [[""A"" [1 2 3 2 1 1 6 5 1 5]]]] [{citizen 17} [[""A"" [5 4 4 0 1 2 1 2 1 3]]]] [{citizen 29} [[""A"" [4 1 1 1 6 5 2 1 2 1]]]] [{citizen 14} [[""A"" [1 2 1 1 2 2 1 3 4 5]]]] [{citizen 31} [[""A"" [1 1 1 4 2 1 2 1 1 1]]]] [{citizen 13} [[""A"" [1 0 2 1 1 2 1 1 1 1]]]] [{citizen 25} [[""A"" [1 3 1 1 2 1 1 2 1 0]]]] [{citizen 20} [[""A"" [1 3 2 1 1 0 2 5 4 5]]]] [{citizen 8} [[""A"" [4 3 1 6 5 4 2 1 1 1]]]] [{citizen 23} [[""A"" [0 1 1 1 4 2 2 1 3 5]]]] [{citizen 45} [[""A"" [2 1 1 0 1 2 1 1 0 1]]]] [{citizen 24} [[""A"" [1 2 1 1 4 2 1 1 1 0]]]] [{citizen 28} [[""A"" [2 1 3 1 1 0 1 5 6 4]]]] [{citizen 27} [[""A"" [3 2 1 1 4 2 1 1 1 0]]]] [{citizen 0} [[""A"" [1 1 0 1 0 2 2 1 1 0]]]] [{citizen 40} [[""A"" [1 4 5 4 1 2 1 1 0 2]]]] [{citizen 18} [[""A"" [5 4 4 5 6 5 4 2 1 5]]]] [{citizen 33} [[""A"" [0 1 1 1 1 2 1 1 1 0]]]] [{citizen 10} [[""A"" [1 1 2 1 2 1 1 1 0 2]]]] [{citizen 44} [[""A"" [4 2 4 2 1 3 2 1 1 2]]]] [{citizen 22} [[""A"" [2 4 2 1 5 6 5 4 1 1]]]] [{citizen 42} [[""A"" [1 1 1 4 2 1 1 2 1 1]]]] [{citizen 43} [[""A"" [5 3 5 1 3 1 2 1 5 6]]]] [{citizen 21} [[""A"" [2 3 1 3 1 5 4 2 1 1]]]] [{citizen 11} [[""A"" [4 2 1 2 1 5 6 4 1 1]]]] [{citizen 49} [[""A"" [1 1 2 1 2 1 1 1 1 0]]]] [{citizen 36} [[""A"" [5 3 1 1 5 5 5 4 1 1]]]] [{citizen 2} [[""A"" [1 2 1 1 5 2 1 2 1 0]]]] [{citizen 19} [[""A"" [1 5 4 4 2 1 5 6 1 0]]]] [{citizen 9} [[""A"" [4 4 3 2 2 1 2 1 1 0]]]] [{citizen 48} [[""A"" [2 0 2 1 2 1 1 1 1 2]]]] [{citizen 15} [[""A"" [1 0 2 2 1 1 1 0 2 1]]]] [{citizen 30} [[""A"" [1 0 2 1 1 2 1 1 1 0]]]] [{citizen 39} [[""A"" [1 0 1 1 1 1 2 2 2 1]]]] [{citizen 35} [[""A"" [6 5 4 5 3 1 2 1 1 3]]]] [{citizen 38} [[""A"" [1 1 1 2 1 3 5 6 1 0]]]] [{citizen 32} [[""A"" [5 5 4 4 5 1 4 2 4 1]]]] [{citizen 26} [[""A"" [1 1 2 1 2 1 1 1 1 0]]]] [{citizen 47} [[""A"" [0 1 1 1 2 2 1 1 1 1]]]] [{citizen 46} [[""A"" [2 1 0 2 1 2 1 1 1 1]]]]]"
"35","[43 0 212]","219.375","-6.308793117974074","-7.112748419701062","""circle""","""""","9.9","{breed citizens}","false","0.5","1","""up""",,"[[""ID"" 35] [""alpha"" 1] [""beta"" 1] [""malleable"" [""A""]] [""prior"" []] [""cont_tokens"" []] [""A"" 5]]","[[0 [0 1 2 4 5 6 7 8 9 10 11 12 13 14]] [1 [15 17 19 20 24 26 29]] [2 [30 31 32 33 34 35 36 37 38 39 40 41 42 43 44]] [3 [45 46 47 48 49 50 51 52 53 54 55 56 57 58]] [4 [61 62 63 64 65 66 67 68 69 70 71 72 73 74]] [5 [75 76 77 78 79 80 81 82 83 84 85 86 87 88 89]] [6 [90 92 93 94 95 96 97 98 99 100 101 102 103 104]] [7 [105 106 107 108 109 110 111 112 113 114 115 116 117 118 119]] [8 [120 121 122 123 124 125 126 127 128 129 130 131 132 134]] [9 [136 137 138 139 142 145 146 147 149]] [10 [150 151 152 153 154 155 156 158 159 160 161 162 163 164]] [11 [166 167 169 170 171 172 173 174 175 176 177 178 179]] [12 [180 181 182 183 184 185 186 187 188 189 190 191 192 193 194]] [13 [195 196 197 198 199 200 201 202 203 204 205 206 207 208 209]] [14 [210 211 212 213 214 215 216 217 218 219 220 221 222 223 224]] [15 [225 226 227 228 229 230 231 232 233 234 235 236 237 238 239]] [16 [240 241 242 243 244 245 246 247 248 249 250 251 252 253 254]] [17 [255 256 257 258 259 260 261 262 263 264 265 266 267 268 269]] [18 [270 271 272 273 274 275 276 277 278 279 280 281 282 283 284]] [19 [285 286 287 288 289 290 291 292 293 294 295 296 297 298 299]] [20 [300 301 302 303 304 305 306 307 308 309 310 311 312 313 314]] [21 [315 316 317 318 319 320 321 322 323 324 325 326 327 328 329]] [22 [330 331 332 333 334 335 336 337 338 339 340 341 343 344]] [23 [345 346 347 348 349 350 351 352 353 354 355 356 357 358 359]] [24 [360 361 362 366 367 368 369 371 374]] [25 [375 376 377 378 379 380 381 382 383 384 385 386 387 388 389]] [26 [390 391 392 393 394 395 396 397 398 399 400 401 402 403 404]] [27 [405 406 407 408 409 410 411 412 413 414 415 416 417 418 419]] [28 [420 421 422 423 424 425 426 427 428 429 430 431 432 433 434]] [29 [435 436 437 438 439 440 441 442 443 444 445 446 447 448 449]] [30 [450 451 452 453 454 455 456 457 458 459 460 461 462 463 464]] [31 [465 466 467 468 469 470 471 472 473 474 475 476 477 478 479]] [32 [480 481 482 483 484 485 486 487 488 489 490 491 492 493 494]] [33 [495 496 497 498 501 504 505 509]] [34 [510 511 512 513 514 515 516 517 518 519 520 521 522 523 524]] [35 [525 526 527 528 529 530 531 532 533 534 535 536 537 538 539]] [36 [540 541 542 543 544 545 546 547 548 549 550 551 552 553 554]] [37 [555 556 557 558 559 560 561 562 563 564 565 566 567 568 569]] [38 [570 571 572 573 574 575 576 577 578 579 580 581 582 583 584]] [39 [585 586 587 588 589 590 591 592 593 594 595 596 597 598 599]] [40 [600 601 602 603 604 605 606 607 608 609 610 611 612 613 614]] [41 [615 616 617 618 619 620 621 622 623 624 625 626 627 628 629]] [42 [630 631 632 633 634 635 636 637 638 639 640 641 642 643 644]] [43 [645 646 647 648 649 650 651 652 653 654 655 656 657 658 659]] [44 [660 661 662 663 664 665 666 667 668 669 670 671 672 673 674]] [45 [675 676 677 678 679 680 681 682 683 684 685 686 687 688 689]] [46 [690 691 692 693 694 695 696 697 698 699 700 701 702 703 704]] [47 [705 706 707 708 709 710 711 712 713 714 715 716 717 718 719]] [48 [720 721 722 723 724 725 726 727 728 729 730 731 732 734]] [49 [735 736 737 738 739 740 741 742 743 744 745 746 747 748 749]] [50 [750 751 752 753 755 757 758 759 760 761 762 763 764]] [51 [765 766 767 768 769 770 771 772 773 774 775 776 777 778 779]] [52 [780 781 782 783 784 785 786 787 788 789 790 791 792 793 794]] [53 [795 796 797 798 799 800 801 802 803 804 805 806 807 808 809]] [54 [810 811 812 813 814 815 816 817 818 819 820 821 822 824]] [55 [826 827 828 829 830 831 832 833 834 835 836 837 838 839]] [56 [840 841 842 843 844 845 846 847 848 849 850 851 852 853 854]] [57 [855 856 857 858 859 860 861 862 863 864 865 866 867 868 869]] [58 [870 871 872 873 874 875 876 877 878 879 881 882 883 884]] [59 [885 886 887 888 889 890 891 892 893 894 895 896 897 898 899]] [60 [900 901 902 903 904 905 906 907 908 909 910 911 912 913 914]] [61 [915 916 917 918 919 920 921 922 923 924 925 926 927 928 929]] [62 [930 931 934 935 936 938 939 941]] [63 [948 949 951 954 955 957 958 959]] [64 [960 961 963 964 968 969 971 972]] [65 [975 976 977 978 980 981 982 983 984 985 986 987 988 989]] [66 [990 991 992 994 995 996 997 998 999 1000 1001 1002 1003 1004]] [67 [1005 1006 1007 1008 1009 1010 1011 1012 1013 1014 1015 1016 1017 1018 1019]] [68 [1020 1022 1024 1025 1026 1027 1028 1029 1030 1031 1032 1033 1034]] [69 [1035 1036 1037 1038 1039 1040 1041 1042 1043 1044 1045 1046 1047 1048 1049]] [70 [1050 1051 1052 1053 1054 1055 1056 1057 1058 1059 1060 1061 1062 1063 1064]] [71 [1065 1067 1068 1070 1071 1073 1074 1075 1076 1077 1079]] [72 [1080 1081 1082 1083 1084 1086 1087 1088 1091 1093]] [73 [1095 1098 1099 1100 1101 1103 1107 1109]] [74 [1110 1111 1112 1113 1114 1115 1116 1117 1118 1119 1120 1122 1123 1124]] [75 [1125 1126 1127 1128 1129 1130 1131 1132 1133 1134 1135 1136 1137 1138 1139]] [76 [1140 1141 1142 1143 1144 1145 1146 1147 1148 1149 1150 1151 1152 1153 1154]] [77 [1155 1156 1157 1158 1159 1160 1161 1162 1163 1164 1165 1166 1167 1168 1169]] [78 [1170 1171 1172 1173 1174 1175 1176 1177 1178 1179 1180 1181 1182 1183 1184]] [79 [1185 1186 1187 1188 1189 1190 1191 1192 1193 1194 1195 1196 1197 1198 1199]] [80 [1200 1201 1202 1203 1204 1205 1206 1207 1208 1209 1210 1211 1212 1213 1214]] [81 [1215 1216 1217 1218 1219 1220 1221 1222 1223 1224 1225 1226 1227 1228 1229]] [82 [1230 1231 1232 1233 1234 1235 1236 1237 1238 1239 1240 1241 1242 1243 1244]] [83 [1245 1246 1247 1248 1249 1250 1251 1252 1253 1254 1255 1256 1257 1258 1259]] [84 [1260 1261 1262 1263 1264 1265 1266 1267 1268 1269 1270 1271 1272 1273]] [85 [1275 1276 1277 1278 1279 1280 1281 1282 1283 1284 1285 1286 1287 1288]] [86 [1290 1291 1292 1293 1294 1295 1296 1297 1298 1299 1300 1301 1302 1303 1304]] [87 [1305 1306 1307 1308 1309 1310 1311 1312 1313 1314 1315 1316 1317 1318 1319]] [88 [1320 1321 1322 1323 1324 1325 1326 1327 1328 1329 1330 1331 1332 1333 1334]] [89 [1335 1336 1337 1338 1339 1340 1341 1342 1343 1344 1345 1346 1347 1348 1349]] [90 [1350 1351 1352 1353 1354 1355 1356 1357 1358 1359 1360 1361 1362 1363 1364]] [91 [1365 1366 1367 1368 1369 1370 1371 1372 1373 1374 1375 1376 1377 1378 1379]] [92 [1380 1381 1382 1383 1384 1385 1386 1387 1388 1389 1390 1391 1392 1393 1394]] [93 [1395 1396 1397 1398 1399 1400 1401 1402 1403 1404 1405 1406 1407 1408 1409]] [94 [1410 1411 1412 1413 1414 1415 1416 1417 1418 1419 1420 1421 1422 1423 1424]] [95 [1425 1427 1428 1429 1431 1432 1434 1437 1438 1439]] [96 [1440 1441 1442 1443 1444 1445 1446 1447 1448 1449 1450 1451 1452 1453 1454]] [97 [1455 1456 1457 1458 1459 1460 1461 1462 1463 1464 1465 1466 1467 1468 1469]] [98 [1470 1471 1472 1473 1474 1475 1476 1477 1478 1479 1480 1484]] [99 [1485 1486 1487 1488 1489 1490 1491 1492 1493 1494 1495 1496 1497 1498 1499]]]","[[0 [0 5 6 7 10 12 14]] [1 [15 17 19 26 29]] [2 [33 35 38 39 40 41 42 43]] [3 [45 46 47 48 49 50 52]] [4 [62 64 65 66 67 73 74]] [5 [76 77 78 84 86 88 89]] [6 [90 92 93 100 102 103]] [7 [107 108 109 111 112 119]] [8 [120 121 127 130 131 132 134]] [9 [136 137 138 139 142 145 146 147 149]] [10 [150 151 154 156 158 163 164]] [11 [166 167 169 172 174 177 178]] [12 [182 183 185 187 192]] [13 [196 198 201 204 206 207 208]] [14 [210 211 212 213 214 216 219 221 224]] [15 [229 230 231 233 234 237 239]] [16 [244 248 249 251 252 253]] [17 [256 257 258 260 261 262 264 265 268 269]] [18 [270 272 274 278 279 282 283]] [19 [286 290 292 293 295 296 298]] [20 [300 301 302 307 309 310 311 313 314]] [21 [315 316 318 320 322 323 326 328]] [22 [332 333 335 336 338 340]] [23 [346 350 352 353 354 357 358]] [24 [362 366 367 368 369 371 374]] [25 [375 377 378 381 382 384 385 388 389]] [26 [390 392 394 395 396 397 400 402 404]] [27 [405 407 410 412 413 419]] [28 [420 422 423 424 425 426 427 428 429 431 432 434]] [29 [435 436 437 442 444 447 448 449]] [30 [451 452 453 456 459 461 462]] [31 [466 467 468 469 470 474 475 479]] [32 [480 482 483 484 487 492]] [33 [496 497 498 501 504 505 509]] [34 [512 513 520 523 524]] [35 [526 527 531 532 534 537]] [36 [540 541 548 549 552 553 554]] [37 [559 560 562 563 564 567 568 569]] [38 [571 574 576 578 579 583]] [39 [586 589 593 596 598]] [40 [601 603 605 607 609 611 613]] [41 [615 620 621 622 624 628 629]] [42 [633 636 639 640 641 642]] [43 [645 651 654 655 656 658 659]] [44 [661 662 664 665 666 667 668 673 674]] [45 [675 676 677 679 680 684 685 686 687 688]] [46 [690 692 694 695 697 701 702 703 704]] [47 [706 708 712 715 716 717 718 719]] [48 [721 723 725 727 728 731 734]] [49 [735 736 739 747 748 749]] [50 [751 752 753 755 759 764]] [51 [767 769 770 771 772 777]] [52 [781 782 783 788 791 793 794]] [53 [795 796 797 799 800 805 808 809]] [54 [811 813 816 817 819 822 824]] [55 [828 829 830 834 835]] [56 [841 842 843 844 847 849 853 854]] [57 [855 859 860 863 865 866 867]] [58 [870 871 872 874 875 877 879 881 883 884]] [59 [887 888 892 896 898]] [60 [901 902 903 904 905 906 907 910 911 912]] [61 [915 916 917 918 919 922 923 925 927 929]] [62 [930 931 935 936 938 939 941]] [63 [948 949 954 955 957 958 959]] [64 [960 961 963 964 968 971 972]] [65 [976 978 980 981 982 983 984 986 988 989]] [66 [991 992 994 995 996 997 1001]] [67 [1005 1006 1009 1010 1011 1013 1017 1019]] [68 [1020 1022 1024 1025 1028 1032 1034]] [69 [1036 1037 1042 1043 1044 1047 1049]] [70 [1050 1052 1054 1056 1058 1060 1063]] [71 [1065 1067 1068 1070 1071 1073 1076 1077]] [72 [1080 1081 1083 1084 1086 1087 1088 1093]] [73 [1095 1098 1099 1100 1101 1103 1107 1109]] [74 [1110 1112 1117 1119 1124]] [75 [1130 1131 1132 1133 1134 1136 1138]] [76 [1142 1146 1147 1149 1152]] [77 [1156 1158 1161 1163 1164 1165]] [78 [1174 1175 1176 1177 1178 1179 1180 1182 1184]] [79 [1185 1186 1193 1194 1195 1196 1198]] [80 [1201 1202 1208 1209 1210 1211 1214]] [81 [1218 1219 1220 1222 1225 1227 1228]] [82 [1231 1236 1239 1240 1243]] [83 [1247 1248 1251 1253 1254 1255 1256 1258]] [84 [1263 1265 1266 1267 1269 1272 1273]] [85 [1277 1280 1281 1283 1285 1286 1287]] [86 [1290 1291 1292 1293 1294 1296 1298 1300 1303 1304]] [87 [1305 1306 1308 1309 1311 1312 1313 1315]] [88 [1321 1322 1324 1326 1328 1330 1332 1333 1334]] [89 [1337 1338 1340 1341 1344 1346 1348]] [90 [1350 1352 1353 1354 1355 1357 1359 1360 1361 1363]] [91 [1365 1368 1372 1373 1375 1379]] [92 [1382 1384 1387 1389 1390 1394]] [93 [1395 1399 1404 1407 1408]] [94 [1411 1413 1415 1416 1417 1421 1424]] [95 [1428 1429 1431 1432 1434 1437 1438]] [96 [1441 1444 1445 1446 1448 1449 1451]] [97 [1457 1459 1460 1462 1463 1465 1467]] [98 [1472 1473 1476 1477 1480 1484]] [99 [1487 1492 1494]]]",,"[[{citizen 38} [[""A"" [1 1 2 1 5 6 5 0 2 1]]]] [{media 52} [[""A"" [4 4 4 4 4 4 4 4 4 4]]]] [{media 53} [[""A"" [4 4 4 4 4 4 4 4 4 4]]]] [{media 54} [[""A"" [5 5 5 5 5 5 5 5 5 5]]]] [{media 57} [[""A"" [5 5 5 5 5 5 5 5 5 5]]]] [{media 59} [[""A"" [5 5 5 5 5 5 5 5 5 5]]]] [{media 61} [[""A"" [6 6 6 6 6 6 6 6 6 6]]]] [{media 62} [[""A"" [5 5 5 5 5 5 5 5 5 5]]]] [{media 51} [[""A"" [2 2 2 2 2 2 2 2 2 2]]]] [{citizen 4} [[""A"" [1 1 3 4 4 4 1 0 2 1]]]] [{citizen 5} [[""A"" [1 2 1 1 2 1 1 2 0 1]]]] [{citizen 6} [[""A"" [1 0 2 4 5 4 3 2 0 1]]]] [{media 50} [[""A"" [1 1 1 1 1 1 1 1 1 1]]]] [{media 63} [[""A"" [1 1 1 1 1 1 1 1 1 1]]]] [{citizen 12} [[""A"" [1 3 2 1 1 2 1 5 4 5]]]] [{citizen 16} [[""A"" [2 1 1 3 1 2 2 6 5 5]]]] [{media 58} [[""A"" [0 0 0 0 0 0 0 0 0 0]]]] [{citizen 3} [[""A"" [1 3 1 2 2 1 5 5 4 5]]]] [{citizen 7} [[""A"" [1 3 4 2 4 2 1 1 1 1]]]] [{citizen 10} [[""A"" [1 2 1 1 2 1 1 0 2 1]]]] [{media 56} [[""A"" [1 1 1 1 1 1 1 1 1 1]]]] [{media 55} [[""A"" [2 2 2 2 2 2 2 2 2 2]]]] [{media 64} [[""A"" [1 1 1 1 1 1 1 1 1 1]]]] [{citizen 1} [[""A"" [2 4 2 1 5 4 1 1 0 1]]]] [{citizen 39} [[""A"" [1 3 2 4 2 2 1 0 2 1]]]] [{citizen 0} [[""A"" [4 5 4 1 0 2 2 1 0 1]]]] [{citizen 30} [[""A"" [2 1 1 2 1 2 1 0 2 1]]]] [{citizen 25} [[""A"" [1 3 1 1 2 1 1 2 0 1]]]] [{citizen 43} [[""A"" [3 1 3 1 2 1 5 6 5 5]]]] [{citizen 9} [[""A"" [5 4 1 2 4 2 2 1 0 1]]]] [{citizen 13} [[""A"" [0 2 1 1 2 1 1 0 2 1]]]] [{citizen 22} [[""A"" [2 4 2 1 6 5 4 1 0 1]]]] [{citizen 45} [[""A"" [3 2 1 1 0 1 2 1 0 1]]]] [{citizen 40} [[""A"" [3 1 4 4 1 2 1 0 2 1]]]] [{citizen 31} [[""A"" [3 4 2 1 1 2 1 1 0 1]]]] [{citizen 28} [[""A"" [1 1 0 1 2 4 6 5 4 5]]]] [{citizen 49} [[""A"" [1 2 1 2 1 1 1 1 0 1]]]] [{citizen 41} [[""A"" [2 1 3 2 1 2 1 2 1 5]]]] [{citizen 14} [[""A"" [2 1 1 1 2 2 1 3 4 5]]]] [{citizen 8} [[""A"" [1 1 6 4 4 2 1 1 1 1]]]] [{citizen 2} [[""A"" [3 2 1 2 1 2 1 2 0 1]]]] [{citizen 33} [[""A"" [5 2 1 1 2 1 2 0 2 1]]]] [{citizen 21} [[""A"" [2 1 1 3 4 2 1 1 2 1]]]] [{citizen 19} [[""A"" [4 2 1 5 5 4 2 1 0 1]]]] [{citizen 42} [[""A"" [1 4 2 1 1 2 1 1 0 1]]]] [{citizen 34} [[""A"" [2 1 0 1 2 1 2 5 4 5]]]] [{citizen 44} [[""A"" [2 1 3 2 1 1 2 5 4 5]]]] [{citizen 29} [[""A"" [1 2 1 2 1 5 2 1 0 1]]]] [{citizen 36} [[""A"" [4 3 1 1 3 5 5 4 1 0]]]] [{citizen 18} [[""A"" [5 5 4 4 5 5 4 2 1 5]]]] [{citizen 20} [[""A"" [1 2 1 0 2 4 5 5 4 5]]]] [{citizen 23} [[""A"" [2 1 3 4 2 2 1 5 5 5]]]] [{citizen 48} [[""A"" [1 2 1 2 1 1 1 1 2 1]]]] [{citizen 15} [[""A"" [0 1 2 4 2 1 1 0 2 1]]]] [{citizen 27} [[""A"" [1 3 1 2 4 2 1 1 0 1]]]] [{citizen 24} [[""A"" [1 2 1 3 4 2 1 2 0 1]]]] [{citizen 17} [[""A"" [5 1 2 2 1 2 4 2 1 3]]]] [{citizen 11} [[""A"" [1 2 1 5 5 4 2 1 2 1]]]] [{media 60} [[""A"" [3 3 3 3 3 3 3 3 3 3]]]] [{citizen 37} [[""A"" [2 1 0 2 4 2 1 2 2 1]]]] [{citizen 32} [[""A"" [4 1 1 3 4 2 4 1 0 1]]]] [{citizen 26} [[""A"" [1 0 1 2 2 1 1 1 0 1]]]] [{citizen 47} [[""A"" [2 1 1 0 2 4 2 1 1 1]]]] [{citizen 46} [[""A"" [1 2 1 1 1 3 2 1 1 5]]]]]"
"36","[213 0 42]","318.75","-3.743872655674058","3.949301524414679","""circle""","""""","9.9","{breed citizens}","false","0.5","1","""up""",,"[[""ID"" 36] [""alpha"" 1] [""beta"" 1] [""malleable"" [""A""]] [""prior"" []] [""cont_tokens"" []] [""A"" 1]]","[[0 [0 1 2 3 4 5 6 7 8 9 10 11 12 13 14]] [1 [15 16 17 18 19 20 21 22 23 24 25 27 28]] [2 [30 31 32 33 34 35 36 37 38 39 40 41 42 43 44]] [3 [45 46 47 48 49 50 51 52 53 54 55 56 57 58]] [4 [60 61 62 63 64 65 66 67 68 69 70 71 72 73 74]] [5 [75 76 77 78 79 80 81 82 83 84 85 86 87 88 89]] [6 [90 91 92 93 94 95 96 97 98 99 100 101 102 103 104]] [7 [105 106 107 108 109 110 111 112 113 114 115 116 117 118 119]] [8 [120 121 122 123 124 125 126 127 128 129 130 131 132 133 134]] [9 [136 137 138 139 142 145 146 147 149]] [10 [150 151 152 153 154 155 156 158 159 160 161 162 163 164]] [11 [166 167 169 170 171 172 173 174 175 176 177 178 179]] [12 [180 181 182 183 184 185 186 187 188 189 190 191 192 193 194]] [13 [195 196 197 198 199 200 201 202 203 204 205 206 207 208 209]] [14 [210 211 212 213 214 215 216 217 218 219 220 221 222 223 224]] [15 [225 226 227 228 229 230 231 232 233 234 235 236 237 238 239]] [16 [240 241 242 243 244 245 246 247 248 249 250 251 252 253 254]] [17 [255 256 257 258 259 260 261 262 263 264 265 266 267 268 269]] [18 [270 272 273 274 275 276 277 278 279 280 281 282 283 284]] [19 [285 286 287 288 289 290 291 292 293 294 295 296 297 298 299]] [20 [300 301 302 303 304 305 306 307 308 309 310 311 312 313 314]] [21 [315 316 317 318 319 320 321 322 323 324 325 326 327 328 329]] [22 [330 331 332 333 334 335 336 337 338 339 340 341 342 343 344]] [23 [345 346 347 348 349 350 351 352 353 354 355 356 357 358]] [24 [360 361 362 366 367 368 369 371 374]] [25 [375 376 377 378 379 380 381 382 383 384 385 386 387 388 389]] [26 [390 391 392 393 394 395 396 397 398 399 400 401 402 403 404]] [27 [405 406 407 408 409 410 411 412 413 414 415 416 417 418 419]] [28 [420 421 422 423 424 425 426 427 428 429 430 431 432 433 434]] [29 [435 436 437 438 439 440 441 442 443 444 445 446 447 448 449]] [30 [450 451 452 453 454 455 456 457 458 459 460 461 462 463 464]] [31 [465 466 467 468 469 470 471 472 473 474 475 476 477 478 479]] [32 [480 481 482 483 484 485 486 487 488 489 490 491 492 493 494]] [33 [495 496 497 498 501 504 505 509]] [34 [510 511 512 513 514 515 516 517 518 519 520 521 522 523 524]] [35 [525 526 527 528 529 530 531 532 533 534 535 536 537 538 539]] [36 [540 541 542 543 544 545 546 547 548 549 550 551 552 553 554]] [37 [555 556 557 558 559 560 561 562 563 564 565 566 567 568 569]] [38 [570 571 572 573 574 575 576 577 578 579 580 581 582 583 584]] [39 [585 586 587 588 589 590 591 592 593 594 595 596 597 598 599]] [40 [600 601 602 603 604 605 606 607 608 609 610 611 612 613 614]] [41 [615 616 617 618 619 620 621 622 623 624 625 626 627 628 629]] [42 [630 631 632 633 634 635 636 637 638 639 640 641 642 643 644]] [43 [645 646 647 648 649 650 651 652 653 654 655 656 657 658 659]] [44 [660 661 662 663 664 665 666 667 668 669 670 671 672 673 674]] [45 [675 676 677 678 679 680 681 682 683 684 685 686 687 688 689]] [46 [690 691 692 693 694 695 696 697 698 699 700 701 702 703 704]] [47 [705 706 707 708 709 710 711 712 713 714 715 716 717 718 719]] [48 [720 721 722 723 724 725 726 727 728 729 730 731 732 734]] [49 [735 736 737 738 739 740 741 742 743 744 745 746 747 748 749]] [50 [750 751 752 753 755 757 758 759 760 761 762 763 764]] [51 [765 766 767 768 769 770 771 772 773 774 775 776 777 778 779]] [52 [780 781 782 783 784 785 786 787 788 789 790 791 792 793 794]] [53 [795 796 797 798 799 800 801 802 803 804 805 806 807 808 809]] [54 [810 811 812 813 814 815 816 817 818 819 820 821 822 824]] [55 [826 827 828 829 830 831 832 833 834 835 836 837 838 839]] [56 [840 841 842 843 844 845 846 847 848 849 850 851 852 853 854]] [57 [855 856 857 858 859 860 861 862 863 864 865 866 867 868 869]] [58 [870 871 872 873 874 875 876 877 878 879 881 882 883 884]] [59 [885 886 887 888 889 890 891 892 893 894 895 896 897 898 899]] [60 [900 901 902 903 904 905 906 907 908 909 910 911 912 913 914]] [61 [915 916 917 918 919 922 923 925 927 928 929]] [62 [930 931 934 935 936 938 939 941]] [63 [948 949 951 954 955 957 958 959]] [64 [960 961 963 964 968 969 971 972]] [65 [975 976 977 978 980 981 982 983 984 985 986 987 988 989]] [66 [990 991 992 994 995 996 997 998 999 1000 1001 1002 1003 1004]] [67 [1005 1006 1007 1008 1009 1010 1011 1012 1013 1014 1015 1016 1017 1019]] [68 [1020 1022 1024 1025 1026 1027 1028 1029 1030 1031 1032 1033 1034]] [69 [1035 1036 1037 1038 1039 1040 1041 1042 1043 1044 1045 1046 1047 1048 1049]] [70 [1050 1051 1052 1053 1054 1055 1056 1057 1058 1059 1060 1061 1062 1063 1064]] [71 [1065 1067 1068 1070 1071 1073 1074 1075 1076 1077 1079]] [72 [1080 1081 1082 1083 1084 1086 1087 1088 1091 1093]] [73 [1095 1098 1099 1100 1101 1103 1107 1109]] [74 [1110 1111 1112 1113 1114 1115 1116 1117 1118 1119 1120 1122 1123 1124]] [75 [1125 1126 1127 1128 1129 1130 1131 1132 1133 1134 1135 1136 1137 1138 1139]] [76 [1140 1141 1142 1143 1144 1145 1146 1147 1148 1149 1150 1151 1152 1153 1154]] [77 [1155 1156 1157 1158 1159 1160 1161 1162 1163 1164 1165 1166 1167 1168 1169]] [78 [1170 1171 1172 1173 1174 1175 1176 1177 1178 1179 1180 1181 1182 1183 1184]] [79 [1185 1186 1187 1188 1189 1190 1191 1192 1193 1194 1195 1196 1197 1198 1199]] [80 [1200 1201 1202 1203 1204 1205 1206 1207 1208 1209 1210 1211 1212 1213 1214]] [81 [1215 1216 1217 1218 1219 1220 1221 1222 1223 1224 1225 1226 1227 1228 1229]] [82 [1230 1231 1232 1233 1234 1235 1236 1237 1238 1239 1240 1241 1242 1243 1244]] [83 [1245 1246 1247 1248 1249 1250 1251 1252 1253 1254 1255 1256 1257 1258 1259]] [84 [1260 1261 1262 1263 1264 1265 1266 1267 1268 1269 1270 1271 1272 1273]] [85 [1275 1276 1277 1278 1279 1280 1281 1282 1283 1284 1285 1286 1287 1288]] [86 [1290 1291 1292 1293 1294 1295 1296 1297 1298 1299 1300 1301 1302 1303 1304]] [87 [1305 1306 1307 1308 1309 1310 1311 1312 1313 1314 1315 1316 1317 1318 1319]] [88 [1320 1321 1322 1323 1324 1325 1326 1327 1328 1329 1330 1331 1332 1333 1334]] [89 [1335 1336 1337 1338 1339 1340 1341 1342 1343 1344 1345 1346 1347 1348 1349]] [90 [1350 1351 1352 1353 1354 1355 1356 1357 1358 1359 1360 1361 1362 1363 1364]] [91 [1365 1366 1367 1368 1369 1370 1371 1372 1373 1374 1375 1376 1377 1378 1379]] [92 [1380 1381 1382 1383 1384 1385 1386 1387 1388 1389 1390 1391 1392 1393 1394]] [93 [1395 1396 1397 1398 1399 1400 1401 1402 1403 1404 1405 1406 1407 1408 1409]] [94 [1410 1411 1412 1413 1415 1416 1417 1421 1424]] [95 [1425 1427 1428 1429 1431 1432 1434 1437 1438 1439]] [96 [1440 1441 1442 1443 1444 1445 1446 1447 1448 1449 1450 1451 1452 1453 1454]] [97 [1455 1456 1457 1458 1459 1460 1461 1462 1463 1464 1465 1466 1467 1468 1469]] [98 [1470 1471 1472 1473 1474 1475 1476 1477 1478 1479 1480 1484]] [99 [1485 1486 1487 1488 1489 1490 1491 1492 1493 1494 1495 1496 1497 1498 1499]]]","[[0 [0 1 2 4 8 9 11 13]] [1 [16 18 20 21 23 25 27 28]] [2 [30 31 32 34 36 37 39 40 41 42 43]] [3 [45 46 47 48 49 50 52]] [4 [62 64 65 66 67 70 71 72]] [5 [75 79 80 81 82 83 85]] [6 [91 94 95 96 97 101 104]] [7 [105 106 108 109 111 112 117 119]] [8 [120 121 125 127 130 131 132]] [9 [136 137 138 139 142 145 146 147 149]] [10 [152 153 155 159 161 162 164]] [11 [166 167 169 173 175 176 179]] [12 [181 182 183 185 187 192 193]] [13 [195 196 198 201 204 206 207 208]] [14 [210 211 212 214 215 217 218 220 222 223]] [15 [225 227 228 232 235 236 238]] [16 [240 241 242 243 245 247]] [17 [259 261 262 264 265 268 269]] [18 [270 272 273 275 276 277 280 281]] [19 [285 287 288 289 291 294 297 298]] [20 [300 301 302 304 305 306 312 313 314]] [21 [315 316 318 320 324 329]] [22 [330 331 334 337 338 340 341 344]] [23 [345 347 348 349 351 354 357 358]] [24 [362 366 367 368 369 371 374]] [25 [375 378 381 382 384 385 388 389]] [26 [390 393 394 400 402 404]] [27 [405 407 409 410 412 413 418 419]] [28 [420 422 423 424 425 426 427 428 429 431 432 434]] [29 [436 437 442 444 447 449]] [30 [451 452 453 456 459 461 462]] [31 [466 467 468 469 470 474 475 479]] [32 [480 482 483 484 486 487 492]] [33 [495 496 497 498 501 504 505 509]] [34 [510 511 512 513 520 523 524]] [35 [526 527 531 532 534 537]] [36 [540 541 543 548 549 552 553 554]] [37 [559 560 562 563 564 567 568 569]] [38 [571 572 574 576 578 579 583]] [39 [586 589 593 596 598]] [40 [601 603 605 607 609 612 614]] [41 [616 617 618 619 621 622 624 626 628 629]] [42 [633 635 636 639 640 641 642]] [43 [645 651 654 656 658 659]] [44 [661 662 664 665 666 667 668 671 672]] [45 [675 676 677 681 682 683 686 689]] [46 [692 694 695 697 701 702 703 704]] [47 [706 708 712 716 717 718]] [48 [720 722 724 726 729 730 731 732 734]] [49 [735 736 739 747 748 749]] [50 [751 752 753 755 760 761 762 763]] [51 [765 768 773 774 775 778 779]] [52 [784 785 786 787 789 790 792]] [53 [798 802 803 804 806 807 808 809]] [54 [810 811 813 816 817 819 822 824]] [55 [831 832 833 836 837 838 839]] [56 [840 845 846 848 849 853 854]] [57 [855 859 860 863 865 866 867]] [58 [870 871 872 874 875 877 879 881 883 884]] [59 [887 891 893 894 895 897 899]] [60 [903 904 905 906 907 913 914]] [61 [922 923 925 927 929]] [62 [930 931 934 935 936 938 939 941]] [63 [948 949 951 954 955 957 958 959]] [64 [960 961 963 964 968 969]] [65 [975 977 984 986 988 989]] [66 [991 992 994 995 997 1002 1003 1004]] [67 [1007 1008 1011 1013 1017 1019]] [68 [1020 1022 1024 1025 1026 1027 1028 1032 1034]] [69 [1036 1037 1042 1043 1044 1047 1049]] [70 [1050 1052 1054 1056 1058 1060 1063]] [71 [1065 1067 1068 1070 1071 1073 1074 1075 1076 1077]] [72 [1081 1084 1086 1087 1088 1093]] [73 [1095 1098 1099 1100 1101 1103 1107 1109]] [74 [1110 1116 1117 1120 1122 1124]] [75 [1127 1128 1129 1135 1137 1139]] [76 [1140 1141 1144 1145 1148 1151 1152]] [77 [1156 1158 1159 1161 1163 1164 1165]] [78 [1174 1176 1178 1180 1182 1184]] [79 [1185 1186 1193 1194 1195 1196]] [80 [1201 1208 1209 1210 1211 1214]] [81 [1218 1219 1220 1222 1225 1227 1228 1229]] [82 [1233 1234 1235 1237 1238 1240 1243]] [83 [1247 1248 1251 1253 1254 1255 1256]] [84 [1262 1263 1265 1266 1267 1269 1272 1273]] [85 [1277 1280 1282 1284 1286 1287]] [86 [1290 1291 1292 1295 1297 1301 1302]] [87 [1306 1307 1308 1309 1311 1312 1313 1315]] [88 [1321 1322 1324 1326 1328 1331]] [89 [1335 1336 1339 1343 1344 1346 1348]] [90 [1350 1352 1353 1354 1355 1357 1359 1360 1364]] [91 [1366 1367 1369 1371 1374 1376 1378]] [92 [1380 1381 1385 1386 1388 1389 1390 1394]] [93 [1395 1399 1401 1402 1403 1404 1407 1408]] [94 [1411 1413 1415 1416 1417 1421 1424]] [95 [1425 1431 1432 1437 1438]] [96 [1441 1444 1445 1446 1449 1451]] [97 [1459 1460 1462 1463 1465 1467]] [98 [1471 1473 1476 1477]] [99 [1485 1486 1487 1488 1490 1491 1492 1493 1495 1496 1497 1498 1499]]]",,"[[{citizen 42} [[""A"" [1 1 4 4 2 1 2 1 0 1]]]] [{citizen 48} [[""A"" [1 2 1 3 1 2 1 1 2 1]]]] [{media 52} [[""A"" [4 4 4 4 4 4 4 4 4 4]]]] [{media 53} [[""A"" [4 4 4 4 4 4 4 4 4 4]]]] [{media 54} [[""A"" [5 5 5 5 5 5 5 5 5 5]]]] [{media 57} [[""A"" [5 5 5 5 5 5 5 5 5 5]]]] [{media 59} [[""A"" [5 5 5 5 5 5 5 5 5 5]]]] [{media 60} [[""A"" [3 3 3 3 3 3 3 3 3 3]]]] [{media 61} [[""A"" [6 6 6 6 6 6 6 6 6 6]]]] [{media 62} [[""A"" [5 5 5 5 5 5 5 5 5 5]]]] [{media 51} [[""A"" [2 2 2 2 2 2 2 2 2 2]]]] [{citizen 4} [[""A"" [4 4 4 3 1 2 1 0 2 1]]]] [{citizen 5} [[""A"" [0 1 2 1 1 1 1 2 2 1]]]] [{citizen 8} [[""A"" [6 4 4 1 3 1 2 1 2 1]]]] [{citizen 13} [[""A"" [2 1 1 1 1 2 1 1 2 1]]]] [{media 50} [[""A"" [1 1 1 1 1 1 1 1 1 1]]]] [{citizen 0} [[""A"" [1 1 0 1 2 4 1 2 0 1]]]] [{media 63} [[""A"" [1 1 1 1 1 1 1 1 1 1]]]] [{media 58} [[""A"" [0 0 0 0 0 0 0 0 0 0]]]] [{citizen 3} [[""A"" [2 2 2 1 1 1 2 3 5 6]]]] [{media 56} [[""A"" [1 1 1 1 1 1 1 1 1 1]]]] [{citizen 1} [[""A"" [2 4 2 1 3 2 1 1 0 1]]]] [{media 55} [[""A"" [2 2 2 2 2 2 2 2 2 2]]]] [{media 64} [[""A"" [1 1 1 1 1 1 1 1 1 1]]]] [{citizen 38} [[""A"" [1 1 1 3 5 6 1 0 2 1]]]] [{citizen 41} [[""A"" [0 1 2 1 2 1 1 6 4 1]]]] [{citizen 17} [[""A"" [1 2 1 1 1 2 4 2 1 3]]]] [{citizen 12} [[""A"" [2 1 1 1 3 1 2 1 1 3]]]] [{citizen 29} [[""A"" [1 6 2 4 1 1 3 2 1 1]]]] [{citizen 14} [[""A"" [1 2 1 1 1 2 4 1 3 4]]]] [{citizen 31} [[""A"" [1 1 1 1 2 1 1 0 2 1]]]] [{citizen 25} [[""A"" [4 1 1 1 1 2 1 1 2 0]]]] [{citizen 20} [[""A"" [2 1 1 0 2 4 3 5 6 4]]]] [{citizen 23} [[""A"" [2 1 1 4 2 4 1 3 5 6]]]] [{citizen 6} [[""A"" [0 1 2 4 4 3 1 2 0 1]]]] [{citizen 16} [[""A"" [1 2 1 1 1 1 2 4 3 6]]]] [{citizen 34} [[""A"" [5 4 2 1 2 0 1 2 1 3]]]] [{citizen 11} [[""A"" [2 1 3 5 6 2 1 1 2 1]]]] [{citizen 33} [[""A"" [1 1 2 1 2 1 2 0 2 1]]]] [{citizen 7} [[""A"" [2 1 1 4 2 4 2 1 1 1]]]] [{citizen 15} [[""A"" [1 2 4 1 1 2 1 0 2 1]]]] [{citizen 39} [[""A"" [1 3 2 4 1 2 1 0 2 1]]]] [{citizen 45} [[""A"" [1 1 1 0 1 1 2 1 0 1]]]] [{citizen 24} [[""A"" [1 3 4 2 1 1 2 1 0 1]]]] [{citizen 28} [[""A"" [1 1 1 0 1 2 4 3 6 4]]]] [{citizen 40} [[""A"" [4 4 4 3 1 2 1 0 2 1]]]] [{citizen 43} [[""A"" [5 1 1 1 2 4 1 3 5 6]]]] [{citizen 10} [[""A"" [1 1 2 1 2 1 1 0 2 1]]]] [{citizen 21} [[""A"" [3 4 2 1 1 3 1 2 2 1]]]] [{citizen 19} [[""A"" [4 4 1 5 6 2 1 0 2 1]]]] [{citizen 2} [[""A"" [2 1 2 1 1 4 1 2 0 1]]]] [{citizen 30} [[""A"" [0 2 1 1 1 2 1 0 2 1]]]] [{citizen 27} [[""A"" [1 1 1 2 4 1 3 1 0 1]]]] [{citizen 18} [[""A"" [5 5 4 4 5 6 5 4 1 1]]]] [{citizen 44} [[""A"" [1 2 1 3 1 2 1 1 2 6]]]] [{citizen 22} [[""A"" [2 1 3 5 6 4 2 1 1 1]]]] [{citizen 49} [[""A"" [1 1 2 1 1 3 1 1 0 1]]]] [{citizen 9} [[""A"" [1 2 4 1 2 1 1 0 2 1]]]] [{citizen 35} [[""A"" [4 4 5 5 1 2 1 1 4 3]]]] [{citizen 37} [[""A"" [1 1 0 2 4 2 1 2 2 1]]]] [{citizen 32} [[""A"" [1 3 4 4 3 4 2 1 0 1]]]] [{citizen 26} [[""A"" [1 2 2 1 3 1 1 1 0 1]]]] [{citizen 47} [[""A"" [0 1 2 4 2 1 1 2 1 1]]]] [{citizen 46} [[""A"" [2 1 2 1 1 1 3 2 1 3]]]]]"
"37","[213 0 42]","149.0625","5.219961973631337","-8.878574579314549","""circle""","""""","9.9","{breed citizens}","false","0.5","1","""up""",,"[[""ID"" 37] [""alpha"" 1] [""beta"" 1] [""malleable"" [""A""]] [""prior"" []] [""cont_tokens"" []] [""A"" 1]]","[[0 [0 1 2 3 4 5 6 7 8 9 10 11 12 13 14]] [1 [15 17 19 20 21 24 26 29]] [2 [33 35 38 39 40 41 42 43]] [3 [45 46 47 48 49 50 51 52 53 54 55 56 57 58]] [4 [60 61 62 63 64 65 66 67 68 69 70 71 72 73 74]] [5 [75 76 77 78 79 80 81 82 83 84 85 86 87 88 89]] [6 [90 91 92 93 94 95 96 97 98 99 100 101 102 103 104]] [7 [105 106 107 108 109 110 111 112 113 114 115 116 117 118 119]] [8 [120 121 122 123 124 125 126 127 128 129 130 131 132 134]] [9 [136 137 138 139 142 145 146 147 149]] [10 [150 151 152 153 154 155 156 158 159 160 161 162 163 164]] [11 [166 167 169 170 171 172 173 174 175 176 177 178 179]] [12 [180 181 182 183 184 185 186 187 188 189 190 191 192 193 194]] [13 [195 196 197 198 199 200 201 202 203 204 205 206 207 208 209]] [14 [210 211 212 213 214 215 216 217 218 219 220 221 222 223 224]] [15 [225 226 227 228 229 230 231 232 233 234 235 236 237 238 239]] [16 [240 241 242 243 244 245 246 247 248 249 250 251 252 253 254]] [17 [255 256 257 258 259 260 261 262 263 264 265 266 267 268 269]] [18 [270 271 272 273 274 275 276 277 278 279 280 281 282 283 284]] [19 [285 286 287 288 289 290 291 292 293 294 295 296 297 298 299]] [20 [300 301 302 303 304 305 306 307 309 310 311 312 313 314]] [21 [315 316 317 318 319 320 321 322 323 324 325 326 327 328 329]] [22 [330 331 332 333 334 335 336 337 338 339 340 341 342 343 344]] [23 [345 346 347 348 349 350 351 352 353 354 355 356 357 358 359]] [24 [360 361 362 363 364 365 366 367 368 369 370 371 373 374]] [25 [375 376 377 378 379 380 381 382 383 384 385 386 387 388 389]] [26 [390 391 392 393 394 395 396 397 398 399 400 401 402 403 404]] [27 [405 406 407 408 409 410 411 412 413 414 415 416 417 418 419]] [28 [420 421 422 423 424 425 426 427 428 429 430 431 432 433 434]] [29 [435 436 437 438 439 440 441 442 443 444 445 446 447 448 449]] [30 [450 451 452 453 454 455 456 457 458 459 460 461 462 463 464]] [31 [465 466 467 468 469 470 471 472 473 474 475 476 477 478 479]] [32 [480 481 482 483 484 485 486 487 488 489 490 491 492 493 494]] [33 [495 496 497 498 501 504 505 509]] [34 [510 511 512 513 514 515 516 517 518 519 520 521 522 523 524]] [35 [525 526 527 528 529 530 531 532 533 534 535 536 537 538 539]] [36 [540 541 542 543 544 545 546 547 548 549 550 551 552 553 554]] [37 [555 556 557 558 559 560 561 562 563 564 565 566 567 568 569]] [38 [570 571 572 573 574 575 576 577 578 579 580 581 582 583 584]] [39 [585 586 587 588 589 590 591 592 593 594 595 596 597 598 599]] [40 [600 601 602 603 604 605 606 607 608 609 610 611 612 613 614]] [41 [615 616 617 618 619 620 621 622 623 624 625 626 627 628 629]] [42 [630 631 632 633 634 635 636 637 638 639 640 641 642 643 644]] [43 [645 646 647 648 649 650 651 652 653 654 655 656 657 658 659]] [44 [660 661 662 663 664 665 666 667 668 669 670 671 672 673 674]] [45 [675 676 677 678 679 680 681 682 683 684 685 686 687 688 689]] [46 [690 691 692 693 694 695 696 697 698 699 700 701 702 703 704]] [47 [705 706 707 708 709 710 711 712 713 714 715 716 717 718 719]] [48 [720 721 722 723 724 725 726 727 728 729 730 731 732 734]] [49 [735 736 737 738 739 740 741 742 743 744 745 746 747 748 749]] [50 [750 751 752 753 755 757 758 759 760 761 762 763 764]] [51 [765 766 767 768 769 770 771 772 773 774 775 776 777 778 779]] [52 [780 781 782 783 784 785 786 787 788 789 790 791 792 793 794]] [53 [795 796 797 798 799 800 801 802 803 804 805 806 807 808 809]] [54 [810 811 812 813 814 815 816 817 818 819 820 821 822 824]] [55 [826 827 828 829 830 831 832 833 834 835 836 837 838 839]] [56 [840 841 842 843 844 845 846 847 848 849 850 851 852 853 854]] [57 [855 856 857 858 859 860 861 862 863 864 865 866 867 868 869]] [58 [871 872 873 874 875 876 877 878 879 880 881 882 883 884]] [59 [885 886 887 888 889 890 891 892 893 894 895 896 897 898 899]] [60 [900 902 903 904 905 906 907 908 909 910 911 912 913 914]] [61 [915 916 917 918 919 920 921 922 923 924 925 926 927 928 929]] [62 [930 931 934 935 936 938 939 941]] [63 [948 949 951 954 955 957 958 959]] [64 [960 961 963 964 968 969 971 972]] [65 [975 976 977 978 980 981 982 983 984 985 986 987 988 989]] [66 [990 991 992 994 995 996 997 998 999 1000 1001 1002 1003 1004]] [67 [1005 1006 1007 1008 1009 1010 1011 1012 1013 1014 1015 1016 1017 1018 1019]] [68 [1020 1022 1024 1025 1026 1027 1028 1029 1030 1031 1032 1033 1034]] [69 [1035 1036 1037 1038 1039 1040 1041 1042 1043 1044 1045 1046 1047 1048 1049]] [70 [1050 1051 1052 1053 1054 1055 1056 1057 1058 1059 1060 1061 1062 1063 1064]] [71 [1065 1066 1067 1068 1069 1070 1071 1072 1073 1074 1075 1076 1077 1079]] [72 [1080 1081 1082 1083 1084 1086 1087 1088 1091 1093]] [73 [1095 1098 1099 1100 1101 1103 1107 1109]] [74 [1110 1111 1112 1113 1114 1115 1116 1117 1118 1119 1120 1122 1123 1124]] [75 [1125 1126 1127 1128 1129 1130 1131 1132 1133 1134 1135 1136 1137 1138 1139]] [76 [1140 1141 1142 1143 1144 1145 1146 1147 1148 1149 1150 1151 1152 1153 1154]] [77 [1155 1156 1157 1158 1159 1160 1161 1162 1163 1164 1165 1166 1167 1168 1169]] [78 [1170 1171 1172 1173 1174 1175 1176 1177 1178 1179 1180 1181 1182 1183 1184]] [79 [1185 1186 1187 1188 1189 1190 1191 1192 1193 1194 1195 1196 1197 1198 1199]] [80 [1200 1201 1202 1203 1204 1205 1206 1207 1208 1209 1210 1211 1212 1213 1214]] [81 [1215 1216 1217 1218 1219 1220 1221 1222 1223 1224 1225 1226 1227 1228 1229]] [82 [1230 1231 1232 1233 1234 1235 1236 1237 1238 1239 1240 1241 1242 1243 1244]] [83 [1245 1246 1247 1248 1249 1250 1251 1252 1253 1254 1255 1256 1257 1258 1259]] [84 [1260 1261 1262 1263 1264 1265 1266 1267 1268 1269 1270 1271 1272 1273]] [85 [1275 1276 1277 1278 1279 1280 1281 1282 1283 1284 1285 1286 1287 1288]] [86 [1290 1291 1292 1293 1294 1295 1296 1297 1298 1299 1300 1301 1302 1303 1304]] [87 [1305 1306 1307 1308 1309 1310 1311 1312 1313 1314 1315 1316 1317 1318 1319]] [88 [1320 1321 1322 1323 1324 1325 1326 1327 1328 1329 1330 1331 1332 1333 1334]] [89 [1335 1336 1337 1338 1339 1340 1341 1342 1343 1344 1345 1346 1347 1348 1349]] [90 [1350 1351 1352 1353 1354 1355 1357 1359 1360 1361 1362 1363 1364]] [91 [1365 1366 1367 1368 1369 1370 1371 1372 1373 1374 1375 1376 1377 1378 1379]] [92 [1380 1381 1382 1383 1384 1385 1386 1387 1388 1389 1390 1391 1392 1393 1394]] [93 [1395 1396 1397 1398 1399 1400 1401 1402 1403 1404 1405 1406 1407 1408 1409]] [94 [1410 1411 1412 1413 1415 1416 1417 1421 1424]] [95 [1425 1427 1428 1429 1431 1432 1434 1437 1438 1439]] [96 [1440 1441 1442 1443 1444 1445 1446 1447 1448 1449 1450 1451 1452 1453 1454]] [97 [1455 1456 1457 1458 1459 1460 1461 1462 1463 1464 1465 1466 1467 1468 1469]] [98 [1470 1471 1472 1473 1474 1475 1476 1477 1478 1479 1480 1484]] [99 [1485 1486 1487 1488 1489 1490 1491 1492 1493 1494 1495 1496 1497 1498 1499]]]","[[0 [0 1 2 3 5 6 7 10 12 14]] [1 [15 17 19 20 21 24 26 29]] [2 [33 35 38 39 40 41 42 43]] [3 [45 47 48 49 50 52]] [4 [62 64 66 67 73 74]] [5 [76 77 78 84 86 87 89]] [6 [90 92 93 100 102 103]] [7 [105 106 108 109 111 112 119]] [8 [120 121 125 127 128 129 130 131 132 134]] [9 [136 137 138 139 142]] [10 [152 153 154 156 158 163 164]] [11 [167 169 173 175 176 179]] [12 [180 181 183 185 187 192 193]] [13 [195 196 201 204 206 207 208]] [14 [210 211 212 214 219 221 224]] [15 [225 227 228 232 235 236 238]] [16 [240 241 242 243 245 246 247]] [17 [259 261 262 264 265 268 269]] [18 [270 272 273 274 278 279 280 281]] [19 [285 288 289 291 294 299]] [20 [303 304 305 306 312 313 314]] [21 [315 316 318 320 325 327 329]] [22 [330 331 334 337 338 340]] [23 [345 347 348 349 351 354 357 358]] [24 [362 366 367 368 369 371 374]] [25 [375 378 381 382 384 386]] [26 [391 392 394 395 396 397 400 402 403]] [27 [406 408 411 415 416 417]] [28 [421 422 423 424 425 430 433]] [29 [435 436 437 443 444 447 448 449]] [30 [451 452 453 456 459 461 462]] [31 [467 468 469 470 474 475 479]] [32 [480 482 483 484 485 486 487 492]] [33 [496 497 498 501 504]] [34 [510 511 512 513 515 516 518 519 521 522]] [35 [525 528 529 530 535 536 537]] [36 [542 544 545 546 547 550 551]] [37 [555 556 557 558 559 560 562 563 564 567 568 569]] [38 [571 572 574 576 580 581 582]] [39 [587 591 592 594 595 597 599]] [40 [600 604 606 608 609 612 614]] [41 [616 617 618 619 620 621 626 628 629]] [42 [633 636 638 639 640 641 642]] [43 [645 651 654 655 656 658 659]] [44 [661 662 664 665 666 667 668 669]] [45 [678 679 680 684 685 686 687 688]] [46 [690 692 694 695 697 701 702 703 704]] [47 [706 708 712 715 716 717 718 719]] [48 [721 723 727 728 731 732 734]] [49 [735 736 739 747 748 749]] [50 [752 753 755 760 761 762 763]] [51 [765 768 773 774 775 778 779]] [52 [784 785 786 787 790 792]] [53 [798 802 803 804 806 807 808 809]] [54 [810 811 813 816 817 818 820 821 824]] [55 [831 832 833 837 838 839]] [56 [840 845 846 848 849 850 851 852]] [57 [856 857 858 861 862 864 868]] [58 [873 876 878 879 881 883]] [59 [890 891 893 894 895 897]] [60 [902 904 905 906 907 910 911 912]] [61 [915 916 917 918 919 922 923 925 927 928 929]] [62 [930 931 935 936 938 939 941]] [63 [948 949 951 954 955 958 959]] [64 [960 961 963 964 968 969]] [65 [975 977 983 984 986 988 989]] [66 [991 992 994 998 999 1000 1001]] [67 [1005 1006 1009 1010 1011 1013 1017 1019]] [68 [1020 1022 1024 1025 1026 1027 1029 1030 1031 1033]] [69 [1035 1038 1040 1042 1043 1044 1046 1047 1049]] [70 [1050 1052 1054 1056 1058 1059 1060 1062 1064]] [71 [1065 1067 1068 1070 1071 1073 1074 1075 1076 1077]] [72 [1081 1083 1084 1086 1087 1088 1093]] [73 [1095 1098 1100 1101 1103 1107 1109]] [74 [1110 1113 1114 1115 1118 1119 1120 1122 1124]] [75 [1130 1131 1132 1133 1134 1136 1138]] [76 [1142 1146 1147 1150 1151 1152]] [77 [1156 1158 1161 1163 1164 1165]] [78 [1174 1176 1177 1181 1183]] [79 [1187 1188 1189 1192 1197 1199]] [80 [1200 1203 1204 1206 1207 1212 1213]] [81 [1215 1216 1217 1221 1223 1224 1226 1227 1228 1229]] [82 [1233 1234 1235 1237 1238 1239 1240 1243]] [83 [1247 1248 1251 1253 1255 1256 1258]] [84 [1262 1263 1265 1266 1267 1270 1271]] [85 [1275 1278 1279 1281 1282 1284 1288]] [86 [1293 1294 1296 1298 1300 1303 1304]] [87 [1305 1306 1307 1308 1309 1311 1312 1313 1315]] [88 [1321 1322 1324 1326 1328 1330 1332 1333]] [89 [1335 1336 1339 1342 1345 1347 1349]] [90 [1351 1354 1355 1357 1359 1360 1361 1363]] [91 [1365 1368 1372 1373 1375 1376]] [92 [1381 1385 1386 1388 1389 1390 1394]] [93 [1395 1399 1401 1402 1403 1404 1407 1408]] [94 [1411 1413 1415 1416 1417 1421 1424]] [95 [1428 1437 1438]] [96 [1441 1444 1445 1446 1447 1448 1449 1451]] [97 [1457 1459 1460 1462 1463 1465 1467]] [98 [1472 1473 1476 1477 1480 1484]] [99 [1489 1493 1495 1496 1497 1498 1499]]]",,"[[{media 52} [[""A"" [4 4 4 4 4 4 4 4 4 4]]]] [{media 53} [[""A"" [4 4 4 4 4 4 4 4 4 4]]]] [{media 54} [[""A"" [5 5 5 5 5 5 5 5 5 5]]]] [{media 57} [[""A"" [5 5 5 5 5 5 5 5 5 5]]]] [{media 59} [[""A"" [5 5 5 5 5 5 5 5 5 5]]]] [{media 60} [[""A"" [3 3 3 3 3 3 3 3 3 3]]]] [{media 61} [[""A"" [6 6 6 6 6 6 6 6 6 6]]]] [{media 62} [[""A"" [5 5 5 5 5 5 5 5 5 5]]]] [{media 51} [[""A"" [2 2 2 2 2 2 2 2 2 2]]]] [{citizen 4} [[""A"" [1 1 4 5 3 1 1 0 2 1]]]] [{citizen 5} [[""A"" [3 1 1 1 1 1 1 2 0 1]]]] [{citizen 6} [[""A"" [1 1 1 0 1 5 3 2 0 1]]]] [{citizen 7} [[""A"" [2 1 1 4 2 1 1 1 0 1]]]] [{media 50} [[""A"" [1 1 1 1 1 1 1 1 1 1]]]] [{media 63} [[""A"" [1 1 1 1 1 1 1 1 1 1]]]] [{citizen 12} [[""A"" [0 1 1 1 1 2 1 1 1 5]]]] [{citizen 16} [[""A"" [3 2 1 1 1 1 2 1 6 5]]]] [{citizen 34} [[""A"" [1 2 1 3 1 1 1 3 4 5]]]] [{media 58} [[""A"" [0 0 0 0 0 0 0 0 0 0]]]] [{citizen 3} [[""A"" [2 3 2 2 1 1 1 5 4 5]]]] [{media 56} [[""A"" [1 1 1 1 1 1 1 1 1 1]]]] [{citizen 1} [[""A"" [1 0 1 2 1 5 4 1 1 0]]]] [{media 55} [[""A"" [2 2 2 2 2 2 2 2 2 2]]]] [{media 64} [[""A"" [1 1 1 1 1 1 1 1 1 1]]]] [{citizen 31} [[""A"" [1 1 4 2 1 1 1 1 0 1]]]] [{citizen 49} [[""A"" [1 1 2 1 1 1 1 1 0 1]]]] [{citizen 35} [[""A"" [4 5 3 1 2 1 1 1 3 5]]]] [{citizen 38} [[""A"" [1 1 1 1 3 5 6 1 0 1]]]] [{citizen 36} [[""A"" [1 1 1 5 5 5 4 1 1 0]]]] [{citizen 42} [[""A"" [1 4 2 1 1 2 1 1 0 1]]]] [{citizen 33} [[""A"" [0 1 1 1 1 2 1 0 2 1]]]] [{citizen 20} [[""A"" [3 1 1 1 0 1 5 5 4 5]]]] [{citizen 28} [[""A"" [3 1 1 0 1 5 3 6 4 5]]]] [{citizen 43} [[""A"" [5 1 2 3 1 2 1 5 6 5]]]] [{citizen 39} [[""A"" [1 1 1 1 2 2 1 0 2 1]]]] [{citizen 10} [[""A"" [1 1 1 2 1 1 1 0 2 1]]]] [{citizen 17} [[""A"" [4 0 1 1 2 1 1 1 3 5]]]] [{citizen 27} [[""A"" [1 3 1 1 4 1 1 1 0 1]]]] [{citizen 30} [[""A"" [1 1 0 2 1 1 1 1 0 1]]]] [{citizen 29} [[""A"" [1 1 1 6 5 1 2 1 0 1]]]] [{citizen 15} [[""A"" [1 1 1 2 1 1 1 0 2 1]]]] [{citizen 11} [[""A"" [1 1 1 5 6 4 1 1 2 1]]]] [{citizen 44} [[""A"" [1 1 2 1 1 1 1 2 6 5]]]] [{citizen 2} [[""A"" [3 1 2 1 1 5 1 2 0 1]]]] [{citizen 8} [[""A"" [3 1 1 1 6 4 1 1 1 1]]]] [{citizen 40} [[""A"" [4 5 4 3 1 2 1 0 2 1]]]] [{citizen 32} [[""A"" [4 4 4 5 1 4 4 1 0 1]]]] [{citizen 26} [[""A"" [1 1 2 2 1 1 1 1 0 1]]]] [{citizen 9} [[""A"" [4 3 1 1 2 1 2 1 1 0]]]] [{citizen 24} [[""A"" [2 4 2 1 2 4 1 1 0 1]]]] [{citizen 18} [[""A"" [5 5 4 4 5 6 5 4 1 5]]]] [{citizen 23} [[""A"" [1 0 1 1 4 1 3 5 6 5]]]] [{citizen 14} [[""A"" [1 2 1 1 1 2 1 3 4 5]]]] [{citizen 0} [[""A"" [2 1 0 1 0 1 2 1 0 1]]]] [{citizen 25} [[""A"" [1 3 1 1 1 2 1 1 2 0]]]] [{citizen 45} [[""A"" [5 4 3 2 1 1 0 1 0 1]]]] [{citizen 21} [[""A"" [1 3 1 5 4 2 1 1 5 1]]]] [{citizen 22} [[""A"" [2 2 1 5 6 4 1 1 0 1]]]] [{citizen 13} [[""A"" [1 0 2 1 1 1 1 1 0 1]]]] [{citizen 48} [[""A"" [1 2 2 1 1 1 1 0 2 1]]]] [{citizen 19} [[""A"" [1 5 4 1 5 6 4 1 0 1]]]] [{citizen 41} [[""A"" [2 0 1 1 2 3 1 5 1 5]]]] [{citizen 47} [[""A"" [1 1 1 1 2 1 1 1 0 1]]]] [{citizen 46} [[""A"" [0 2 1 2 1 1 1 1 1 5]]]]]"
"38","[213 0 42]","189.375","-1.4461640868361387","-10.149246064190192","""circle""","""""","9.9","{breed citizens}","false","0.5","1","""up""",,"[[""ID"" 38] [""alpha"" 1] [""beta"" 1] [""malleable"" [""A""]] [""prior"" []] [""cont_tokens"" []] [""A"" 1]]","[[0 [0 1 2 3 4 5 6 7 8 9 10 11 12 13 14]] [1 [15 17 19 20 21 23 24 25 26 27 28 29]] [2 [30 31 32 33 34 35 36 37 38 39 40 41 42 43 44]] [3 [45 46 47 48 49 50 51 52 53 54 55 56 57 58]] [4 [60 61 62 63 64 65 66 67 68 69 70 71 72 73 74]] [5 [75 76 77 78 79 80 81 82 83 84 85 86 87 88 89]] [6 [90 91 92 93 94 95 96 97 98 99 100 101 102 103 104]] [7 [105 106 107 108 109 110 111 112 113 114 115 116 117 118 119]] [8 [120 121 122 123 124 125 126 127 128 129 130 131 132 133 134]] [9 [135 136 137 138 139 140 141 142 143 144 145 146 147 149]] [10 [150 151 152 153 154 155 156 158 159 160 161 162 163 164]] [11 [166 167 169 170 171 172 173 174 175 176 177 178 179]] [12 [180 181 182 183 184 185 186 187 188 189 190 191 192 193 194]] [13 [195 196 197 198 199 200 201 202 203 204 205 206 207 208 209]] [14 [210 211 212 213 214 215 216 217 218 219 220 221 222 223 224]] [15 [225 227 228 229 230 231 232 233 234 235 236 237 238 239]] [16 [240 241 242 243 244 245 246 247 248 249 250 251 252 253 254]] [17 [255 256 257 258 259 260 261 262 263 264 265 266 267 268 269]] [18 [270 271 272 273 274 275 276 277 278 279 280 281 282 283 284]] [19 [285 286 287 288 289 290 291 292 293 294 295 296 297 298 299]] [20 [300 301 302 303 304 305 306 307 308 309 310 311 312 313 314]] [21 [315 316 317 318 319 320 321 322 323 324 325 326 327 328 329]] [22 [330 331 332 333 334 335 336 337 338 339 340 341 343 344]] [23 [345 346 347 348 349 350 351 352 353 354 355 356 357 358]] [24 [360 361 362 363 364 365 366 367 368 369 370 371 372 373 374]] [25 [375 376 377 378 379 380 381 382 383 384 385 386 387 388 389]] [26 [391 392 393 394 395 396 397 398 399 400 401 402 403 404]] [27 [405 407 409 410 412 413 418 419]] [28 [420 421 422 423 424 425 426 427 428 429 430 431 432 433 434]] [29 [435 436 437 438 439 440 441 442 443 444 445 446 447 448 449]] [30 [450 451 452 453 454 455 456 457 458 459 460 461 462 463 464]] [31 [465 466 467 468 469 470 471 472 473 474 475 476 477 478 479]] [32 [480 481 482 483 484 485 486 487 488 489 490 491 492 493 494]] [33 [495 496 497 498 499 501 502 503 504 505 506 507 508 509]] [34 [510 511 512 513 514 515 516 517 518 519 520 521 522 523 524]] [35 [525 526 527 528 529 530 531 532 533 534 535 536 537 538 539]] [36 [540 541 542 543 544 545 546 547 548 549 550 551 552 553 554]] [37 [555 556 557 558 559 560 561 562 563 564 565 566 567 568 569]] [38 [570 571 572 573 574 575 576 577 578 579 580 581 582 583 584]] [39 [585 586 587 588 589 590 591 592 593 594 595 596 597 598 599]] [40 [600 601 602 603 604 605 606 607 608 609 610 611 612 613 614]] [41 [615 616 617 618 619 620 621 622 623 624 625 626 627 628 629]] [42 [630 631 632 633 634 635 636 637 638 639 640 641 642 643 644]] [43 [645 646 647 648 649 650 651 652 653 654 655 656 657 658 659]] [44 [660 661 662 663 664 665 666 667 668 669 670 671 672 673 674]] [45 [675 676 677 678 679 680 681 682 683 684 685 686 687 688 689]] [46 [690 691 692 693 694 695 696 697 698 699 700 701 702 703 704]] [47 [705 706 707 708 709 710 711 712 713 714 715 716 717 718 719]] [48 [720 721 722 723 724 725 726 727 728 729 730 731 732 734]] [49 [735 736 737 738 739 740 741 742 743 744 745 746 747 748 749]] [50 [750 751 752 753 755 757 758 759 760 761 762 763 764]] [51 [765 766 767 768 769 770 771 772 773 774 775 776 777 778 779]] [52 [780 781 782 783 784 785 786 787 788 789 790 791 792 793 794]] [53 [795 796 797 798 799 800 801 802 803 804 805 806 807 808 809]] [54 [810 811 812 813 814 815 816 817 818 819 820 821 822 824]] [55 [826 827 828 829 830 831 832 833 834 835 836 837 838 839]] [56 [840 841 842 843 844 845 846 847 848 849 850 851 852 853 854]] [57 [855 856 857 858 859 860 861 862 863 864 865 866 867 868 869]] [58 [870 871 872 873 874 875 876 877 878 879 881 882 883 884]] [59 [885 886 887 888 889 890 891 892 893 894 895 896 897 898 899]] [60 [900 901 902 903 904 905 906 907 908 909 910 911 912 913 914]] [61 [915 916 917 918 919 922 923 925 927 928 929]] [62 [930 931 934 935 936 938 939 941]] [63 [948 949 951 954 955 957 958 959]] [64 [960 961 963 964 968 969 971 972]] [65 [975 976 977 978 980 981 982 983 984 985 986 987 988 989]] [66 [990 991 992 994 995 996 997 998 999 1000 1001 1002 1003 1004]] [67 [1005 1006 1007 1008 1009 1010 1011 1012 1013 1014 1015 1016 1017 1018 1019]] [68 [1020 1022 1024 1025 1026 1027 1028 1029 1030 1031 1032 1033 1034]] [69 [1035 1036 1037 1038 1039 1040 1041 1042 1043 1044 1045 1046 1047 1048 1049]] [70 [1050 1051 1052 1053 1054 1055 1056 1057 1058 1059 1060 1061 1062 1063 1064]] [71 [1065 1067 1068 1070 1071 1073 1074 1075 1076 1077 1079]] [72 [1080 1081 1082 1083 1084 1086 1087 1088 1091 1093]] [73 [1095 1098 1099 1100 1101 1103 1107 1109]] [74 [1110 1111 1112 1113 1114 1115 1116 1117 1118 1119 1120 1122 1123 1124]] [75 [1125 1126 1127 1128 1129 1130 1131 1132 1133 1134 1135 1136 1137 1138 1139]] [76 [1140 1141 1142 1143 1144 1145 1146 1147 1148 1149 1150 1151 1152 1153 1154]] [77 [1155 1156 1157 1158 1159 1160 1161 1162 1163 1164 1165 1166 1167 1168 1169]] [78 [1170 1171 1172 1173 1174 1175 1176 1177 1178 1179 1180 1181 1182 1183 1184]] [79 [1185 1186 1187 1188 1189 1190 1191 1192 1193 1194 1195 1196 1197 1198 1199]] [80 [1200 1201 1202 1203 1204 1205 1206 1207 1208 1209 1210 1211 1212 1213 1214]] [81 [1215 1216 1217 1218 1219 1220 1221 1222 1223 1224 1225 1226 1227 1228 1229]] [82 [1230 1231 1232 1233 1234 1235 1236 1237 1238 1239 1240 1241 1242 1243 1244]] [83 [1245 1246 1247 1248 1249 1250 1251 1252 1253 1254 1255 1256 1257 1258 1259]] [84 [1260 1261 1262 1263 1264 1265 1266 1267 1268 1269 1270 1271 1272 1273 1274]] [85 [1275 1276 1277 1278 1279 1280 1281 1282 1283 1284 1285 1286 1287 1288]] [86 [1290 1291 1292 1293 1294 1295 1296 1297 1298 1299 1300 1301 1302 1303 1304]] [87 [1305 1306 1307 1308 1309 1310 1311 1312 1313 1314 1315 1316 1317 1318 1319]] [88 [1320 1321 1322 1323 1324 1325 1326 1327 1328 1329 1330 1331 1332 1333 1334]] [89 [1335 1336 1337 1338 1339 1340 1341 1342 1343 1344 1345 1346 1347 1348 1349]] [90 [1350 1351 1352 1353 1354 1355 1356 1357 1358 1359 1360 1361 1362 1363 1364]] [91 [1365 1366 1367 1368 1369 1370 1371 1372 1373 1374 1375 1376 1377 1378 1379]] [92 [1380 1381 1382 1383 1384 1385 1386 1387 1388 1389 1390 1391 1392 1393 1394]] [93 [1395 1396 1397 1398 1399 1400 1401 1402 1403 1404 1405 1406 1407 1408 1409]] [94 [1410 1411 1412 1413 1415 1416 1417 1421 1424]] [95 [1425 1427 1428 1429 1431 1432 1434 1437 1438 1439]] [96 [1440 1441 1442 1443 1444 1445 1446 1447 1448 1449 1450 1451 1452 1453 1454]] [97 [1455 1456 1457 1458 1459 1460 1461 1462 1463 1464 1465 1466 1467 1468 1469]] [98 [1470 1471 1472 1473 1474 1475 1476 1477 1478 1479 1480 1484]] [99 [1485 1486 1487 1488 1489 1490 1491 1492 1493 1494 1495 1496 1497 1498 1499]]]","[[0 [0 1 2 3 5 6 7 10 12 14]] [1 [15 17 19 26 29]] [2 [33 35 38 39 41 42 43]] [3 [45 46 47 48 49 50 52]] [4 [62 64 65 66 67 70 71 72]] [5 [75 79 80 81 82 83 85]] [6 [91 94 95 96 97 101 104]] [7 [105 106 110 114 115 116 118]] [8 [122 123 124 126 128 129 130 132 134]] [9 [136 137 138 139 142]] [10 [152 153 154 156 158 163 164]] [11 [166 169 172 174 177 178]] [12 [184 186 188 189 190 191 194]] [13 [197 199 200 202 203 205 209]] [14 [213 214 217 218 220 222 223]] [15 [225 227 228 232 235 236 238]] [16 [240 241 242 243 245 246 247]] [17 [259 262 264 265 268 269]] [18 [270 272 274 278 279 282 283]] [19 [286 290 291 292 293 295 296 297 299]] [20 [303 304 305 306 312 313 314]] [21 [315 316 318 320 322 323 326 328]] [22 [332 333 335 336 339 341 344]] [23 [345 347 348 349 355 356]] [24 [360 361 363 364 365 372 373]] [25 [375 378 381 382 384 385 386]] [26 [391 395 396 397 400 402 404]] [27 [405 407 409 410 412 413 418]] [28 [421 422 423 424 425 430 433]] [29 [435 438 439 440 441 442 447 448 449]] [30 [451 452 453 459 461 462]] [31 [467 471 472 473 476 477 478]] [32 [481 484 486 487 492]] [33 [496 497 498 501 504 505]] [34 [510 511 512 513 523 524]] [35 [526 527 531 532 533 534 536 537]] [36 [540 541 544 545 546 547 550 551]] [37 [555 556 557 558 561 565 566]] [38 [573 575 577 578 579 584]] [39 [585 586 587 588 590 594 595 597 599]] [40 [600 604 606 608 610 611 613]] [41 [615 620 621 622 624 626 628 629]] [42 [633 635 636 638 639 640 641 642 643]] [43 [646 647 648 649 650 652 653 657]] [44 [660 663 670 671 672 673 674]] [45 [675 676 677 681 683 686 687 688]] [46 [691 693 695 697 701 702 703 704]] [47 [706 708 715 716 717 719]] [48 [721 723 727 728 731 732 734]] [49 [735 736 739 745 746 747 748 749]] [50 [751 752 753 755 757 759 764]] [51 [767 769 770 771 772 776 777]] [52 [781 782 783 788 791 793 794]] [53 [795 796 797 799 800 804 806 807 808 809]] [54 [810 811 813 816 817 819 822]] [55 [827 828 829 830 834 835]] [56 [841 842 843 844 847 848 849 853 854]] [57 [855 859 860 863 865 866 867 869]] [58 [871 872 874 875 877 882 884]] [59 [887 889 892 896 898]] [60 [900 901 902 904 905 906 907 913 914]] [61 [918 919 922 923 925 927 929]] [62 [930 931 934 935 936 938 939 941]] [63 [948 949 951 954 955 958 959]] [64 [960 961 963 964 968 969 971 972]] [65 [976 978 980 981 982 983 986 988 989]] [66 [991 992 994 998 999 1000 1001]] [67 [1005 1006 1009 1010 1011 1013 1017 1019]] [68 [1020 1022 1024 1025 1028 1029 1030 1031 1033 1034]] [69 [1036 1037 1042 1043 1044 1047 1049]] [70 [1050 1052 1054 1056 1058 1060 1063]] [71 [1065 1067 1068 1070 1071 1073 1074 1075 1077]] [72 [1080 1083 1084 1086 1087 1088 1093]] [73 [1095 1098 1100 1101 1103 1107 1109]] [74 [1110 1113 1114 1115 1123]] [75 [1125 1126 1127 1128 1129 1137 1139]] [76 [1140 1141 1144 1145 1148 1150 1151 1152]] [77 [1156 1158 1161 1163 1164 1165]] [78 [1174 1176 1178 1179 1180 1182 1184]] [79 [1185 1186 1193 1194 1195 1196 1198]] [80 [1201 1205 1208 1209 1210 1211 1214]] [81 [1218 1219 1220 1222 1225 1227 1228 1229]] [82 [1233 1234 1235 1237 1238 1239 1240 1243]] [83 [1247 1248 1251 1253 1254 1257 1259]] [84 [1260 1261 1264 1268 1269 1272 1273]] [85 [1277 1280 1282 1284 1286 1287]] [86 [1290 1291 1292 1295 1297 1301 1302]] [87 [1307 1308 1309 1311 1312 1313 1315]] [88 [1321 1322 1324 1326 1328 1331 1333 1334]] [89 [1337 1338 1340 1341 1343 1344 1346 1348]] [90 [1350 1352 1353 1354 1355 1357 1359 1360 1362 1364]] [91 [1366 1367 1369 1371 1374 1376 1378]] [92 [1380 1381 1385 1386 1388 1389 1390 1391 1392 1393]] [93 [1396 1397 1398 1400 1402 1403 1404 1407 1408]] [94 [1411 1413 1415 1416 1417 1421 1424]] [95 [1425 1431 1432 1434 1437 1438]] [96 [1441 1444 1445 1446 1447 1448 1449 1451]] [97 [1458 1460 1462 1463 1465 1467]] [98 [1471 1473 1476 1478 1479 1480 1484]] [99 [1487 1488 1490 1491 1492 1493 1495 1496 1497 1498 1499]]]",,"[[{media 52} [[""A"" [4 4 4 4 4 4 4 4 4 4]]]] [{media 53} [[""A"" [4 4 4 4 4 4 4 4 4 4]]]] [{media 54} [[""A"" [5 5 5 5 5 5 5 5 5 5]]]] [{media 57} [[""A"" [5 5 5 5 5 5 5 5 5 5]]]] [{media 59} [[""A"" [5 5 5 5 5 5 5 5 5 5]]]] [{media 60} [[""A"" [3 3 3 3 3 3 3 3 3 3]]]] [{media 61} [[""A"" [6 6 6 6 6 6 6 6 6 6]]]] [{media 62} [[""A"" [5 5 5 5 5 5 5 5 5 5]]]] [{citizen 35} [[""A"" [4 3 1 2 1 1 1 4 3 4]]]] [{media 51} [[""A"" [2 2 2 2 2 2 2 2 2 2]]]] [{citizen 4} [[""A"" [3 4 4 4 2 1 1 0 2 1]]]] [{citizen 5} [[""A"" [3 1 1 1 0 1 1 2 1 2]]]] [{citizen 8} [[""A"" [4 3 1 6 4 4 2 1 2 1]]]] [{media 50} [[""A"" [1 1 1 1 1 1 1 1 1 1]]]] [{media 63} [[""A"" [1 1 1 1 1 1 1 1 1 1]]]] [{citizen 1} [[""A"" [0 2 4 2 1 5 4 2 1 1]]]] [{citizen 0} [[""A"" [1 1 0 1 0 2 4 2 2 0]]]] [{citizen 24} [[""A"" [1 2 1 3 4 2 1 2 1 1]]]] [{media 58} [[""A"" [0 0 0 0 0 0 0 0 0 0]]]] [{citizen 3} [[""A"" [2 2 1 1 3 1 2 2 5 4]]]] [{media 56} [[""A"" [1 1 1 1 1 1 1 1 1 1]]]] [{media 55} [[""A"" [2 2 2 2 2 2 2 2 2 2]]]] [{citizen 14} [[""A"" [1 2 1 1 1 2 2 3 4 5]]]] [{citizen 17} [[""A"" [2 1 3 2 1 2 4 2 1 3]]]] [{media 64} [[""A"" [1 1 1 1 1 1 1 1 1 1]]]] [{citizen 39} [[""A"" [1 1 1 3 2 4 2 2 1 2]]]] [{citizen 30} [[""A"" [1 1 1 0 2 1 2 2 1 2]]]] [{citizen 18} [[""A"" [5 5 4 4 5 6 5 4 2 2]]]] [{citizen 34} [[""A"" [4 3 1 1 1 0 1 2 5 4]]]] [{citizen 19} [[""A"" [1 3 5 4 4 2 5 4 2 1]]]] [{citizen 7} [[""A"" [1 1 3 4 2 4 2 1 1 1]]]] [{citizen 42} [[""A"" [2 1 1 1 4 4 2 2 1 1]]]] [{citizen 16} [[""A"" [1 2 1 1 1 1 2 4 2 5]]]] [{citizen 2} [[""A"" [1 3 1 2 1 5 2 2 1 0]]]] [{citizen 6} [[""A"" [1 1 1 0 2 4 5 4 3 2]]]] [{citizen 31} [[""A"" [1 1 1 1 3 2 1 2 2 1]]]] [{citizen 13} [[""A"" [1 0 2 1 2 1 1 2 1 2]]]] [{citizen 36} [[""A"" [3 1 1 3 5 4 5 4 2 1]]]] [{citizen 45} [[""A"" [4 3 2 1 1 0 2 2 1 1]]]] [{citizen 23} [[""A"" [1 1 3 4 2 4 2 3 5 5]]]] [{citizen 33} [[""A"" [0 1 1 2 1 2 2 1 2 1]]]] [{citizen 25} [[""A"" [3 1 1 3 1 3 1 2 1 2]]]] [{citizen 10} [[""A"" [1 1 1 2 2 2 1 1 2 1]]]] [{citizen 44} [[""A"" [3 1 2 1 3 2 1 2 5 4]]]] [{citizen 12} [[""A"" [1 0 1 2 1 1 3 2 1 4]]]] [{citizen 20} [[""A"" [1 1 0 2 4 5 4 5 4 5]]]] [{citizen 29} [[""A"" [3 1 1 1 6 4 2 5 2 1]]]] [{citizen 40} [[""A"" [3 1 1 4 5 4 2 1 0 2]]]] [{citizen 21} [[""A"" [3 1 3 1 3 2 1 1 2 1]]]] [{citizen 43} [[""A"" [1 3 1 1 2 4 1 5 6 5]]]] [{citizen 49} [[""A"" [2 1 1 1 1 2 1 2 1 1]]]] [{citizen 22} [[""A"" [0 2 4 2 4 5 4 2 1 1]]]] [{citizen 9} [[""A"" [4 3 1 2 1 2 4 2 2 1]]]] [{citizen 28} [[""A"" [3 1 1 0 1 4 5 6 5 4]]]] [{citizen 41} [[""A"" [2 3 1 2 1 1 1 5 4 5]]]] [{citizen 48} [[""A"" [2 0 1 2 2 2 1 1 2 1]]]] [{citizen 15} [[""A"" [0 1 2 4 1 2 1 1 2 1]]]] [{citizen 27} [[""A"" [1 2 1 3 1 4 2 2 1 1]]]] [{citizen 11} [[""A"" [1 2 1 5 5 4 2 1 1 2]]]] [{citizen 37} [[""A"" [2 1 1 0 2 4 2 2 1 2]]]] [{citizen 32} [[""A"" [4 5 4 1 3 4 2 4 2 1]]]] [{citizen 26} [[""A"" [1 1 1 1 2 2 2 1 1 0]]]] [{citizen 47} [[""A"" [0 1 1 1 2 4 2 1 2 1]]]] [{citizen 46} [[""A"" [0 2 1 2 1 1 1 3 2 4]]]]]"
"39","[213 0 42]","158.4375","3.5758599554193276","-9.305879042263909","""circle""","""""","9.9","{breed citizens}","false","0.5","1","""up""",,"[[""ID"" 39] [""alpha"" 1] [""beta"" 1] [""malleable"" [""A""]] [""prior"" []] [""cont_tokens"" []] [""A"" 1]]","[[0 [0 1 2 3 4 5 6 7 8 9 10 11 12 13 14]] [1 [15 17 19 20 21 23 24 25 26 27 28 29]] [2 [30 31 32 33 34 35 36 37 38 39 40 41 42 43 44]] [3 [45 46 47 48 49 50 51 52 53 54 55 56 57 58]] [4 [60 61 62 63 64 65 66 67 68 69 70 71 72 73 74]] [5 [75 76 77 78 79 80 81 82 83 84 85 86 87 88 89]] [6 [90 91 92 93 94 95 96 97 98 99 100 101 102 103 104]] [7 [105 106 107 108 109 110 111 112 113 114 115 116 117 118 119]] [8 [120 121 122 123 124 125 126 127 128 129 130 131 132 134]] [9 [136 137 138 139 142 145 146 147 149]] [10 [150 151 152 153 154 155 156 158 159 160 161 162 163 164]] [11 [166 167 169 170 171 172 173 174 175 176 177 178 179]] [12 [180 181 182 183 184 185 186 187 188 189 190 191 192 193 194]] [13 [195 196 197 198 199 200 201 202 203 204 205 206 207 208 209]] [14 [210 211 212 213 214 215 216 217 218 219 220 221 222 223 224]] [15 [225 227 228 229 230 231 232 233 234 235 236 237 238 239]] [16 [240 241 242 243 244 245 246 247 248 249 251 252 253 254]] [17 [255 256 257 258 259 260 261 262 263 264 265 266 267 268 269]] [18 [270 272 273 274 275 276 277 278 279 280 281 282 283 284]] [19 [285 286 287 288 289 290 291 292 293 294 295 296 297 298 299]] [20 [300 301 302 303 304 305 306 307 309 310 311 312 313 314]] [21 [315 316 317 318 319 320 321 322 323 324 325 326 327 328 329]] [22 [330 331 332 333 334 335 336 337 338 339 340 341 342 343 344]] [23 [345 346 347 348 349 350 351 352 353 354 355 356 357 358 359]] [24 [360 361 362 363 364 365 366 367 368 369 370 371 372 373 374]] [25 [375 376 377 378 379 380 381 382 383 384 385 386 387 388 389]] [26 [391 392 393 394 395 396 397 398 399 400 401 402 403 404]] [27 [405 407 409 410 412 413 418 419]] [28 [420 421 422 423 424 425 426 427 428 429 430 431 432 433 434]] [29 [435 436 437 438 439 440 441 442 443 444 445 446 447 448 449]] [30 [450 451 452 453 454 455 456 457 458 459 460 461 462 463 464]] [31 [465 466 467 468 469 470 471 472 473 474 475 476 477 478 479]] [32 [480 481 482 483 484 485 486 487 488 489 490 491 492 493 494]] [33 [495 496 497 498 499 501 502 503 504 505 506 507 508 509]] [34 [510 511 512 513 514 515 516 517 518 519 520 521 522 523 524]] [35 [525 526 527 528 529 530 531 532 533 534 535 536 537 538 539]] [36 [540 541 542 543 544 545 546 547 548 549 550 551 552 553 554]] [37 [555 556 557 558 559 560 561 562 563 564 565 566 567 568 569]] [38 [570 571 572 573 574 575 576 577 578 579 580 581 582 583 584]] [39 [585 586 587 588 589 590 591 592 593 594 595 596 597 598 599]] [40 [600 601 602 603 604 605 606 607 608 609 610 611 612 613 614]] [41 [615 616 617 618 619 620 621 622 623 624 625 626 627 628 629]] [42 [630 631 632 633 634 635 636 637 638 639 640 641 642 643 644]] [43 [646 647 648 649 650 652 653 657 659]] [44 [660 662 663 664 665 666 667 668 669 670 671 672 673 674]] [45 [675 676 677 678 679 680 681 682 683 684 685 686 687 688 689]] [46 [690 691 692 693 694 695 696 697 698 699 700 701 702 703 704]] [47 [705 706 707 708 709 710 711 712 713 714 715 716 717 718 719]] [48 [720 721 722 723 724 725 726 727 728 729 730 731 732 734]] [49 [735 736 737 738 739 740 741 742 743 744 745 746 747 748 749]] [50 [750 751 752 753 755 757 758 759 760 761 762 763 764]] [51 [765 766 767 768 769 770 771 772 773 774 775 776 777 778 779]] [52 [780 781 782 783 784 785 786 787 788 789 790 791 792 793 794]] [53 [795 796 797 798 799 800 801 802 803 804 805 806 807 808 809]] [54 [810 811 812 813 814 815 816 817 818 819 820 821 822 823 824]] [55 [826 827 828 829 830 831 832 833 834 835 836 837 838 839]] [56 [840 841 842 843 844 845 846 847 848 849 850 851 852 853 854]] [57 [855 856 857 858 859 860 861 862 863 864 865 866 867 868 869]] [58 [870 871 872 873 874 875 876 877 878 879 881 882 883 884]] [59 [885 886 887 888 889 890 891 892 893 894 895 896 897 898 899]] [60 [900 901 902 903 904 905 906 907 908 909 910 911 912 913 914]] [61 [915 916 917 918 919 922 923 925 927 928 929]] [62 [930 931 934 935 936 938 939 941]] [63 [948 949 951 954 955 957 958 959]] [64 [960 961 963 964 968 969 971 972]] [65 [975 976 977 978 980 981 982 983 984 985 986 987 988 989]] [66 [990 991 992 994 995 996 997 998 999 1000 1001 1002 1003 1004]] [67 [1005 1006 1007 1008 1009 1010 1011 1012 1013 1014 1015 1016 1017 1019]] [68 [1020 1022 1024 1025 1026 1027 1028 1029 1030 1031 1032 1033 1034]] [69 [1035 1036 1037 1038 1039 1040 1041 1042 1043 1044 1045 1046 1047 1048 1049]] [70 [1050 1051 1052 1053 1054 1055 1056 1057 1058 1059 1060 1061 1062 1063 1064]] [71 [1065 1066 1067 1068 1069 1070 1071 1072 1073 1074 1075 1076 1077 1079]] [72 [1080 1081 1082 1083 1084 1086 1087 1088 1091 1093]] [73 [1095 1098 1099 1100 1101 1103 1107 1109]] [74 [1110 1111 1112 1113 1114 1115 1116 1117 1118 1119 1120 1122 1123 1124]] [75 [1125 1126 1127 1128 1129 1130 1131 1132 1133 1134 1135 1136 1137 1138 1139]] [76 [1140 1141 1142 1143 1144 1145 1146 1147 1148 1149 1150 1151 1152 1153 1154]] [77 [1155 1156 1157 1158 1159 1160 1161 1162 1163 1164 1165 1166 1167 1168 1169]] [78 [1170 1171 1172 1173 1174 1175 1176 1177 1178 1179 1180 1181 1182 1183 1184]] [79 [1185 1186 1187 1188 1189 1190 1191 1192 1193 1194 1195 1196 1197 1198 1199]] [80 [1200 1201 1202 1203 1204 1205 1206 1207 1208 1209 1210 1211 1212 1213 1214]] [81 [1215 1216 1217 1218 1219 1220 1221 1222 1223 1224 1225 1226 1227 1228 1229]] [82 [1230 1231 1232 1233 1234 1235 1236 1237 1238 1239 1240 1241 1242 1243 1244]] [83 [1245 1246 1247 1248 1249 1250 1251 1252 1253 1254 1255 1256 1257 1258 1259]] [84 [1260 1261 1262 1263 1264 1265 1266 1267 1268 1269 1270 1271 1272 1273]] [85 [1275 1276 1277 1278 1279 1280 1281 1282 1283 1284 1285 1286 1287 1288]] [86 [1290 1291 1292 1293 1294 1295 1296 1297 1298 1299 1300 1301 1302 1303 1304]] [87 [1305 1306 1307 1308 1309 1310 1311 1312 1313 1314 1315 1316 1317 1318 1319]] [88 [1320 1321 1322 1323 1324 1325 1326 1327 1328 1329 1330 1331 1332 1333 1334]] [89 [1335 1336 1337 1338 1339 1340 1341 1342 1343 1344 1345 1346 1347 1348 1349]] [90 [1350 1351 1352 1353 1354 1355 1356 1357 1358 1359 1360 1361 1362 1363 1364]] [91 [1365 1366 1367 1368 1369 1370 1371 1372 1373 1374 1375 1376 1377 1378 1379]] [92 [1380 1381 1382 1383 1384 1385 1386 1387 1388 1389 1390 1391 1392 1393 1394]] [93 [1395 1396 1397 1398 1399 1400 1401 1402 1403 1404 1405 1406 1407 1408 1409]] [94 [1410 1411 1412 1413 1415 1416 1417 1421 1424]] [95 [1425 1427 1428 1429 1431 1432 1434 1437 1438 1439]] [96 [1440 1441 1442 1443 1444 1445 1446 1447 1448 1449 1450 1451 1452 1453 1454]] [97 [1455 1456 1457 1458 1459 1460 1461 1462 1463 1464 1465 1466 1467 1468 1469]] [98 [1470 1471 1472 1473 1474 1475 1476 1477 1478 1479 1480 1484]] [99 [1485 1486 1487 1488 1489 1490 1491 1492 1493 1494 1495 1496 1497 1498 1499]]]","[[0 [0 1 2 3 4 5 6 7 10 12 14]] [1 [15 17 19 26 29]] [2 [33 35 38 39 40 41 42 43]] [3 [45 46 47 48 49 50 52 58]] [4 [62 64 65 66 67 73 74]] [5 [76 77 78 84 86 87 89]] [6 [90 92 93 100 102 103]] [7 [105 106 108 109 111 112 119]] [8 [120 121 125 127 130 131 132 134]] [9 [136 137 138 139 142]] [10 [152 153 155 159 160 161 162 163 164]] [11 [167 169 172 174 177 178]] [12 [184 186 188 189 190 191 194]] [13 [197 199 202 203 205 209]] [14 [212 214 215 217 218 220 222 223]] [15 [225 227 228 232 235 236 238]] [16 [240 241 242 243 245 247]] [17 [259 260 261 264 265 268 269]] [18 [270 272 273 275 276 277 280 281]] [19 [285 287 288 289 291 294 299]] [20 [303 304 305 306 312 313]] [21 [315 316 318 320 322 323 325 327 329]] [22 [330 331 334 337 338 340]] [23 [347 348 349 351 356]] [24 [360 363 364 365 370 372 373]] [25 [375 377 378 381 382 384 386]] [26 [391 395 396 397 400 402 404]] [27 [405 409 410 412 413 419]] [28 [420 422 423 424 425 426 427 428 429 431 432 434]] [29 [435 436 437 443 444 447 448 449]] [30 [451 452 453 456 459 461 462]] [31 [467 468 469 470 474 475 479]] [32 [480 482 483 484 488 489 490 491 493 494]] [33 [499 503 506 507 508 509]] [34 [510 511 512 513 517 519 521 522]] [35 [525 528 530 535 536 538 539]] [36 [541 546 550 551 552 553 554]] [37 [559 560 562 563 567 568 569]] [38 [570 571 574 576 578 579 583]] [39 [586 587 591 593 596 598]] [40 [601 603 605 607 609 611 614]] [41 [616 617 618 623 625 627]] [42 [630 631 632 634 637 643 644]] [43 [646 647 648 653 657]] [44 [660 663 668 670 671 672]] [45 [675 676 677 681 685 686 687 688]] [46 [690 691 693 695 697 701 702 703 704]] [47 [706 715 716 717 719]] [48 [721 723 727 728 731 734]] [49 [735 736 739 747 748 749]] [50 [752 753 755 757 759 764]] [51 [766 767 769 770 771 772 777]] [52 [780 782 783 788 791 793 794]] [53 [795 796 797 799 800 801]] [54 [810 811 813 816 817 819 822]] [55 [826 827 829 830 834 835]] [56 [841 842 843 844 849 853 854]] [57 [855 859 860 863 865 866 867 869]] [58 [872 874 875 877 882]] [59 [885 886 887 890 891 893 894 895 897 899]] [60 [903 904 905 906 907 913 914]] [61 [922 923 925 927 929]] [62 [930 931 934 935 936 938 939 941]] [63 [948 951 957 958 959]] [64 [960 961 963 968 969 971 972]] [65 [976 978 980 981 982 983 985 987 988 989]] [66 [991 992 994 995 996 997 1002 1003 1004]] [67 [1007 1008 1011 1013 1017 1019]] [68 [1020 1022 1024 1025 1026 1027 1029 1030 1031 1033]] [69 [1035 1038 1039 1040 1041 1045 1046 1048]] [70 [1051 1053 1055 1057 1059 1062 1064]] [71 [1065 1067 1068 1070 1071 1073 1076 1077]] [72 [1080 1081 1083 1084 1086 1087 1088 1093]] [73 [1095 1098 1100 1101 1103 1107 1109]] [74 [1110 1116 1117 1120 1122 1124]] [75 [1127 1128 1129 1135 1137 1139]] [76 [1140 1143 1145 1148 1150 1151 1152]] [77 [1156 1158 1159 1161 1163 1164 1165]] [78 [1174 1175 1176 1177 1178 1179 1180 1182 1184]] [79 [1185 1186 1193 1194 1195 1196 1198]] [80 [1201 1202 1208 1209 1210 1211 1214]] [81 [1218 1219 1220 1222 1225 1227 1228]] [82 [1231 1232 1236 1239 1240 1243]] [83 [1251 1253 1254 1258]] [84 [1263 1265 1266 1267 1269 1272 1273]] [85 [1276 1277 1280 1281 1283 1285 1286 1287]] [86 [1290 1291 1292 1295 1297 1301 1302]] [87 [1306 1307 1308 1309 1311 1312 1313]] [88 [1321 1322 1324 1326 1328 1330 1332 1333]] [89 [1335 1336 1339 1343 1344 1346 1348]] [90 [1350 1352 1353 1354 1355 1357 1359 1360 1361 1363]] [91 [1365 1368 1372 1373 1375 1376 1378]] [92 [1380 1381 1385 1386 1388 1389 1390 1391 1392 1393]] [93 [1396 1397 1398 1400 1402 1403 1404 1407 1408]] [94 [1411 1413 1415 1416 1417 1421 1424]] [95 [1427 1428 1429 1431 1432 1434 1437 1438]] [96 [1441 1442 1443 1447 1448 1449 1451]] [97 [1458 1459 1460 1462 1463 1465 1467]] [98 [1471 1473 1476 1477 1480 1484]] [99 [1489 1493 1495 1496 1497 1498 1499]]]",,"[[{media 52} [[""A"" [4 4 4 4 4 4 4 4 4 4]]]] [{media 53} [[""A"" [4 4 4 4 4 4 4 4 4 4]]]] [{media 54} [[""A"" [5 5 5 5 5 5 5 5 5 5]]]] [{media 57} [[""A"" [5 5 5 5 5 5 5 5 5 5]]]] [{media 59} [[""A"" [5 5 5 5 5 5 5 5 5 5]]]] [{media 60} [[""A"" [3 3 3 3 3 3 3 3 3 3]]]] [{media 61} [[""A"" [6 6 6 6 6 6 6 6 6 6]]]] [{media 62} [[""A"" [5 5 5 5 5 5 5 5 5 5]]]] [{media 51} [[""A"" [2 2 2 2 2 2 2 2 2 2]]]] [{citizen 4} [[""A"" [2 1 1 3 4 3 1 0 2 1]]]] [{citizen 5} [[""A"" [3 4 5 5 4 4 0 1 1 1]]]] [{citizen 19} [[""A"" [1 3 5 4 1 6 5 4 1 0]]]] [{citizen 24} [[""A"" [2 4 2 3 5 1 1 1 0 1]]]] [{media 50} [[""A"" [1 1 1 1 1 1 1 1 1 1]]]] [{citizen 6} [[""A"" [2 1 1 0 1 5 4 3 0 1]]]] [{citizen 7} [[""A"" [3 2 2 1 4 2 1 1 1 1]]]] [{media 63} [[""A"" [1 1 1 1 1 1 1 1 1 1]]]] [{citizen 0} [[""A"" [5 4 4 1 0 0 1 2 1 0]]]] [{media 58} [[""A"" [0 0 0 0 0 0 0 0 0 0]]]] [{citizen 3} [[""A"" [2 1 1 1 3 5 6 5 4 5]]]] [{media 56} [[""A"" [1 1 1 1 1 1 1 1 1 1]]]] [{citizen 1} [[""A"" [2 0 1 4 2 1 5 4 1 0]]]] [{media 55} [[""A"" [2 2 2 2 2 2 2 2 2 2]]]] [{citizen 14} [[""A"" [4 3 1 2 1 2 1 3 4 5]]]] [{citizen 17} [[""A"" [1 1 2 2 1 4 2 1 3 5]]]] [{media 64} [[""A"" [1 1 1 1 1 1 1 1 1 1]]]] [{citizen 38} [[""A"" [1 1 1 3 6 5 4 1 0 1]]]] [{citizen 30} [[""A"" [2 2 1 1 0 2 1 1 1 0]]]] [{citizen 18} [[""A"" [5 4 4 5 6 5 4 2 1 5]]]] [{citizen 34} [[""A"" [3 2 0 1 1 1 3 5 4 5]]]] [{citizen 42} [[""A"" [2 1 1 2 1 1 2 1 1 0]]]] [{citizen 16} [[""A"" [2 2 1 1 1 1 3 6 5 5]]]] [{citizen 2} [[""A"" [1 2 3 2 1 2 5 1 1 0]]]] [{citizen 31} [[""A"" [0 1 2 2 2 1 1 1 1 0]]]] [{citizen 13} [[""A"" [4 5 4 5 4 2 0 2 1 1]]]] [{citizen 36} [[""A"" [4 5 4 3 2 1 5 5 4 1]]]] [{citizen 8} [[""A"" [4 3 1 6 4 4 1 3 1 1]]]] [{citizen 45} [[""A"" [4 4 3 2 0 2 1 1 0 1]]]] [{citizen 23} [[""A"" [4 2 0 2 1 3 5 6 5 5]]]] [{citizen 33} [[""A"" [0 1 1 2 1 1 1 0 2 1]]]] [{citizen 25} [[""A"" [4 4 3 1 3 1 2 1 1 0]]]] [{citizen 10} [[""A"" [1 1 1 2 1 1 1 0 2 1]]]] [{citizen 44} [[""A"" [2 1 3 1 1 2 6 5 4 5]]]] [{citizen 12} [[""A"" [2 1 3 1 1 1 3 5 4 5]]]] [{citizen 20} [[""A"" [1 0 1 4 5 3 5 6 4 5]]]] [{citizen 29} [[""A"" [1 1 6 2 1 3 5 2 1 1]]]] [{citizen 40} [[""A"" [3 5 4 3 1 2 1 0 2 1]]]] [{citizen 21} [[""A"" [3 1 3 2 1 3 5 1 3 1]]]] [{citizen 43} [[""A"" [4 1 1 3 1 1 5 6 5 5]]]] [{citizen 49} [[""A"" [2 2 1 1 1 1 3 1 1 0]]]] [{citizen 22} [[""A"" [0 1 2 4 2 1 6 5 4 1]]]] [{citizen 9} [[""A"" [4 3 1 2 1 4 1 2 1 0]]]] [{citizen 28} [[""A"" [3 3 0 1 4 3 6 5 4 5]]]] [{citizen 41} [[""A"" [1 2 3 2 2 1 6 5 1 5]]]] [{citizen 48} [[""A"" [1 1 2 1 3 1 1 1 2 1]]]] [{citizen 15} [[""A"" [0 1 2 4 1 1 1 0 2 1]]]] [{citizen 27} [[""A"" [3 2 1 1 4 2 1 3 1 0]]]] [{citizen 35} [[""A"" [4 3 1 2 1 1 1 3 4 5]]]] [{citizen 11} [[""A"" [2 1 3 5 6 5 4 1 2 1]]]] [{citizen 37} [[""A"" [1 3 2 2 0 4 2 1 1 1]]]] [{citizen 32} [[""A"" [4 5 4 4 3 4 3 4 1 1]]]] [{citizen 26} [[""A"" [2 1 1 2 2 1 3 1 1 0]]]] [{citizen 47} [[""A"" [4 2 3 1 2 1 2 1 1 1]]]] [{citizen 46} [[""A"" [0 2 2 1 1 1 1 3 4 5]]]]]"
"40","[213 0 42]","326.25","-3.070078038394485","4.353412081975732","""circle""","""""","9.9","{breed citizens}","false","0.5","1","""up""",,"[[""ID"" 40] [""alpha"" 1] [""beta"" 1] [""malleable"" [""A""]] [""prior"" []] [""cont_tokens"" []] [""A"" 1]]","[[0 [0 1 2 3 4 5 6 7 8 9 10 11 12 13 14]] [1 [15 16 17 18 19 20 21 22 23 24 25 27 28]] [2 [30 31 32 33 34 35 36 37 38 39 40 41 42 43 44]] [3 [45 46 47 48 49 50 51 52 53 54 55 56 57 58]] [4 [60 61 62 63 64 65 66 67 68 69 70 71 72 73 74]] [5 [75 76 77 78 79 80 81 82 83 84 85 86 87 88 89]] [6 [90 91 92 93 94 95 96 97 98 99 100 101 102 103 104]] [7 [105 106 107 108 109 110 111 112 113 114 115 116 117 118 119]] [8 [120 121 122 123 124 125 126 127 128 129 130 131 132 133 134]] [9 [136 137 138 139 142 145 146 147 149]] [10 [150 151 152 153 154 155 156 158 159 160 161 162 163 164]] [11 [166 167 169 170 171 172 173 174 175 176 177 178 179]] [12 [180 181 182 183 184 185 186 187 188 189 190 191 192 193 194]] [13 [195 196 197 198 199 200 201 202 203 204 205 206 207 208 209]] [14 [210 211 212 213 214 215 216 217 218 219 220 221 222 223 224]] [15 [225 226 227 228 229 230 231 232 233 234 235 236 237 238 239]] [16 [240 241 242 243 244 245 246 247 248 249 250 251 252 253 254]] [17 [255 256 257 258 259 260 261 262 263 264 265 266 267 268 269]] [18 [270 271 272 273 274 275 276 277 278 279 280 281 282 283 284]] [19 [285 286 287 288 289 290 291 292 293 294 295 296 297 298 299]] [20 [300 301 302 303 304 305 306 307 308 309 310 311 312 313 314]] [21 [315 316 317 318 319 320 321 322 323 324 325 326 327 328 329]] [22 [330 331 332 333 334 335 336 337 338 339 340 341 342 343 344]] [23 [345 346 347 348 349 350 351 352 353 354 355 356 357 358 359]] [24 [361 362 366 367 368 369 371 374]] [25 [375 376 377 378 379 380 381 382 383 384 385 386 387 388 389]] [26 [390 391 392 393 394 395 396 397 398 399 400 401 402 403 404]] [27 [405 406 407 408 409 410 411 412 413 415 416 417 418 419]] [28 [420 421 422 423 424 425 426 427 428 429 430 431 432 433 434]] [29 [435 436 437 438 439 440 441 442 443 444 445 446 447 448 449]] [30 [450 451 452 453 454 455 456 457 458 459 460 461 462 463 464]] [31 [465 466 467 468 469 470 471 472 473 474 475 476 477 478 479]] [32 [480 481 482 483 484 485 486 487 488 489 490 491 492 493 494]] [33 [495 496 497 498 499 501 502 503 504 505 506 507 508 509]] [34 [510 511 512 513 514 515 516 517 518 519 520 521 522 523 524]] [35 [525 526 527 528 529 530 531 532 533 534 535 536 537 538 539]] [36 [540 541 542 543 544 545 546 547 548 549 550 551 552 553 554]] [37 [555 556 557 558 559 560 561 562 563 564 565 566 567 568 569]] [38 [570 571 572 573 574 575 576 577 578 579 580 581 582 583 584]] [39 [585 586 587 588 589 590 591 592 593 594 595 596 597 598 599]] [40 [600 601 602 603 604 605 606 607 608 609 610 611 612 613 614]] [41 [615 616 617 618 619 620 621 622 623 624 625 626 627 628 629]] [42 [630 631 632 633 634 635 636 637 638 639 640 641 642 643 644]] [43 [645 646 647 648 649 650 651 652 653 654 655 656 657 658 659]] [44 [660 661 662 663 664 665 666 667 668 669 670 671 672 673 674]] [45 [675 676 677 678 679 680 681 682 683 684 685 686 687 688 689]] [46 [690 691 692 693 694 695 696 697 698 699 700 701 702 703 704]] [47 [705 706 707 708 709 710 711 712 713 714 715 716 717 718 719]] [48 [720 721 722 723 724 725 726 727 728 729 730 731 732 734]] [49 [735 736 737 738 739 740 741 742 743 744 745 746 747 748 749]] [50 [750 751 752 753 755 757 758 759 760 761 762 763 764]] [51 [765 766 767 768 769 770 771 772 773 774 775 776 777 778 779]] [52 [780 781 782 783 784 785 786 787 788 789 790 791 792 793 794]] [53 [795 796 797 798 799 800 801 802 803 804 805 806 807 808 809]] [54 [810 811 812 813 814 815 816 817 818 819 820 821 822 824]] [55 [826 827 828 829 830 831 832 833 834 835 836 837 838 839]] [56 [840 841 842 843 844 845 846 847 848 849 850 851 852 853 854]] [57 [855 856 857 858 859 860 861 862 863 864 865 866 867 868 869]] [58 [870 871 872 873 874 875 876 877 878 879 881 882 883 884]] [59 [885 886 887 888 889 890 891 892 893 894 895 896 897 898 899]] [60 [900 901 902 903 904 905 906 907 908 909 910 911 912 913 914]] [61 [915 916 917 918 919 920 921 922 923 924 925 926 927 928 929]] [62 [930 931 934 935 936 938 939 941]] [63 [948 949 951 954 955 957 958 959]] [64 [960 961 963 964 968 969 971 972]] [65 [975 976 977 978 980 981 982 983 984 985 986 987 988 989]] [66 [990 991 992 994 995 996 997 998 999 1000 1001 1002 1003 1004]] [67 [1005 1006 1007 1008 1009 1010 1011 1012 1013 1014 1015 1016 1017 1019]] [68 [1020 1022 1024 1025 1026 1027 1028 1029 1030 1031 1032 1033 1034]] [69 [1035 1036 1037 1038 1039 1040 1041 1042 1043 1044 1045 1046 1047 1048 1049]] [70 [1050 1051 1052 1053 1054 1055 1056 1057 1058 1059 1060 1061 1062 1063 1064]] [71 [1065 1067 1068 1070 1071 1073 1074 1075 1076 1077 1079]] [72 [1080 1081 1082 1083 1084 1086 1087 1088 1091 1093]] [73 [1095 1098 1099 1100 1101 1103 1107 1109]] [74 [1110 1111 1112 1113 1114 1115 1116 1117 1118 1119 1120 1122 1123 1124]] [75 [1125 1126 1127 1128 1129 1130 1131 1132 1133 1134 1135 1136 1137 1138 1139]] [76 [1140 1141 1142 1143 1144 1145 1146 1147 1148 1149 1150 1151 1152 1153 1154]] [77 [1155 1156 1157 1158 1159 1160 1161 1162 1163 1164 1165 1166 1167 1168 1169]] [78 [1170 1171 1172 1173 1174 1175 1176 1177 1178 1179 1180 1181 1182 1183 1184]] [79 [1185 1186 1187 1188 1189 1190 1191 1192 1193 1194 1195 1196 1197 1198 1199]] [80 [1200 1201 1202 1203 1204 1205 1206 1207 1208 1209 1210 1211 1212 1213 1214]] [81 [1215 1216 1217 1218 1219 1220 1221 1222 1223 1224 1225 1226 1227 1228 1229]] [82 [1230 1231 1232 1233 1234 1235 1236 1237 1238 1239 1240 1241 1242 1243 1244]] [83 [1245 1246 1247 1248 1249 1250 1251 1252 1253 1254 1255 1256 1257 1258 1259]] [84 [1260 1261 1262 1263 1264 1265 1266 1267 1268 1269 1270 1271 1272 1273 1274]] [85 [1275 1276 1277 1278 1279 1280 1281 1282 1283 1284 1285 1286 1287 1288]] [86 [1290 1291 1292 1293 1294 1295 1296 1297 1298 1299 1300 1301 1302 1303 1304]] [87 [1305 1306 1307 1308 1309 1310 1311 1312 1313 1314 1315 1316 1317 1318 1319]] [88 [1320 1321 1322 1323 1324 1325 1326 1327 1328 1329 1330 1331 1332 1333 1334]] [89 [1335 1336 1337 1338 1339 1340 1341 1342 1343 1344 1345 1346 1347 1348 1349]] [90 [1350 1351 1352 1353 1354 1355 1356 1357 1358 1359 1360 1361 1362 1363 1364]] [91 [1365 1366 1367 1368 1369 1370 1371 1372 1373 1374 1375 1376 1377 1378 1379]] [92 [1380 1381 1382 1383 1384 1385 1386 1387 1388 1389 1390 1391 1392 1393 1394]] [93 [1395 1396 1397 1398 1399 1400 1401 1402 1403 1404 1405 1406 1407 1408 1409]] [94 [1410 1411 1412 1413 1415 1416 1417 1421 1424]] [95 [1425 1427 1428 1429 1431 1432 1434 1437 1438 1439]] [96 [1440 1441 1442 1443 1444 1445 1446 1447 1448 1449 1450 1451 1452 1453 1454]] [97 [1455 1456 1457 1458 1459 1460 1461 1462 1463 1464 1465 1466 1467 1468 1469]] [98 [1470 1471 1472 1473 1474 1475 1476 1477 1478 1479 1480 1484]] [99 [1485 1486 1487 1488 1489 1490 1491 1492 1493 1494 1495 1496 1497 1498 1499]]]","[[0 [0 3 4 8 9 13]] [1 [16 18 20 21 24 25 27 28]] [2 [30 31 32 34 36 37 44]] [3 [45 47 48 49 50 52]] [4 [62 64 65 66 67 70 71 72]] [5 [75 79 81 82 83 85]] [6 [91 94 95 96 97 101 104]] [7 [105 106 109 111 112 117 119]] [8 [120 121 125 127 130 131 132 134]] [9 [136 137 138 139 142 146 149]] [10 [151 154 156 158 163 164]] [11 [167 169 172 174 177 178]] [12 [182 183 185 187 192]] [13 [196 198 201 202 203 205 209]] [14 [212 213 214 217 218 220 222 223]] [15 [225 227 228 235 236 238]] [16 [240 241 242 243 245 247]] [17 [259 261 262 264 265 267 268 269]] [18 [270 272 274 278 279 280 281 284]] [19 [289 291 292 293 295 296 297 299]] [20 [302 304 305 306 312 313 314]] [21 [315 316 318 320 324 329]] [22 [330 331 334 337 338 340]] [23 [347 348 349 351 354 357 358]] [24 [362 366 367 368 369 371 374]] [25 [375 377 378 381 382 384 385 386]] [26 [391 395 396 397 400 402 404]] [27 [405 409 410 412 413 419]] [28 [420 421 424 425 426 428 429 431 432 434]] [29 [435 438 439 440 441 442 448 449]] [30 [451 452 453 456 459 461 462]] [31 [467 471 472 473 476 477 478]] [32 [481 488 489 490 491 493 494]] [33 [502 503 506 507 508 509]] [34 [514 515 516 518 519 521 522]] [35 [525 528 529 530 533 534 536 539]] [36 [540 541 545 546 550 551]] [37 [555 556 557 558 559 560 562 563 567 568 569]] [38 [570 571 574 576 578 579 583]] [39 [585 586 587 591 593 596 598]] [40 [601 603 605 607 609 611 613]] [41 [615 620 621 622 624 628 629]] [42 [633 636 639 640 641 642]] [43 [645 649 650 652 653 657]] [44 [660 663 670 671 672 674]] [45 [675 676 677 681 685 687]] [46 [690 691 693 695 697 701 702]] [47 [705 707 709 710 713 714 718 719]] [48 [721 723 725 726 729 730 731 734]] [49 [735 736 739 745 746 748 749]] [50 [752 753 755 760 761 763]] [51 [765 768 773 774 775 778 779]] [52 [784 785 786 787 789 790 792]] [53 [798 802 803 804 806 807 808 809]] [54 [811 813 816 817 819 822 824]] [55 [828 829 830 834 835]] [56 [841 842 843 844 849 853 854]] [57 [855 859 860 863 865 866 867 869]] [58 [871 872 874 875 877 879 882]] [59 [885 886 888 889 892 896 898]] [60 [900 908 909 910 911 912]] [61 [915 916 917 918 919 922 923 925 927 928 929]] [62 [930 931 934 935 936 938 939]] [63 [948 949 954 955 957 958 959]] [64 [960 961 963 964 968 971 972]] [65 [976 978 980 981 982 983 984 986 988 989]] [66 [991 992 994 998 999 1000 1001 1003 1004]] [67 [1008 1011 1013 1017 1019]] [68 [1020 1022 1024 1025 1027 1029 1030 1031 1033 1034]] [69 [1036 1037 1042 1043 1044 1047 1049]] [70 [1050 1052 1054 1056 1058 1060 1063]] [71 [1065 1067 1068 1070 1071 1073 1076 1077]] [72 [1081 1083 1084 1086 1087 1088 1093]] [73 [1095 1098 1100 1101 1103 1107 1109]] [74 [1110 1113 1114 1115 1118 1119 1120 1122 1124]] [75 [1130 1131 1132 1133 1134 1136 1138]] [76 [1141 1142 1146 1147 1149 1150 1151 1152]] [77 [1156 1159 1161 1163 1164 1165]] [78 [1174 1175 1176 1178 1179 1180 1182 1184]] [79 [1185 1186 1189 1194 1195 1196 1198]] [80 [1201 1205 1206 1207 1212 1213]] [81 [1215 1216 1217 1221 1223 1224 1229]] [82 [1233 1234 1235 1236 1239 1240 1243]] [83 [1247 1248 1251 1253 1254 1257 1259]] [84 [1260 1261 1264 1268 1269 1272 1273]] [85 [1275 1278 1279 1281 1283 1285 1287]] [86 [1291 1292 1293 1294 1296 1298 1300 1303]] [87 [1305 1306 1307 1308 1309 1311 1312 1313 1315]] [88 [1321 1322 1324 1326 1328 1331 1333]] [89 [1335 1336 1339 1343 1344 1346]] [90 [1350 1352 1353 1354 1355 1357 1359 1360 1364]] [91 [1366 1367 1369 1371 1374 1376 1378]] [92 [1380 1381 1385 1386 1388 1389 1390 1394]] [93 [1395 1399 1401 1402 1403 1404 1407 1408]] [94 [1411 1413 1415 1416 1417 1421 1424]] [95 [1425 1431 1432 1434 1437 1438]] [96 [1441 1442 1445 1446 1449 1451]] [97 [1457 1459 1460 1462 1463 1465 1467]] [98 [1471 1475 1477]] [99 [1485 1486 1487 1489 1493 1495 1496 1497 1498 1499]]]",,"[[{media 52} [[""A"" [4 4 4 4 4 4 4 4 4 4]]]] [{media 53} [[""A"" [4 4 4 4 4 4 4 4 4 4]]]] [{media 54} [[""A"" [5 5 5 5 5 5 5 5 5 5]]]] [{media 57} [[""A"" [5 5 5 5 5 5 5 5 5 5]]]] [{media 59} [[""A"" [5 5 5 5 5 5 5 5 5 5]]]] [{media 60} [[""A"" [3 3 3 3 3 3 3 3 3 3]]]] [{media 61} [[""A"" [6 6 6 6 6 6 6 6 6 6]]]] [{media 62} [[""A"" [5 5 5 5 5 5 5 5 5 5]]]] [{media 51} [[""A"" [2 2 2 2 2 2 2 2 2 2]]]] [{citizen 4} [[""A"" [0 1 1 1 3 4 3 1 0 1]]]] [{citizen 5} [[""A"" [4 4 5 5 5 4 1 1 2 1]]]] [{citizen 6} [[""A"" [2 1 2 1 1 1 4 5 3 1]]]] [{citizen 7} [[""A"" [4 2 1 2 1 3 4 2 1 1]]]] [{citizen 12} [[""A"" [0 1 2 1 1 1 3 2 1 5]]]] [{citizen 16} [[""A"" [1 2 1 1 1 3 1 2 4 5]]]] [{media 50} [[""A"" [1 1 1 1 1 1 1 1 1 1]]]] [{media 63} [[""A"" [1 1 1 1 1 1 1 1 1 1]]]] [{citizen 0} [[""A"" [4 5 4 1 0 1 0 4 2 0]]]] [{media 58} [[""A"" [0 0 0 0 0 0 0 0 0 0]]]] [{citizen 3} [[""A"" [5 5 2 2 2 1 3 1 5 5]]]] [{media 56} [[""A"" [1 1 1 1 1 1 1 1 1 1]]]] [{citizen 1} [[""A"" [5 5 0 2 1 1 4 2 1 1]]]] [{media 55} [[""A"" [2 2 2 2 2 2 2 2 2 2]]]] [{media 64} [[""A"" [1 1 1 1 1 1 1 1 1 1]]]] [{citizen 38} [[""A"" [4 2 1 3 1 1 3 5 1 1]]]] [{citizen 41} [[""A"" [5 0 1 2 2 1 1 6 4 5]]]] [{citizen 17} [[""A"" [5 0 1 2 2 1 4 2 1 3]]]] [{citizen 29} [[""A"" [5 5 5 4 1 1 6 4 2 1]]]] [{citizen 14} [[""A"" [4 1 1 1 2 4 2 1 3 5]]]] [{citizen 31} [[""A"" [1 2 1 1 1 3 2 1 1 1]]]] [{citizen 13} [[""A"" [5 5 5 4 0 2 1 1 1 1]]]] [{citizen 25} [[""A"" [5 4 1 3 1 3 1 1 2 1]]]] [{citizen 20} [[""A"" [1 2 1 2 1 1 0 4 5 5]]]] [{citizen 8} [[""A"" [5 5 5 4 6 4 4 1 1 1]]]] [{citizen 23} [[""A"" [4 0 1 2 1 3 4 3 5 5]]]] [{citizen 34} [[""A"" [5 5 5 4 1 2 1 1 3 5]]]] [{citizen 42} [[""A"" [4 1 2 2 1 1 4 2 1 1]]]] [{citizen 11} [[""A"" [3 5 4 1 1 2 1 5 1 1]]]] [{citizen 33} [[""A"" [0 2 0 2 1 1 1 1 2 1]]]] [{citizen 15} [[""A"" [4 2 1 1 2 4 1 1 2 1]]]] [{citizen 36} [[""A"" [4 2 5 4 5 4 1 3 5 1]]]] [{citizen 39} [[""A"" [1 2 1 1 1 3 2 4 2 1]]]] [{citizen 45} [[""A"" [4 5 5 4 2 1 0 1 2 1]]]] [{citizen 24} [[""A"" [5 4 4 5 4 2 3 1 1 1]]]] [{citizen 28} [[""A"" [5 4 4 3 1 1 0 1 4 5]]]] [{citizen 30} [[""A"" [0 2 0 2 2 1 1 0 2 1]]]] [{citizen 27} [[""A"" [5 5 3 1 2 1 3 4 2 1]]]] [{citizen 18} [[""A"" [5 5 4 4 5 6 5 4 2 5]]]] [{citizen 19} [[""A"" [1 2 1 1 1 3 5 4 2 5]]]] [{citizen 2} [[""A"" [1 2 2 1 2 1 1 3 4 0]]]] [{citizen 10} [[""A"" [2 1 2 1 1 3 1 2 1 1]]]] [{citizen 44} [[""A"" [4 4 1 2 1 3 1 1 2 5]]]] [{citizen 22} [[""A"" [5 4 0 2 1 0 2 4 2 1]]]] [{citizen 43} [[""A"" [1 2 1 1 3 2 4 1 5 5]]]] [{citizen 21} [[""A"" [4 4 5 4 2 1 3 2 1 1]]]] [{citizen 49} [[""A"" [5 5 4 1 1 1 2 1 1 1]]]] [{citizen 9} [[""A"" [6 5 4 4 5 5 4 4 1 1]]]] [{citizen 48} [[""A"" [2 2 0 1 2 1 2 1 1 1]]]] [{citizen 35} [[""A"" [6 5 5 4 5 4 1 1 4 3]]]] [{citizen 37} [[""A"" [5 4 2 1 2 1 1 4 2 1]]]] [{citizen 32} [[""A"" [5 5 4 5 4 3 4 4 2 1]]]] [{citizen 26} [[""A"" [2 1 1 1 1 2 2 1 1 0]]]] [{citizen 47} [[""A"" [2 1 1 2 4 2 1 1 1 1]]]] [{citizen 46} [[""A"" [0 2 1 2 1 1 1 3 1 5]]]]]"
"41","[43 0 212]","41.25","6.704898592412652","7.500919782126642","""circle""","""""","9.9","{breed citizens}","false","0.5","1","""up""",,"[[""ID"" 41] [""alpha"" 1] [""beta"" 1] [""malleable"" [""A""]] [""prior"" []] [""cont_tokens"" []] [""A"" 5]]","[[0 [0 1 2 4 5 6 7 8 9 10 11 12 13 14]] [1 [16 18 20 21 22 23 24 25 27 28]] [2 [30 31 32 33 34 35 36 37 38 39 40 41 42 43 44]] [3 [45 46 47 48 49 50 51 52 53 54 55 56 57 58]] [4 [60 61 62 63 64 65 66 67 68 69 70 71 72 73 74]] [5 [75 76 77 78 79 80 81 82 83 84 85 86 87 88 89]] [6 [90 91 92 93 94 95 96 97 98 99 100 101 102 103 104]] [7 [105 106 107 108 109 110 111 112 113 114 115 116 117 118 119]] [8 [120 121 122 123 124 125 126 127 128 129 130 131 132 133 134]] [9 [136 137 138 139 142 145 146 147 149]] [10 [150 151 152 153 154 155 156 158 159 160 161 162 163 164]] [11 [166 167 169 170 171 172 173 174 175 176 177 178 179]] [12 [180 181 182 183 184 185 186 187 188 189 190 191 192 193 194]] [13 [195 196 197 198 199 200 201 202 203 204 205 206 207 208 209]] [14 [210 211 212 213 214 215 216 217 218 219 220 221 222 223 224]] [15 [225 226 227 228 229 230 231 232 233 234 235 236 237 238 239]] [16 [240 241 242 243 244 245 246 247 248 249 250 251 252 253 254]] [17 [255 256 257 258 259 260 261 262 263 264 265 266 267 268 269]] [18 [270 271 272 273 274 275 276 277 278 279 280 281 282 283 284]] [19 [285 286 287 288 289 290 291 292 293 294 295 296 297 298 299]] [20 [300 301 302 303 304 305 306 307 309 310 311 312 313 314]] [21 [315 316 317 318 319 320 321 322 323 324 325 326 327 328 329]] [22 [330 331 332 333 334 335 336 337 338 339 340 341 342 343 344]] [23 [345 346 347 348 349 350 351 352 353 354 355 356 357 358]] [24 [360 361 362 363 364 365 366 367 368 369 370 371 373 374]] [25 [375 376 377 378 379 380 381 382 383 384 385 386 387 388 389]] [26 [390 391 392 393 394 395 396 397 398 399 400 401 402 403 404]] [27 [405 406 407 408 409 410 411 412 413 414 415 416 417 418 419]] [28 [420 421 422 423 424 425 426 427 428 429 430 431 432 433 434]] [29 [435 436 437 438 439 440 441 442 443 444 445 446 447 448 449]] [30 [450 451 452 453 454 455 456 457 458 459 460 461 462 463 464]] [31 [465 466 467 468 469 470 471 472 473 474 475 476 477 478 479]] [32 [480 481 482 483 484 485 486 487 488 489 490 491 492 493 494]] [33 [495 496 497 498 501 502 503 504 505 506 507 508 509]] [34 [510 511 512 513 514 515 516 517 518 519 520 521 522 523 524]] [35 [525 526 527 528 529 530 531 532 533 534 535 536 537 538 539]] [36 [540 541 542 543 544 545 546 547 548 549 550 551 552 553 554]] [37 [555 556 557 558 559 560 561 562 563 564 565 566 567 568 569]] [38 [570 571 572 573 574 575 576 577 578 579 580 581 582 583 584]] [39 [585 586 587 588 589 590 591 592 593 594 595 596 597 598 599]] [40 [600 601 602 603 604 605 606 607 608 609 610 611 612 613 614]] [41 [615 616 617 618 619 620 621 622 624 625 626 627 628 629]] [42 [630 631 632 633 634 635 636 637 638 639 640 641 642 643 644]] [43 [645 646 647 648 649 650 651 652 653 654 655 656 657 658 659]] [44 [660 661 662 663 664 665 666 667 668 669 670 671 672 673 674]] [45 [675 676 677 678 679 680 681 682 683 684 685 686 687 688 689]] [46 [690 691 692 693 694 695 696 697 698 699 700 701 702 703 704]] [47 [705 706 707 708 709 710 711 712 713 714 715 716 717 718 719]] [48 [720 721 722 723 724 725 726 727 728 729 730 731 732 734]] [49 [735 736 737 738 739 740 741 742 743 744 745 746 747 748 749]] [50 [750 751 752 753 755 757 758 759 760 761 762 763 764]] [51 [765 766 767 768 769 770 771 772 773 774 775 776 777 778 779]] [52 [780 781 782 783 784 785 786 787 788 789 790 791 792 793 794]] [53 [795 796 797 798 799 800 801 802 803 804 805 806 807 808 809]] [54 [810 811 812 813 814 815 816 817 818 819 820 821 822 824]] [55 [826 827 828 829 830 831 832 833 834 835 836 837 838 839]] [56 [840 841 842 843 844 845 846 847 848 849 850 851 852 853 854]] [57 [855 856 857 858 859 860 861 862 863 864 865 866 867 868 869]] [58 [870 871 872 873 874 875 876 877 878 879 881 882 883 884]] [59 [885 886 887 888 889 890 891 892 893 894 895 896 897 898 899]] [60 [900 901 902 903 904 905 906 907 908 909 910 911 912 913 914]] [61 [915 916 917 918 919 920 921 922 923 924 925 926 927 928 929]] [62 [930 931 934 935 936 938 939 941]] [63 [948 949 951 954 955 957 958 959]] [64 [960 961 963 964 968 969 971 972]] [65 [975 976 977 978 980 981 982 983 984 985 986 987 988 989]] [66 [990 991 992 993 994 995 996 997 998 999 1000 1001 1002 1003 1004]] [67 [1005 1006 1007 1008 1009 1010 1011 1012 1013 1014 1015 1016 1017 1019]] [68 [1020 1022 1024 1025 1026 1027 1028 1029 1030 1031 1032 1033 1034]] [69 [1035 1036 1037 1038 1039 1040 1041 1042 1043 1044 1045 1046 1047 1048 1049]] [70 [1050 1051 1052 1053 1054 1055 1056 1057 1058 1059 1060 1061 1062 1063 1064]] [71 [1065 1066 1067 1068 1069 1070 1071 1072 1073 1074 1075 1076 1077 1079]] [72 [1080 1081 1082 1083 1084 1086 1087 1088 1091 1093]] [73 [1095 1098 1099 1100 1101 1103 1107 1109]] [74 [1110 1111 1112 1113 1114 1115 1116 1117 1118 1119 1120 1122 1123 1124]] [75 [1125 1126 1127 1128 1129 1130 1131 1132 1133 1134 1135 1136 1137 1138 1139]] [76 [1140 1141 1142 1143 1144 1145 1146 1147 1148 1149 1150 1151 1152 1153 1154]] [77 [1155 1156 1157 1158 1159 1160 1161 1162 1163 1164 1165 1166 1167 1168 1169]] [78 [1170 1171 1172 1173 1174 1175 1176 1177 1178 1179 1180 1181 1182 1183 1184]] [79 [1185 1186 1187 1188 1189 1190 1191 1192 1193 1194 1195 1196 1197 1198 1199]] [80 [1200 1203 1204 1205 1206 1207 1212 1213]] [81 [1215 1216 1217 1221 1223 1224 1226 1227 1228 1229]] [82 [1230 1231 1232 1233 1234 1235 1236 1237 1238 1239 1240 1241 1242 1243 1244]] [83 [1245 1246 1247 1248 1249 1250 1251 1252 1253 1254 1255 1256 1257 1258 1259]] [84 [1260 1261 1262 1263 1264 1265 1266 1267 1268 1269 1270 1271 1272 1273]] [85 [1275 1276 1277 1278 1279 1280 1281 1282 1283 1284 1285 1286 1287 1288]] [86 [1290 1291 1292 1293 1294 1295 1296 1297 1298 1299 1300 1301 1302 1303 1304]] [87 [1305 1306 1307 1308 1309 1311 1312 1313 1314 1315 1316 1317 1318 1319]] [88 [1321 1322 1324 1326 1328 1330 1331 1332 1333 1334]] [89 [1335 1336 1337 1338 1339 1340 1341 1342 1343 1344 1345 1346 1347 1348 1349]] [90 [1350 1351 1352 1353 1354 1355 1356 1357 1358 1359 1360 1361 1362 1363 1364]] [91 [1365 1366 1367 1368 1369 1370 1371 1372 1373 1374 1375 1376 1377 1378 1379]] [92 [1380 1381 1382 1383 1384 1385 1386 1387 1388 1389 1390 1391 1392 1393 1394]] [93 [1395 1396 1397 1398 1399 1400 1401 1402 1403 1404 1405 1406 1407 1408 1409]] [94 [1410 1411 1412 1413 1414 1415 1416 1417 1418 1419 1420 1421 1422 1423 1424]] [95 [1425 1427 1428 1429 1431 1432 1434 1437 1438 1439]] [96 [1440 1441 1442 1443 1444 1445 1446 1447 1448 1449 1450 1451 1452 1453 1454]] [97 [1455 1456 1457 1458 1459 1460 1461 1462 1463 1464 1465 1466 1467 1468 1469]] [98 [1470 1471 1472 1473 1474 1475 1476 1477 1478 1479 1480 1481 1482 1483 1484]] [99 [1485 1486 1487 1488 1489 1490 1491 1492 1493 1494 1495 1496 1497 1498 1499]]]","[[0 [0 1 2 4 8 9 11 13]] [1 [16 18 21 24 25 27 28]] [2 [30 31 32 34 36 37 44]] [3 [45 51 54 56 57 58]] [4 [61 63 68 69 70 71 72]] [5 [75 79 80 81 82 83 85]] [6 [91 94 95 96 97 101 104]] [7 [105 106 108 109 111 112 117 119]] [8 [120 121 125 127 130 131 132 134]] [9 [136 137 138 139 142 146 149]] [10 [150 151 154 156 158 163 164]] [11 [167 169 173 175 176 179]] [12 [180 181 182 184 186 188 189 190 191 193]] [13 [195 196 198 201 204 206 207 208]] [14 [210 211 212 214 215 217 218 220 222 223]] [15 [225 227 228 229 230 231 233 234 237 239]] [16 [242 243 245 246 247]] [17 [259 262 264 265 268 269]] [18 [270 272 273 275 276 277 280 281]] [19 [285 287 288 289 291 292 293 295 296 297 299]] [20 [303 304 305 306 307 311]] [21 [317 319 321 322 323 325 327 329]] [22 [330 331 334 337 338 340 341 344]] [23 [345 347 348 349 351 353 354 357 358]] [24 [362 366 367 368 369 371 374]] [25 [375 377 378 381 382 384 385 386]] [26 [391 395 396 397 400 402 404]] [27 [405 407 409 410 412 413 419]] [28 [420 421 422 423 424 425 430 433]] [29 [435 438 439 440 441 442 444 447 448 449]] [30 [451 452 453 456 459 461 462 463 464]] [31 [465 466 467 471 472 473 476 477 478]] [32 [481 484 487 492]] [33 [495 496 497 498 501 504 505]] [34 [510 511 512 513 520 523 524]] [35 [526 527 531 532 534 537]] [36 [540 541 545 546 547 550 551]] [37 [555 556 557 558 559 560 563 567 568 569]] [38 [571 574 576 580 581 582]] [39 [587 591 592 594 595 597 599]] [40 [600 604 606 608 609 610 611 613]] [41 [615 620 621 622 624 626 628 629]] [42 [633 635 636 638 642 643]] [43 [646 647 648 650 652 653 657]] [44 [660 663 670 671 672 673 674]] [45 [675 676 677 681 682 683 686 687 688]] [46 [691 693 696 698 699 700 704]] [47 [706 708 712 715 716 717 718]] [48 [721 723 727 728 731 732 734]] [49 [735 736 739 745 746 748 749]] [50 [752 753 755 757 758 759 764]] [51 [766 767 769 770 771 773 774 775 778 779]] [52 [784 785 786 787 790 792 794]] [53 [795 796 797 799 800 804 806 807 808 809]] [54 [811 813 816 817 819 822 824]] [55 [828 829 830 834 835]] [56 [841 842 843 844 847 848 849 853 854]] [57 [855 859 860 863 865 866 867]] [58 [870 872 874 875 877 879 882 884]] [59 [885 886 887 889 892 896 898]] [60 [900 908 909 910 911 912]] [61 [915 916 917 918 919 922 923 925 927 928 929]] [62 [930 931 935 936 938 939 941]] [63 [948 949 954 955 957 958 959]] [64 [960 961 963 964 968 971 972]] [65 [976 978 980 981 982 983 985 987]] [66 [990 992 994 995 997 1002 1003 1004]] [67 [1007 1008 1011 1013 1017 1019]] [68 [1020 1022 1024 1025 1028 1032 1034]] [69 [1036 1037 1042 1043 1044 1046]] [70 [1050 1052 1054 1056 1058 1060 1064]] [71 [1065 1067 1068 1070 1071 1073 1074 1075 1077]] [72 [1081 1083 1084 1086 1087 1088 1093]] [73 [1095 1098 1100 1101 1103 1107 1109]] [74 [1110 1112 1116 1117 1119 1124]] [75 [1127 1128 1129 1135 1137 1139]] [76 [1140 1143 1145 1148 1153 1154]] [77 [1155 1157 1160 1162 1166 1167 1168 1169]] [78 [1170 1171 1172 1173 1177 1183]] [79 [1187 1188 1189 1192 1197 1199]] [80 [1200 1203 1204 1206 1207 1212 1213]] [81 [1215 1216 1217 1221 1223 1224 1228 1229]] [82 [1230 1231 1233 1234 1235 1237 1238 1240 1243]] [83 [1247 1248 1251 1253 1254 1258]] [84 [1262 1263 1265 1266 1267 1270 1271 1273]] [85 [1276 1277 1280 1281 1283 1285 1287]] [86 [1290 1291 1292 1295 1297 1301 1302]] [87 [1307 1308 1309 1311 1312 1313 1315]] [88 [1321 1322 1324 1326 1328 1330 1332 1334]] [89 [1337 1338 1340 1341 1344 1346]] [90 [1350 1352 1353 1354 1355 1359 1360 1361 1363]] [91 [1365 1368 1372 1373 1375 1377 1379]] [92 [1382 1384 1387 1389 1390 1394]] [93 [1395 1399 1401 1402 1403 1404 1407 1408]] [94 [1411 1413 1415 1416 1417 1421 1424]] [95 [1427 1428 1429 1431 1432 1434 1437 1438]] [96 [1441 1442 1443 1447 1448 1449 1451]] [97 [1457 1459 1460 1462 1463 1465 1467 1468 1469]] [98 [1470 1474 1475 1477 1480 1484]] [99 [1489 1493 1494]]]",,"[[{media 52} [[""A"" [4 4 4 4 4 4 4 4 4 4]]]] [{media 53} [[""A"" [4 4 4 4 4 4 4 4 4 4]]]] [{media 54} [[""A"" [5 5 5 5 5 5 5 5 5 5]]]] [{media 57} [[""A"" [5 5 5 5 5 5 5 5 5 5]]]] [{media 59} [[""A"" [5 5 5 5 5 5 5 5 5 5]]]] [{media 61} [[""A"" [6 6 6 6 6 6 6 6 6 6]]]] [{media 62} [[""A"" [5 5 5 5 5 5 5 5 5 5]]]] [{media 51} [[""A"" [2 2 2 2 2 2 2 2 2 2]]]] [{citizen 4} [[""A"" [4 4 3 1 2 1 1 0 2 1]]]] [{citizen 5} [[""A"" [1 1 0 1 1 2 1 2 1 0]]]] [{citizen 6} [[""A"" [1 1 0 1 4 5 3 1 2 0]]]] [{citizen 7} [[""A"" [1 4 2 4 2 1 1 1 0 1]]]] [{citizen 10} [[""A"" [1 1 2 1 2 1 1 0 2 1]]]] [{media 50} [[""A"" [1 1 1 1 1 1 1 1 1 1]]]] [{media 63} [[""A"" [1 1 1 1 1 1 1 1 1 1]]]] [{media 58} [[""A"" [0 0 0 0 0 0 0 0 0 0]]]] [{citizen 3} [[""A"" [4 5 4 2 2 1 1 1 2 5]]]] [{media 56} [[""A"" [1 1 1 1 1 1 1 1 1 1]]]] [{media 55} [[""A"" [2 2 2 2 2 2 2 2 2 2]]]] [{media 64} [[""A"" [1 1 1 1 1 1 1 1 1 1]]]] [{citizen 1} [[""A"" [0 1 4 2 1 5 2 1 1 0]]]] [{citizen 45} [[""A"" [2 1 1 0 2 1 2 1 0 1]]]] [{citizen 24} [[""A"" [2 1 4 1 2 1 2 1 1 0]]]] [{citizen 31} [[""A"" [4 2 1 2 1 1 2 1 1 0]]]] [{citizen 28} [[""A"" [1 0 1 4 5 3 5 6 5 4]]]] [{citizen 34} [[""A"" [4 5 4 1 1 0 1 2 3 5]]]] [{citizen 16} [[""A"" [1 2 1 1 1 1 2 2 6 5]]]] [{citizen 40} [[""A"" [4 5 4 3 1 2 1 1 0 2]]]] [{citizen 12} [[""A"" [1 0 1 2 1 1 1 2 1 2]]]] [{citizen 23} [[""A"" [1 1 1 4 4 2 1 3 5 5]]]] [{citizen 43} [[""A"" [3 4 3 1 1 2 1 5 6 5]]]] [{citizen 27} [[""A"" [2 1 1 4 2 1 2 1 1 0]]]] [{citizen 17} [[""A"" [4 0 2 1 2 1 4 2 1 3]]]] [{citizen 0} [[""A"" [1 1 0 0 1 2 2 1 2 0]]]] [{media 60} [[""A"" [3 3 3 3 3 3 3 3 3 3]]]] [{citizen 18} [[""A"" [4 4 5 6 5 4 2 1 1 2]]]] [{citizen 19} [[""A"" [5 4 4 2 1 5 6 2 1 0]]]] [{citizen 42} [[""A"" [1 2 1 4 2 1 2 1 1 0]]]] [{citizen 2} [[""A"" [2 1 2 1 5 2 1 2 1 0]]]] [{citizen 14} [[""A"" [1 2 1 1 1 2 2 1 3 5]]]] [{citizen 13} [[""A"" [1 1 1 2 1 1 2 1 1 0]]]] [{citizen 36} [[""A"" [1 1 1 5 5 5 2 1 1 0]]]] [{citizen 8} [[""A"" [4 1 6 4 4 2 1 2 1 1]]]] [{citizen 49} [[""A"" [1 1 2 1 2 1 2 1 1 0]]]] [{citizen 11} [[""A"" [5 4 1 2 1 5 6 2 1 1]]]] [{citizen 21} [[""A"" [1 5 4 2 1 1 3 1 2 1]]]] [{citizen 33} [[""A"" [1 1 1 1 2 1 2 1 0 1]]]] [{citizen 22} [[""A"" [2 4 2 5 6 5 2 1 1 0]]]] [{citizen 44} [[""A"" [5 4 2 1 2 1 1 1 2 5]]]] [{citizen 25} [[""A"" [1 3 1 1 2 1 1 2 1 0]]]] [{citizen 20} [[""A"" [1 2 1 0 1 4 5 5 4 5]]]] [{citizen 29} [[""A"" [1 1 6 2 1 5 2 1 1 0]]]] [{citizen 9} [[""A"" [2 1 1 4 2 1 2 1 1 0]]]] [{citizen 48} [[""A"" [2 2 1 1 2 1 1 0 2 1]]]] [{citizen 15} [[""A"" [4 2 1 1 2 1 1 0 2 1]]]] [{citizen 30} [[""A"" [1 0 2 1 2 1 1 2 1 0]]]] [{citizen 39} [[""A"" [1 1 2 4 2 1 2 1 1 0]]]] [{citizen 35} [[""A"" [5 5 3 4 1 2 1 1 4 3]]]] [{citizen 38} [[""A"" [2 1 3 5 6 2 1 1 0 1]]]] [{citizen 37} [[""A"" [1 1 0 1 4 2 1 2 1 1]]]] [{citizen 32} [[""A"" [4 4 1 0 4 2 2 1 1 0]]]] [{citizen 26} [[""A"" [1 2 2 1 3 1 2 1 1 0]]]] [{citizen 47} [[""A"" [1 2 4 2 1 1 2 1 0 1]]]] [{citizen 46} [[""A"" [1 1 2 1 0 2 1 2 1 1]]]]]"
"42","[213 0 42]","292.5","-9.643656621676739","4.1259996732252535","""circle""","""""","9.9","{breed citizens}","false","0.5","1","""up""",,"[[""ID"" 42] [""alpha"" 1] [""beta"" 1] [""malleable"" [""A""]] [""prior"" []] [""cont_tokens"" []] [""A"" 1]]","[[0 [0 1 2 3 4 5 6 7 8 9 10 11 12 13 14]] [1 [15 16 17 18 19 20 21 22 23 24 25 27 28]] [2 [30 31 32 33 34 35 36 37 38 39 40 41 42 43 44]] [3 [45 46 47 48 49 50 51 52 53 54 55 56 57 58]] [4 [60 61 62 63 64 65 66 67 68 69 70 71 72 73 74]] [5 [75 76 77 78 79 80 81 82 83 84 85 86 87 88 89]] [6 [90 91 92 93 94 95 96 97 98 99 100 101 102 103 104]] [7 [105 106 107 108 109 110 111 112 113 114 115 116 117 118 119]] [8 [120 121 122 123 124 125 126 127 128 129 130 131 132 133 134]] [9 [135 136 137 138 139 140 141 142 143 144 145 146 147 149]] [10 [150 151 152 153 154 155 156 158 159 160 161 162 163 164]] [11 [166 167 169 170 171 172 173 174 175 176 177 178 179]] [12 [180 181 182 183 184 185 186 187 188 189 190 191 192 193 194]] [13 [195 196 197 198 199 200 201 202 203 204 205 206 207 208 209]] [14 [210 211 212 213 214 215 216 217 218 219 220 221 222 223 224]] [15 [225 226 227 228 229 230 231 232 233 234 235 236 237 238 239]] [16 [240 241 242 243 244 245 246 247 248 249 250 251 252 253 254]] [17 [255 256 257 258 259 260 261 262 263 264 265 266 267 268 269]] [18 [270 271 272 273 274 275 276 277 278 279 280 281 282 283 284]] [19 [285 286 287 288 289 290 291 292 293 294 295 296 297 298 299]] [20 [300 301 302 303 304 305 306 307 308 309 310 311 312 313 314]] [21 [315 316 317 318 319 320 321 322 323 324 325 326 327 328 329]] [22 [330 331 332 333 334 335 336 337 338 339 340 341 342 343 344]] [23 [345 346 347 348 349 350 351 352 353 354 355 356 357 358 359]] [24 [361 362 366 367 368 369 371 374]] [25 [375 376 377 378 379 380 381 382 383 384 385 386 387 388 389]] [26 [390 391 392 393 394 395 396 397 398 399 400 401 402 403 404]] [27 [405 406 407 408 409 410 411 412 413 414 415 416 417 418 419]] [28 [420 421 422 423 424 425 426 427 428 429 430 431 432 433 434]] [29 [435 436 437 438 439 440 441 442 443 444 445 446 447 448 449]] [30 [450 451 452 453 454 455 456 457 458 459 460 461 462 463 464]] [31 [465 466 467 468 469 470 471 472 473 474 475 476 477 478 479]] [32 [480 481 482 483 484 485 486 487 488 489 490 491 492 493 494]] [33 [495 496 497 498 501 504 505 509]] [34 [510 511 512 513 514 515 516 517 518 519 520 521 522 523 524]] [35 [525 526 527 528 529 530 531 532 533 534 535 536 537 538 539]] [36 [540 541 542 543 544 545 546 547 548 549 550 551 552 553 554]] [37 [555 556 557 558 559 560 561 562 563 564 565 566 567 568 569]] [38 [570 571 572 573 574 575 576 577 578 579 580 581 582 583 584]] [39 [585 586 587 588 589 590 591 592 593 594 595 596 597 598 599]] [40 [600 601 602 603 604 605 606 607 608 609 610 611 612 613 614]] [41 [615 616 617 618 619 620 621 622 624 625 626 627 628 629]] [42 [630 631 632 633 634 635 636 637 638 639 640 641 642 643 644]] [43 [645 646 647 648 649 650 651 652 653 654 655 656 657 658 659]] [44 [660 661 662 663 664 665 666 667 668 669 670 671 672 673 674]] [45 [675 676 677 678 679 680 681 682 683 684 685 686 687 688 689]] [46 [690 691 692 693 694 695 696 697 698 699 700 701 702 703 704]] [47 [705 706 707 708 709 710 711 712 713 714 715 716 717 718 719]] [48 [720 721 722 723 724 725 726 727 728 729 730 731 732 734]] [49 [735 736 737 738 739 740 741 742 743 744 745 746 747 748 749]] [50 [750 751 752 753 755 757 758 759 760 761 762 763 764]] [51 [765 766 767 768 769 770 771 772 773 774 775 776 777 778 779]] [52 [780 781 782 783 784 785 786 787 788 789 790 791 792 793 794]] [53 [795 796 797 798 799 800 801 802 803 804 805 806 807 808 809]] [54 [810 811 812 813 814 815 816 817 818 819 820 821 822 824]] [55 [826 827 828 829 830 831 832 833 834 835 836 837 838 839]] [56 [840 841 842 843 844 845 846 847 848 849 850 851 852 853 854]] [57 [855 856 857 858 859 860 861 862 863 864 865 866 867 868 869]] [58 [870 871 872 873 874 875 876 877 878 879 880 881 882 883 884]] [59 [885 886 887 888 889 890 891 892 893 894 895 896 897 898 899]] [60 [900 901 902 903 904 905 906 907 908 909 910 911 912 913 914]] [61 [915 916 917 918 919 920 921 922 923 924 925 926 927 928 929]] [62 [930 931 934 935 936 938 939 941]] [63 [948 949 951 954 955 957 958 959]] [64 [960 961 963 964 968 969 971 972]] [65 [975 976 977 978 980 981 982 983 984 985 986 987 988 989]] [66 [990 991 992 994 995 996 997 998 999 1000 1001 1002 1003 1004]] [67 [1005 1006 1007 1008 1009 1010 1011 1012 1013 1014 1015 1016 1017 1018 1019]] [68 [1020 1022 1024 1025 1026 1027 1028 1029 1030 1031 1032 1033 1034]] [69 [1035 1036 1037 1038 1039 1040 1041 1042 1043 1044 1045 1046 1047 1048 1049]] [70 [1050 1051 1052 1053 1054 1055 1056 1057 1058 1059 1060 1061 1062 1063 1064]] [71 [1065 1067 1068 1070 1071 1073 1074 1075 1076 1077 1079]] [72 [1080 1081 1082 1083 1084 1085 1086 1087 1088 1089 1090 1091 1092 1093 1094]] [73 [1095 1098 1099 1100 1101 1103 1107 1109]] [74 [1110 1111 1112 1113 1114 1115 1116 1117 1118 1119 1120 1122 1123 1124]] [75 [1125 1126 1127 1128 1129 1130 1131 1132 1133 1134 1135 1136 1137 1138 1139]] [76 [1140 1141 1142 1143 1144 1145 1146 1147 1148 1149 1150 1151 1152 1153 1154]] [77 [1155 1156 1157 1158 1159 1160 1161 1162 1163 1164 1165 1166 1167 1168 1169]] [78 [1170 1171 1172 1173 1174 1175 1176 1177 1178 1179 1180 1181 1182 1183 1184]] [79 [1185 1186 1187 1188 1189 1190 1191 1192 1193 1194 1195 1196 1197 1198 1199]] [80 [1200 1201 1202 1203 1204 1205 1206 1207 1208 1209 1210 1211 1212 1213 1214]] [81 [1215 1216 1217 1218 1219 1220 1221 1222 1223 1224 1225 1226 1227 1228 1229]] [82 [1230 1231 1232 1233 1234 1235 1236 1237 1238 1239 1240 1241 1242 1243 1244]] [83 [1245 1246 1247 1248 1249 1250 1251 1252 1253 1254 1255 1256 1257 1258 1259]] [84 [1260 1261 1262 1263 1264 1265 1266 1267 1268 1269 1270 1271 1272 1273]] [85 [1275 1276 1277 1278 1279 1280 1281 1282 1283 1284 1285 1286 1287 1288]] [86 [1290 1291 1292 1293 1294 1295 1296 1297 1298 1299 1300 1301 1302 1303 1304]] [87 [1305 1306 1307 1308 1309 1310 1311 1312 1313 1314 1315 1316 1317 1318 1319]] [88 [1320 1321 1322 1323 1324 1325 1326 1327 1328 1329 1330 1331 1332 1333 1334]] [89 [1335 1336 1337 1338 1339 1340 1341 1342 1343 1344 1345 1346 1347 1348 1349]] [90 [1350 1351 1352 1353 1354 1355 1357 1359 1360 1361 1362 1363 1364]] [91 [1365 1366 1367 1368 1369 1370 1371 1372 1373 1374 1375 1376 1377 1378 1379]] [92 [1380 1381 1382 1383 1384 1385 1386 1387 1388 1389 1390 1391 1392 1393 1394]] [93 [1395 1396 1397 1398 1399 1400 1401 1402 1403 1404 1405 1406 1407 1408 1409]] [94 [1410 1411 1412 1413 1414 1415 1416 1417 1418 1419 1420 1421 1422 1423 1424]] [95 [1425 1427 1428 1429 1431 1432 1434 1437 1438 1439]] [96 [1440 1441 1442 1443 1444 1445 1446 1447 1448 1449 1450 1451 1452 1453 1454]] [97 [1457 1458 1459 1460 1462 1463 1465 1466 1467 1468 1469]] [98 [1470 1471 1472 1473 1474 1475 1476 1477 1478 1479 1480 1484]] [99 [1485 1486 1487 1488 1489 1490 1491 1492 1493 1494 1495 1496 1497 1498 1499]]]","[[0 [0 1 2 3 4 8 9 11 13]] [1 [16 18 21 24 25 27 28]] [2 [30 31 32 34 36 37 43]] [3 [45 46 47 48 49 50 52 58]] [4 [61 63 68 69 70 71 72]] [5 [75 79 80 81 82 83 85 88 89]] [6 [90 92 93 98 99 101 104]] [7 [105 106 110 113 114 115 116 117 118]] [8 [122 123 124 126 128 129 130 131 132 134]] [9 [136 137 138 139 142 145 146 149]] [10 [150 151 154 156 158 163 164]] [11 [167 169 172 174 177 178]] [12 [182 184 186 188 189 190 191 193]] [13 [196 201 204 206 207 208]] [14 [210 211 212 214 215 217 218 220 222 223]] [15 [225 227 228 232 235 236 238]] [16 [240 241 242 243 245 246 247 253]] [17 [256 257 258 263 266 267 268 269]] [18 [270 272 274 278 279 282 283]] [19 [286 290 292 293 295 296 297 299]] [20 [302 304 305 306 312 313 314]] [21 [315 316 318 320 325 327 329]] [22 [330 331 334 337 338 340 343]] [23 [346 347 348 349 351 353 354 357 358]] [24 [362 366 367 368 369 371 374]] [25 [376 379 380 383 385 386]] [26 [391 392 393 394 395 396 397 400 402 404]] [27 [407 409 410 412 413 418]] [28 [420 422 423 424 425 426 428 429 431 432 434]] [29 [436 437 442 444 447 448 449]] [30 [451 452 453 456 459 461 462]] [31 [466 467 468 469 470 474 475 479]] [32 [480 482 483 484 485 486 487 492]] [33 [495 496 497 498 501 504 505]] [34 [510 511 512 513 520 523 524]] [35 [526 527 531 532 533 534 536 539]] [36 [541 543 548 549 553 554]] [37 [559 560 562 563 564 567 568 569]] [38 [570 571 576 580 581 582]] [39 [588 590 595 597 599]] [40 [600 604 606 608 610 611 613]] [41 [615 620 621 626 628 629]] [42 [633 636 638 640 641 642]] [43 [645 651 654 655 656 658 659]] [44 [661 662 664 665 666 667 668 671 672]] [45 [675 676 677 681 682 683 686 689]] [46 [692 694 695 697 701 702 703 704]] [47 [706 708 712 716 717 718 719]] [48 [721 723 725 726 729 730 731 732 734]] [49 [735 736 739 747 748 749]] [50 [751 752 753 755 760 761 762 763]] [51 [765 766 767 769 770 771 774 775 778 779]] [52 [784 785 786 787 789 790 792]] [53 [798 802 803 804 806 807 808 809]] [54 [810 811 813 816 817 819 822]] [55 [826 827 829 830 834 835]] [56 [841 842 843 844 847 848 849 850 851 852]] [57 [856 857 858 861 864 868]] [58 [873 876 878 879 881 883 884]] [59 [885 886 888 889 892 896 898]] [60 [900 908 909 910 911 912]] [61 [915 916 917 918 919 922 923 925 927 928 929]] [62 [930 931 934 935 936 938 939 941]] [63 [948 949 954 955 957 958 959]] [64 [960 961 963 964 968 969]] [65 [975 977 984 986 988 989]] [66 [991 992 994 995 1000 1001]] [67 [1005 1006 1008 1011 1013 1017 1019]] [68 [1020 1022 1024 1025 1028 1032 1034]] [69 [1037 1042 1043 1044 1046 1047 1049]] [70 [1050 1052 1054 1056 1058 1060 1063]] [71 [1065 1067 1068 1070 1079]] [72 [1080 1081 1083 1084 1086 1087 1088 1093]] [73 [1095 1098 1100 1101 1103 1107 1109]] [74 [1110 1112 1116 1117 1120 1122 1124]] [75 [1130 1131 1132 1133 1134 1136 1138]] [76 [1142 1146 1147 1149 1150 1151 1152]] [77 [1155 1156 1158 1159 1161 1163 1164 1165]] [78 [1174 1175 1176 1178 1179 1180 1182 1184]] [79 [1185 1186 1193 1194 1195 1196 1198]] [80 [1201 1202 1208 1209 1210 1211 1214]] [81 [1218 1219 1220 1222 1225 1226 1227 1228 1229]] [82 [1233 1234 1235 1236 1239 1240 1243]] [83 [1247 1248 1251 1253 1255 1256 1258]] [84 [1262 1263 1265 1266 1267 1269 1272 1273]] [85 [1275 1278 1279 1281 1283 1285 1287]] [86 [1290 1291 1292 1293 1294 1296 1298 1300 1303 1304]] [87 [1305 1310 1311 1312 1313 1315]] [88 [1321 1322 1324 1326 1328 1331 1333 1334]] [89 [1337 1338 1340 1341 1343 1344 1346 1349]] [90 [1351 1355 1357 1359 1360 1362 1364]] [91 [1366 1367 1369 1371 1374 1376 1378]] [92 [1380 1381 1385 1386 1388 1389 1390 1391 1393]] [93 [1396 1397 1398 1400 1405 1406]] [94 [1410 1412 1416 1417 1421 1424]] [95 [1425 1432 1434 1437 1438]] [96 [1441 1442 1445 1446 1447 1448 1449 1451]] [97 [1457 1459 1460 1462 1463 1465 1467]] [98 [1471 1475 1477 1480 1484]] [99 [1489 1493 1495 1496 1497 1499]]]",,"[[{media 51} [[""A"" [2 2 2 2 2 2 2 2 2 2]]]] [{media 52} [[""A"" [4 4 4 4 4 4 4 4 4 4]]]] [{media 53} [[""A"" [4 4 4 4 4 4 4 4 4 4]]]] [{media 54} [[""A"" [5 5 5 5 5 5 5 5 5 5]]]] [{media 55} [[""A"" [2 2 2 2 2 2 2 2 2 2]]]] [{media 57} [[""A"" [5 5 5 5 5 5 5 5 5 5]]]] [{media 59} [[""A"" [5 5 5 5 5 5 5 5 5 5]]]] [{media 60} [[""A"" [3 3 3 3 3 3 3 3 3 3]]]] [{media 61} [[""A"" [6 6 6 6 6 6 6 6 6 6]]]] [{media 62} [[""A"" [5 5 5 5 5 5 5 5 5 5]]]] [{citizen 4} [[""A"" [4 2 1 3 4 3 1 0 2 1]]]] [{citizen 5} [[""A"" [4 5 4 2 1 0 1 1 1 2]]]] [{citizen 8} [[""A"" [1 2 4 6 4 4 1 1 2 1]]]] [{citizen 11} [[""A"" [5 4 1 1 5 6 4 1 2 1]]]] [{media 50} [[""A"" [1 1 1 1 1 1 1 1 1 1]]]] [{citizen 13} [[""A"" [5 4 2 0 2 1 1 1 1 2]]]] [{citizen 36} [[""A"" [4 5 2 3 1 5 5 5 4 1]]]] [{citizen 22} [[""A"" [0 1 2 4 1 5 6 5 4 1]]]] [{media 63} [[""A"" [1 1 1 1 1 1 1 1 1 1]]]] [{citizen 0} [[""A"" [3 4 2 1 0 0 1 2 4 0]]]] [{media 58} [[""A"" [0 0 0 0 0 0 0 0 0 0]]]] [{citizen 3} [[""A"" [5 4 2 2 1 3 1 5 6 4]]]] [{media 56} [[""A"" [1 1 1 1 1 1 1 1 1 1]]]] [{citizen 1} [[""A"" [2 1 0 1 4 1 5 4 1 0]]]] [{media 64} [[""A"" [1 1 1 1 1 1 1 1 1 1]]]] [{citizen 38} [[""A"" [1 1 1 3 5 6 4 0 2 1]]]] [{citizen 41} [[""A"" [3 1 2 1 1 5 6 4 1 5]]]] [{citizen 17} [[""A"" [4 0 1 2 1 1 4 1 3 4]]]] [{citizen 12} [[""A"" [2 1 1 3 1 2 1 1 4 5]]]] [{citizen 29} [[""A"" [2 1 1 4 6 4 1 5 4 2]]]] [{citizen 14} [[""A"" [5 2 0 1 1 2 1 3 4 5]]]] [{citizen 31} [[""A"" [2 1 1 3 2 1 1 1 0 2]]]] [{citizen 25} [[""A"" [4 4 4 1 2 3 3 1 1 0]]]] [{citizen 20} [[""A"" [2 1 0 1 4 5 5 6 4 5]]]] [{citizen 23} [[""A"" [1 3 4 1 3 5 6 5 4 5]]]] [{citizen 6} [[""A"" [1 1 0 1 4 5 4 3 0 1]]]] [{citizen 16} [[""A"" [1 1 1 3 1 2 4 6 4 5]]]] [{citizen 34} [[""A"" [5 4 2 1 0 1 3 5 4 5]]]] [{citizen 39} [[""A"" [1 0 1 1 3 1 2 4 2 1]]]] [{citizen 45} [[""A"" [4 5 3 2 1 1 0 1 0 1]]]] [{citizen 24} [[""A"" [4 2 4 2 1 1 3 1 0 1]]]] [{citizen 28} [[""A"" [1 0 1 4 5 3 5 6 5 4]]]] [{citizen 40} [[""A"" [3 4 5 4 3 2 1 0 2 1]]]] [{citizen 43} [[""A"" [3 1 3 1 2 4 1 5 6 5]]]] [{citizen 10} [[""A"" [2 1 3 1 2 1 1 0 2 1]]]] [{citizen 21} [[""A"" [2 1 3 1 3 2 1 3 2 1]]]] [{citizen 7} [[""A"" [5 4 2 1 1 3 2 4 1 1]]]] [{citizen 19} [[""A"" [3 5 4 1 5 6 4 1 0 2]]]] [{citizen 2} [[""A"" [2 0 1 2 3 1 2 3 1 0]]]] [{citizen 30} [[""A"" [0 2 1 0 2 1 1 1 0 2]]]] [{citizen 27} [[""A"" [3 1 2 1 3 1 4 1 4 0]]]] [{citizen 15} [[""A"" [1 0 1 2 4 1 1 0 2 1]]]] [{citizen 18} [[""A"" [5 5 4 4 5 6 5 4 1 5]]]] [{citizen 33} [[""A"" [0 2 0 1 3 1 1 0 2 1]]]] [{citizen 44} [[""A"" [1 2 1 3 1 1 1 2 6 4]]]] [{citizen 49} [[""A"" [4 2 1 1 1 2 1 1 1 0]]]] [{citizen 9} [[""A"" [4 4 4 1 2 1 4 1 0 2]]]] [{citizen 48} [[""A"" [1 2 0 1 2 1 1 1 2 1]]]] [{citizen 35} [[""A"" [6 3 4 5 1 2 1 4 3 4]]]] [{citizen 37} [[""A"" [4 1 2 1 2 1 0 1 4 2]]]] [{citizen 32} [[""A"" [5 5 2 4 4 5 2 3 4 4]]]] [{citizen 26} [[""A"" [0 1 2 1 1 2 1 3 1 0]]]] [{citizen 47} [[""A"" [1 2 0 1 1 1 2 4 1 1]]]] [{citizen 46} [[""A"" [1 1 2 1 0 1 2 1 3 4]]]]]"
"43","[43 0 212]","333.75","-2.5354707607104703","4.760673989413074","""circle""","""""","9.9","{breed citizens}","false","0.5","1","""up""",,"[[""ID"" 43] [""alpha"" 1] [""beta"" 1] [""malleable"" [""A""]] [""prior"" []] [""cont_tokens"" []] [""A"" 5]]","[[0 [0 1 2 3 4 5 6 7 8 9 10 11 12 13 14]] [1 [15 16 17 18 19 20 21 22 23 24 25 27 28]] [2 [30 31 32 33 34 35 36 37 38 39 40 41 42 43 44]] [3 [45 46 47 48 49 50 51 52 53 54 55 56 57 58]] [4 [60 61 62 63 64 65 66 67 68 69 70 71 72 73 74]] [5 [75 76 77 78 79 80 81 82 83 84 85 86 87 88 89]] [6 [90 91 92 93 94 95 96 97 98 99 100 101 102 103 104]] [7 [105 106 108 109 110 111 112 113 114 115 116 117 118 119]] [8 [120 121 122 123 124 125 126 127 128 129 130 131 132 133 134]] [9 [135 136 137 138 139 140 141 142 143 144 145 146 147 149]] [10 [150 151 152 153 154 155 156 158 159 160 161 162 163 164]] [11 [166 167 169 170 171 172 173 174 175 176 177 178 179]] [12 [180 181 182 183 184 185 186 187 188 189 190 191 192 193 194]] [13 [195 196 197 198 199 200 201 202 203 204 205 206 207 208 209]] [14 [210 211 212 213 214 215 216 217 218 219 220 221 222 223 224]] [15 [225 226 227 228 229 230 231 232 233 234 235 236 237 238 239]] [16 [240 241 242 243 244 245 246 247 248 249 250 251 252 253 254]] [17 [255 256 257 258 259 260 261 262 263 264 265 266 267 268 269]] [18 [270 271 272 273 274 275 276 277 278 279 280 281 282 283 284]] [19 [285 286 287 288 289 290 291 292 293 294 295 296 297 298 299]] [20 [300 301 302 303 304 305 306 307 309 310 311 312 313 314]] [21 [315 316 317 318 319 320 321 322 323 324 325 326 327 328 329]] [22 [330 331 332 333 334 335 336 337 338 339 340 341 342 343 344]] [23 [345 346 347 348 349 350 351 352 353 354 355 356 357 358 359]] [24 [361 362 366 367 368 369 371 374]] [25 [375 376 377 378 379 380 381 382 383 384 385 386 387 388 389]] [26 [390 391 392 393 394 395 396 397 398 399 400 401 402 403 404]] [27 [405 407 409 410 412 413 418 419]] [28 [420 421 422 423 424 425 426 427 428 429 430 431 432 433 434]] [29 [435 436 437 438 439 440 441 442 443 444 445 446 447 448 449]] [30 [450 451 452 453 454 455 456 457 458 459 460 461 462 463 464]] [31 [465 466 467 468 469 470 471 472 473 474 475 476 477 478 479]] [32 [480 481 482 483 484 485 486 487 488 489 490 491 492 493 494]] [33 [495 496 497 498 499 501 502 503 504 505 506 507 508 509]] [34 [510 511 512 513 514 515 516 517 518 519 520 521 522 523 524]] [35 [525 526 527 528 529 530 531 532 533 534 535 536 537 538 539]] [36 [540 541 542 543 544 545 546 547 548 549 550 551 552 553 554]] [37 [555 556 557 558 559 560 561 562 563 564 565 566 567 568 569]] [38 [570 571 572 573 574 575 576 577 578 579 580 581 582 583 584]] [39 [585 586 587 588 589 590 591 592 593 594 595 596 597 598 599]] [40 [600 601 602 603 604 605 606 607 608 609 610 611 612 613 614]] [41 [615 616 617 618 619 620 621 622 623 624 625 626 627 628 629]] [42 [630 631 632 633 634 635 636 637 638 639 640 641 642 643 644]] [43 [645 646 647 648 649 650 651 652 653 654 655 656 657 658 659]] [44 [660 661 662 663 664 665 666 667 668 669 670 671 672 673 674]] [45 [675 676 677 678 679 680 681 682 683 684 685 686 687 688 689]] [46 [690 691 692 693 694 695 696 697 698 699 700 701 702 703 704]] [47 [705 706 707 708 709 710 711 712 713 714 715 716 717 718 719]] [48 [720 721 722 723 724 725 726 727 728 729 730 731 732 734]] [49 [735 736 737 738 739 740 741 742 743 744 745 746 747 748 749]] [50 [750 751 752 753 755 757 758 759 760 761 762 763 764]] [51 [765 766 767 768 769 770 771 772 773 774 775 776 777 778 779]] [52 [780 781 782 783 784 785 786 787 788 789 790 791 792 793 794]] [53 [795 796 797 798 799 800 801 802 803 804 805 806 807 808 809]] [54 [810 811 812 813 814 815 816 817 818 819 820 821 822 824]] [55 [826 827 828 829 830 831 832 833 834 835 836 837 838 839]] [56 [840 841 842 843 844 845 846 847 848 849 850 851 852 853 854]] [57 [855 856 857 858 859 860 861 862 863 864 865 866 867 868 869]] [58 [870 871 872 873 874 875 876 877 878 879 881 882 883 884]] [59 [885 886 887 888 889 890 891 892 893 894 895 896 897 898 899]] [60 [900 901 902 903 904 905 906 907 908 909 910 911 912 913 914]] [61 [915 916 917 918 919 920 921 922 923 924 925 926 927 928 929]] [62 [930 931 934 935 936 938 939 941]] [63 [948 949 951 954 955 957 958 959]] [64 [960 961 963 964 968 969 971 972]] [65 [975 976 977 978 980 981 982 983 984 985 986 987 988 989]] [66 [990 991 992 994 995 996 997 998 999 1000 1001 1002 1003 1004]] [67 [1005 1006 1007 1008 1009 1010 1011 1012 1013 1014 1015 1016 1017 1019]] [68 [1020 1022 1024 1025 1026 1027 1028 1029 1030 1031 1032 1033 1034]] [69 [1035 1036 1037 1038 1039 1040 1041 1042 1043 1044 1045 1046 1047 1048 1049]] [70 [1050 1051 1052 1053 1054 1055 1056 1057 1058 1059 1060 1061 1062 1063 1064]] [71 [1065 1066 1067 1068 1069 1070 1071 1072 1073 1074 1075 1076 1077 1079]] [72 [1080 1081 1082 1083 1084 1086 1087 1088 1091 1093]] [73 [1095 1098 1099 1100 1101 1103 1107 1109]] [74 [1110 1111 1112 1113 1114 1115 1116 1117 1118 1119 1120 1122 1123 1124]] [75 [1125 1126 1127 1128 1129 1130 1131 1132 1133 1134 1135 1136 1137 1138 1139]] [76 [1140 1141 1142 1143 1144 1145 1146 1147 1148 1149 1150 1151 1152 1153 1154]] [77 [1155 1156 1157 1158 1159 1160 1161 1162 1163 1164 1165 1166 1167 1168 1169]] [78 [1170 1171 1172 1173 1174 1175 1176 1177 1178 1179 1180 1181 1182 1183 1184]] [79 [1185 1186 1187 1188 1189 1190 1191 1192 1193 1194 1195 1196 1197 1198 1199]] [80 [1200 1201 1202 1203 1204 1205 1206 1207 1208 1209 1210 1211 1212 1213 1214]] [81 [1215 1216 1217 1218 1219 1220 1221 1222 1223 1224 1225 1226 1227 1228 1229]] [82 [1230 1231 1232 1233 1234 1235 1236 1237 1238 1239 1240 1241 1242 1243 1244]] [83 [1245 1246 1247 1248 1249 1250 1251 1252 1253 1254 1255 1256 1257 1258 1259]] [84 [1260 1261 1262 1263 1264 1265 1266 1267 1268 1269 1270 1271 1272 1273]] [85 [1275 1276 1277 1278 1279 1280 1281 1282 1283 1284 1285 1286 1287 1288]] [86 [1290 1291 1292 1293 1294 1295 1296 1297 1298 1299 1300 1301 1302 1303 1304]] [87 [1305 1306 1307 1308 1309 1310 1311 1312 1313 1314 1315 1316 1317 1318 1319]] [88 [1320 1321 1322 1323 1324 1325 1326 1327 1328 1329 1330 1331 1332 1333 1334]] [89 [1335 1336 1337 1338 1339 1340 1341 1342 1343 1344 1345 1346 1347 1348 1349]] [90 [1350 1351 1352 1353 1354 1355 1356 1357 1358 1359 1360 1361 1362 1363 1364]] [91 [1365 1366 1367 1368 1369 1370 1371 1372 1373 1374 1375 1376 1377 1378 1379]] [92 [1380 1381 1382 1383 1384 1385 1386 1387 1388 1389 1390 1391 1392 1393 1394]] [93 [1395 1396 1397 1398 1399 1400 1401 1402 1403 1404 1405 1406 1407 1408 1409]] [94 [1410 1411 1412 1413 1414 1415 1416 1417 1418 1419 1420 1421 1422 1423 1424]] [95 [1425 1427 1428 1429 1431 1432 1434 1437 1438 1439]] [96 [1440 1441 1442 1443 1444 1445 1446 1447 1448 1449 1450 1451 1452 1453 1454]] [97 [1455 1456 1457 1458 1459 1460 1461 1462 1463 1464 1465 1466 1467 1468 1469]] [98 [1470 1471 1472 1473 1474 1475 1476 1477 1478 1479 1480 1484]] [99 [1485 1486 1487 1488 1489 1490 1491 1492 1493 1494 1495 1496 1497 1498 1499]]]","[[0 [0 1 2 4 8 9 11 13]] [1 [16 18 20 21 24 25 27 28]] [2 [30 31 32 34 36 37 43]] [3 [45 46 47 48 49 50 52 58]] [4 [63 68 69 70 71 72]] [5 [75 79 80 81 82 83 85]] [6 [91 94 95 96 97]] [7 [110 113 114 115 116 118]] [8 [122 123 124 126 129 130 131 132 134]] [9 [136 137 138 139 142 145 146 149]] [10 [151 154 156 158 163 164]] [11 [167 169 173 175 176 179]] [12 [180 181 182 184 186 188 189 190 191 193]] [13 [195 196 198 201 204 206 207 208]] [14 [210 211 212 213 214 215 217 218 220 222 223]] [15 [225 227 228 229 230 231 233 234 237 239]] [16 [242 243 245 247 253 254]] [17 [255 256 257 258 263 266 267 268]] [18 [270 272 273 275 276 277 280 281]] [19 [285 287 288 289 291 292 293 295 296 297 299]] [20 [302 307 310 311]] [21 [317 319 320 322 323 325 327 329]] [22 [330 331 334 337 338 340 343]] [23 [346 350 351 354 357 358]] [24 [362 366 367 368 369 371 374]] [25 [375 377 378 381 382 384 386]] [26 [391 395 396 397 400 402 404]] [27 [405 407 410 412 413 419]] [28 [420 421 422 423 424 425 430 433]] [29 [438 439 440 441 442 444 447 448 449]] [30 [451 452 453 456 459 461 462]] [31 [467 471 472 473 476 477 478]] [32 [481 488 489 490 491 493 494]] [33 [499 503 506 507 508 509]] [34 [512 513 520 523 524]] [35 [526 527 531 532 534 537]] [36 [542 544 545 546 547 550 551]] [37 [555 556 557 558 561 565 566]] [38 [573 575 577 578 579 583 584]] [39 [585 586 589 593 596 598]] [40 [601 603 605 607 609 612 614]] [41 [616 617 618 619 621 625 627]] [42 [630 631 632 633 635 636 639 640 641 642]] [43 [645 649 650 652 653 657]] [44 [660 663 668 669]] [45 [678 679 680 684 685 687 688]] [46 [691 693 696 698 699 700 704]] [47 [706 708 712 715 716 717 719]] [48 [721 723 725 727 728 731 732 734]] [49 [735 736 739 745 746 747 748 749]] [50 [751 752 753 755 757 759 764]] [51 [767 769 770 771 773 774 775 778 779]] [52 [780 781 782 783 788 791 793 794]] [53 [796 797 799 800 801 805 808 809]] [54 [811 813 816 817 819 822]] [55 [826 827 828 829 830 834 835]] [56 [841 842 843 844 849 853 854]] [57 [855 859 860 863 865 866 867 869]] [58 [872 874 875 877 879 881 883 884]] [59 [885 886 888 889 892 896 898]] [60 [900 908 909 910 911 912]] [61 [915 916 917 918 919 922 923 925 927 929]] [62 [930 931 935 936 938 939 941]] [63 [948 949 951 954 955 958 959]] [64 [960 961 963 964 968 971 972]] [65 [976 978 980 981 982 983 984 986 988 989]] [66 [991 992 994 995 998 999 1000 1001 1004]] [67 [1007 1008 1009 1010 1011 1013 1017 1019]] [68 [1020 1022 1024 1025 1026 1027 1029 1030 1031 1033]] [69 [1035 1038 1039 1040 1043 1044 1046]] [70 [1050 1052 1054 1056 1058 1060 1063 1064]] [71 [1065 1067 1068 1070 1071 1073 1076 1077]] [72 [1081 1083 1084 1086 1087 1088 1093]] [73 [1095 1098 1099 1100 1101 1103 1107 1109]] [74 [1110 1112 1117 1120 1122 1124]] [75 [1127 1128 1129 1135 1137 1139]] [76 [1140 1141 1144 1145 1148 1151 1152]] [77 [1155 1156 1158 1161 1163 1164 1165]] [78 [1174 1175 1176 1178 1179 1180 1182 1184]] [79 [1185 1186 1193 1194 1195 1196 1198]] [80 [1201 1202 1208 1209 1210 1211 1214]] [81 [1218 1219 1220 1222 1225 1226 1227 1228 1229]] [82 [1233 1234 1235 1237 1238 1240 1243]] [83 [1247 1248 1251 1253 1254 1257 1258]] [84 [1263 1265 1266 1267 1269 1272 1273]] [85 [1277 1280 1282 1284 1286 1287]] [86 [1290 1291 1292 1293 1294 1296 1298 1300 1303 1304]] [87 [1305 1310 1314 1316 1317 1318 1319]] [88 [1320 1323 1325 1327 1329 1330 1332 1334]] [89 [1337 1338 1340 1341 1343 1344 1346 1348]] [90 [1350 1352 1353 1354 1355 1357 1359 1360 1361 1363]] [91 [1365 1368 1370 1372 1373 1375 1376 1378]] [92 [1380 1381 1385 1386 1388 1389 1390 1391 1392 1393]] [93 [1396 1397 1398 1400 1402 1403 1404 1407 1408]] [94 [1411 1413 1415 1416 1417 1421 1424]] [95 [1427 1428 1429 1431 1432 1434 1437 1438]] [96 [1441 1444 1445 1446 1447 1448 1449 1451]] [97 [1457 1459 1460 1462 1463 1465 1467]] [98 [1471 1473 1476 1477 1480 1484]] [99 [1487 1488 1490 1491 1492 1494]]]",,"[[{media 52} [[""A"" [4 4 4 4 4 4 4 4 4 4]]]] [{media 53} [[""A"" [4 4 4 4 4 4 4 4 4 4]]]] [{media 54} [[""A"" [5 5 5 5 5 5 5 5 5 5]]]] [{media 57} [[""A"" [5 5 5 5 5 5 5 5 5 5]]]] [{media 59} [[""A"" [5 5 5 5 5 5 5 5 5 5]]]] [{media 60} [[""A"" [3 3 3 3 3 3 3 3 3 3]]]] [{media 61} [[""A"" [6 6 6 6 6 6 6 6 6 6]]]] [{media 62} [[""A"" [5 5 5 5 5 5 5 5 5 5]]]] [{media 51} [[""A"" [2 2 2 2 2 2 2 2 2 2]]]] [{citizen 4} [[""A"" [3 4 4 4 3 1 1 0 2 1]]]] [{citizen 5} [[""A"" [3 1 1 1 0 2 1 2 2 1]]]] [{citizen 6} [[""A"" [1 1 1 0 4 5 4 3 2 1]]]] [{citizen 7} [[""A"" [2 1 3 4 4 2 1 1 1 1]]]] [{media 50} [[""A"" [1 1 1 1 1 1 1 1 1 1]]]] [{media 63} [[""A"" [1 1 1 1 1 1 1 1 1 1]]]] [{citizen 0} [[""A"" [4 1 1 0 1 0 2 1 0 1]]]] [{media 58} [[""A"" [0 0 0 0 0 0 0 0 0 0]]]] [{citizen 3} [[""A"" [2 2 1 1 3 1 2 3 4 5]]]] [{media 56} [[""A"" [1 1 1 1 1 1 1 1 1 1]]]] [{citizen 1} [[""A"" [0 4 2 1 3 5 4 1 1 0]]]] [{media 55} [[""A"" [2 2 2 2 2 2 2 2 2 2]]]] [{media 64} [[""A"" [1 1 1 1 1 1 1 1 1 1]]]] [{citizen 38} [[""A"" [1 3 2 3 4 1 1 0 2 1]]]] [{citizen 41} [[""A"" [2 2 1 1 1 5 6 4 2 5]]]] [{citizen 17} [[""A"" [2 1 2 1 1 4 2 1 3 4]]]] [{citizen 12} [[""A"" [1 1 1 3 2 1 2 3 4 5]]]] [{citizen 29} [[""A"" [6 4 2 3 5 4 2 1 1 1]]]] [{citizen 14} [[""A"" [1 2 1 1 1 2 2 3 4 5]]]] [{citizen 31} [[""A"" [1 1 3 4 1 2 1 1 2 1]]]] [{citizen 13} [[""A"" [0 2 1 1 2 1 1 1 2 1]]]] [{citizen 25} [[""A"" [1 1 3 1 3 1 2 1 2 1]]]] [{citizen 20} [[""A"" [1 1 1 0 4 5 3 5 4 5]]]] [{citizen 8} [[""A"" [1 6 4 4 2 3 1 1 2 1]]]] [{citizen 23} [[""A"" [1 1 3 4 4 2 3 5 4 5]]]] [{citizen 16} [[""A"" [2 1 1 1 1 2 2 3 4 5]]]] [{citizen 34} [[""A"" [1 1 2 0 1 2 3 5 4 5]]]] [{citizen 42} [[""A"" [1 1 1 4 2 1 2 1 1 1]]]] [{citizen 11} [[""A"" [4 1 2 1 3 4 1 1 2 1]]]] [{citizen 33} [[""A"" [0 2 1 1 1 2 1 0 2 1]]]] [{citizen 15} [[""A"" [2 4 2 1 1 1 1 0 2 1]]]] [{citizen 36} [[""A"" [3 2 1 1 3 5 5 4 1 1]]]] [{citizen 39} [[""A"" [1 3 2 4 2 2 1 1 2 1]]]] [{citizen 45} [[""A"" [4 3 2 1 1 0 2 1 0 1]]]] [{citizen 24} [[""A"" [1 2 1 3 4 1 2 1 1 1]]]] [{citizen 28} [[""A"" [3 1 1 0 1 4 5 3 6 4]]]] [{citizen 40} [[""A"" [4 5 4 3 1 2 1 0 2 1]]]] [{citizen 30} [[""A"" [1 1 0 2 1 2 1 0 2 1]]]] [{citizen 27} [[""A"" [1 3 1 4 2 3 4 1 1 1]]]] [{citizen 18} [[""A"" [5 5 4 4 5 6 5 4 2 5]]]] [{citizen 19} [[""A"" [3 5 4 4 2 4 2 1 2 1]]]] [{citizen 2} [[""A"" [2 1 2 1 1 1 2 2 1 0]]]] [{citizen 10} [[""A"" [2 1 2 1 1 2 1 1 2 1]]]] [{citizen 44} [[""A"" [4 3 1 1 2 1 3 1 2 4]]]] [{citizen 22} [[""A"" [0 2 4 2 3 5 4 1 1 1]]]] [{citizen 21} [[""A"" [1 2 1 3 4 2 1 2 3 1]]]] [{citizen 49} [[""A"" [1 1 1 2 1 2 3 1 1 1]]]] [{citizen 9} [[""A"" [1 2 1 4 2 2 1 1 0 2]]]] [{citizen 48} [[""A"" [0 1 2 2 3 1 1 1 2 1]]]] [{citizen 35} [[""A"" [4 3 1 2 1 1 4 2 3 4]]]] [{citizen 37} [[""A"" [1 1 1 0 4 2 1 2 1 2]]]] [{citizen 32} [[""A"" [4 4 1 3 4 2 3 4 1 1]]]] [{citizen 26} [[""A"" [1 1 2 2 3 1 1 1 0 1]]]] [{citizen 47} [[""A"" [2 1 1 1 4 2 1 1 1 1]]]] [{citizen 46} [[""A"" [2 1 2 1 1 1 3 2 3 4]]]]]"
"44","[43 0 212]","48.75","7.448061014083959","6.778423695658126","""circle""","""""","9.9","{breed citizens}","false","0.5","1","""up""",,"[[""ID"" 44] [""alpha"" 1] [""beta"" 1] [""malleable"" [""A""]] [""prior"" []] [""cont_tokens"" []] [""A"" 5]]","[[0 [0 1 2 3 4 5 6 7 8 9 10 11 12 13 14]] [1 [16 18 20 21 22 23 24 25 27 28]] [2 [30 31 32 33 34 35 36 37 38 39 40 41 42 43 44]] [3 [45 46 47 48 49 50 51 52 53 54 55 56 57 58]] [4 [60 61 62 63 64 65 66 67 68 69 70 71 72 73 74]] [5 [75 76 77 78 79 80 81 82 83 84 85 86 87 88 89]] [6 [90 91 92 93 94 95 96 97 98 99 100 101 102 103 104]] [7 [105 106 107 108 109 110 111 112 113 114 115 116 117 118 119]] [8 [120 121 122 123 124 125 126 127 128 129 130 131 132 134]] [9 [136 137 138 139 142 145 146 147 149]] [10 [150 151 152 153 154 155 156 158 159 160 161 162 163 164]] [11 [166 167 169 170 171 172 173 174 175 176 177 178 179]] [12 [180 181 182 183 184 185 186 187 188 189 190 191 192 193 194]] [13 [195 196 197 198 199 200 201 202 203 204 205 206 207 208 209]] [14 [210 211 212 213 214 215 216 217 218 219 220 221 222 223 224]] [15 [225 226 227 228 229 230 231 232 233 234 235 236 237 238 239]] [16 [240 241 242 243 244 245 246 247 248 249 250 251 252 253 254]] [17 [255 256 257 258 259 260 261 262 263 264 265 266 267 268 269]] [18 [270 271 272 273 274 275 276 277 278 279 280 281 282 283 284]] [19 [285 286 287 288 289 290 291 292 293 294 295 296 297 298 299]] [20 [300 301 302 303 304 305 306 307 308 309 310 311 312 313 314]] [21 [315 316 317 318 319 320 321 322 323 324 325 326 327 328 329]] [22 [330 331 332 333 334 335 336 337 338 339 340 341 342 343 344]] [23 [345 346 347 348 349 350 351 352 353 354 355 356 357 358 359]] [24 [361 362 366 367 368 369 371 374]] [25 [375 376 377 378 379 380 381 382 383 384 385 386 387 388 389]] [26 [390 391 392 393 394 395 396 397 398 399 400 401 402 403 404]] [27 [405 406 407 408 409 410 411 412 413 414 415 416 417 418 419]] [28 [420 421 422 423 424 425 426 427 428 429 430 431 432 433 434]] [29 [435 436 437 438 439 440 441 442 443 444 445 446 447 448 449]] [30 [450 451 452 453 454 455 456 457 458 459 460 461 462 463 464]] [31 [465 466 467 468 469 470 471 472 473 474 475 476 477 478 479]] [32 [480 481 482 483 484 485 486 487 488 489 490 491 492 493 494]] [33 [495 496 497 498 499 501 502 503 504 505 506 507 508 509]] [34 [510 511 512 513 514 515 516 517 518 519 520 521 522 523 524]] [35 [525 526 527 528 529 530 531 532 533 534 535 536 537 538 539]] [36 [540 541 542 543 544 545 546 547 548 549 550 551 552 553 554]] [37 [555 556 557 558 559 560 561 562 563 564 565 566 567 568 569]] [38 [570 571 572 573 574 575 576 577 578 579 580 581 582 583 584]] [39 [585 586 587 588 589 590 591 592 593 594 595 596 597 598 599]] [40 [600 601 602 603 604 605 606 607 608 609 610 611 612 613 614]] [41 [615 616 617 618 619 620 621 622 623 624 625 626 627 628 629]] [42 [630 631 632 633 634 635 636 637 638 639 640 641 642 643 644]] [43 [645 646 647 648 649 650 651 652 653 654 655 656 657 658 659]] [44 [660 661 662 663 664 665 666 667 668 669 670 671 672 673 674]] [45 [675 676 677 678 679 680 681 682 683 684 685 686 687 688 689]] [46 [690 691 692 693 694 695 696 697 698 699 700 701 702 703 704]] [47 [705 706 707 708 709 710 711 712 713 714 715 716 717 718 719]] [48 [720 721 722 723 724 725 726 727 728 729 730 731 732 734]] [49 [735 736 737 738 739 740 741 742 743 744 745 746 747 748 749]] [50 [750 751 752 753 755 757 758 759 760 761 762 763 764]] [51 [765 766 767 768 769 770 771 772 773 774 775 776 777 778 779]] [52 [780 781 782 783 784 785 786 787 788 789 790 791 792 793 794]] [53 [795 796 797 798 799 800 801 802 803 804 805 806 807 808 809]] [54 [810 811 812 813 814 815 816 817 818 819 820 821 822 824]] [55 [826 827 828 829 830 831 832 833 834 835 836 837 838 839]] [56 [840 841 842 843 844 845 846 847 848 849 850 851 852 853 854]] [57 [855 856 857 858 859 860 861 862 863 864 865 866 867 868 869]] [58 [870 871 872 873 874 875 876 877 878 879 881 882 883 884]] [59 [885 886 887 888 889 890 891 892 893 894 895 896 897 898 899]] [60 [900 901 902 903 904 905 906 907 908 909 910 911 912 913 914]] [61 [915 916 917 918 919 922 923 925 927 928 929]] [62 [930 931 934 935 936 938 939 941]] [63 [948 949 951 954 955 957 958 959]] [64 [960 961 963 964 968 969 971 972]] [65 [975 976 977 978 980 981 982 983 984 985 986 987 988 989]] [66 [990 991 992 993 994 995 996 997 998 999 1000 1001 1002 1003 1004]] [67 [1005 1006 1007 1008 1009 1010 1011 1012 1013 1014 1015 1016 1017 1019]] [68 [1020 1022 1024 1025 1026 1027 1028 1029 1030 1031 1032 1033 1034]] [69 [1035 1036 1037 1038 1039 1040 1041 1042 1043 1044 1045 1046 1047 1048 1049]] [70 [1050 1051 1052 1053 1054 1055 1056 1057 1058 1059 1060 1061 1062 1063 1064]] [71 [1065 1067 1068 1070 1071 1073 1074 1075 1076 1077 1079]] [72 [1080 1081 1082 1083 1084 1086 1087 1088 1091 1093]] [73 [1095 1098 1099 1100 1101 1103 1107 1109]] [74 [1110 1111 1112 1113 1114 1115 1116 1117 1118 1119 1120 1122 1123 1124]] [75 [1125 1126 1127 1128 1129 1130 1131 1132 1133 1134 1135 1136 1137 1138 1139]] [76 [1140 1141 1142 1143 1144 1145 1146 1147 1148 1149 1150 1151 1152 1153 1154]] [77 [1155 1156 1157 1158 1159 1160 1161 1162 1163 1164 1165 1166 1167 1168 1169]] [78 [1170 1171 1172 1173 1174 1175 1176 1177 1178 1179 1180 1181 1182 1183 1184]] [79 [1185 1186 1187 1188 1189 1190 1191 1192 1193 1194 1195 1196 1197 1198 1199]] [80 [1200 1201 1202 1203 1204 1205 1206 1207 1208 1209 1210 1211 1212 1213 1214]] [81 [1215 1216 1217 1218 1219 1220 1221 1222 1223 1224 1225 1226 1227 1228 1229]] [82 [1230 1231 1232 1233 1234 1235 1236 1237 1238 1239 1240 1241 1242 1243 1244]] [83 [1245 1246 1247 1248 1249 1250 1251 1252 1253 1254 1255 1256 1257 1258 1259]] [84 [1260 1261 1262 1263 1264 1265 1266 1267 1268 1269 1270 1271 1272 1273]] [85 [1275 1276 1277 1278 1279 1280 1281 1282 1283 1284 1285 1286 1287 1288]] [86 [1290 1291 1292 1293 1294 1295 1296 1297 1298 1299 1300 1301 1302 1303 1304]] [87 [1305 1306 1307 1308 1309 1310 1311 1312 1313 1314 1315 1316 1317 1318 1319]] [88 [1320 1321 1322 1323 1324 1325 1326 1327 1328 1329 1330 1331 1332 1333 1334]] [89 [1335 1336 1337 1338 1339 1340 1341 1342 1343 1344 1345 1346 1347 1348 1349]] [90 [1350 1351 1352 1353 1354 1355 1357 1359 1360 1361 1362 1363 1364]] [91 [1365 1366 1367 1368 1369 1370 1371 1372 1373 1374 1375 1376 1377 1378 1379]] [92 [1380 1381 1382 1383 1384 1385 1386 1387 1388 1389 1390 1391 1392 1393 1394]] [93 [1395 1396 1397 1398 1399 1400 1401 1402 1403 1404 1405 1406 1407 1408 1409]] [94 [1410 1411 1412 1413 1415 1416 1417 1421 1424]] [95 [1425 1427 1428 1429 1431 1432 1434 1437 1438 1439]] [96 [1440 1441 1442 1443 1444 1445 1446 1447 1448 1449 1450 1451 1452 1453 1454]] [97 [1455 1456 1457 1458 1459 1460 1461 1462 1463 1464 1465 1466 1467 1468 1469]] [98 [1470 1471 1472 1473 1474 1475 1476 1477 1478 1479 1480 1484]] [99 [1485 1486 1487 1488 1489 1490 1491 1492 1493 1494 1495 1496 1497 1498 1499]]]","[[0 [0 1 2 4 8 9 11 13]] [1 [16 18 20 21 23 25 27 28]] [2 [30 31 32 34 36 37 44]] [3 [45 47 48 49 50 52]] [4 [62 64 65 66 67 70 71 72]] [5 [75 79 80 82 83 85 88 89]] [6 [90 92 93 100 102 103]] [7 [105 106 108 109 111 112 119]] [8 [120 121 125 127 130 131 132 134]] [9 [136 137 138 139 142 146 149]] [10 [151 154 156 158 163 164]] [11 [166 169 173 175 176 179]] [12 [180 181 183 185 187 192 193]] [13 [195 196 198 201 204 206 207 208]] [14 [210 211 212 214 216 219 221 224]] [15 [225 227 228 229 231 233 234 237 239]] [16 [244 248 249 250 251 252 253 254]] [17 [255 256 257 258 263 266 267]] [18 [271 273 275 276 277 280 281]] [19 [285 287 288 289 291 294 297 299]] [20 [302 307 309 310 311]] [21 [317 319 321 323 325 327 329]] [22 [330 331 334 337 338 340 343]] [23 [346 350 352 353 354 357 358]] [24 [362 366 367 368 369 371 374]] [25 [376 379 380 383 387 388 389]] [26 [390 392 393 394 398 399 401 403]] [27 [405 409 410 412 413 419]] [28 [420 421 424 425 426 428 429 431 432 434]] [29 [436 437 443 444 447 448 449]] [30 [451 452 453 456 459 461 462]] [31 [466 467 471 472 473 476 477 478]] [32 [481 484 486 487 492]] [33 [496 497 498 501 504 505]] [34 [510 511 513 517 518 519 521]] [35 [525 528 529 530 535 536 538 539]] [36 [541 543 548 549 552 553 554]] [37 [560 562 563 567 568 569]] [38 [571 574 576 578 579 583]] [39 [585 586 589 593 596 598]] [40 [601 603 605 607 608 610 611 613]] [41 [615 620 621 622 624 628 629]] [42 [633 635 636 638 643 644]] [43 [646 647 648 650 652 653 657]] [44 [660 663 668 669]] [45 [678 679 680 684 685 686 689]] [46 [692 694 695 697 701 702 703 704]] [47 [706 708 712 715 716 717 719]] [48 [721 723 725 727 728 731 732 734]] [49 [735 736 739 747 748 749]] [50 [751 752 753 755 757 758 759 764]] [51 [767 769 770 771 772 776 777]] [52 [781 782 783 788 791 793 794]] [53 [795 796 797 799 800 805 808]] [54 [812 814 815 817 819 822 824]] [55 [828 829 830 834 835]] [56 [841 842 843 844 849 850 851 852]] [57 [856 857 861 862 864 868 869]] [58 [871 872 874 875 877 882]] [59 [885 886 887 890 891 893 894 895 897 899]] [60 [903 904 905 906 907 913 914]] [61 [918 919 922 923 925 927 929]] [62 [930 931 935 936 938 939 941]] [63 [948 949 951 954 955 957 958 959]] [64 [960 961 963 964 968 969 971 972]] [65 [976 978 980 981 982 983 985 987]] [66 [990 995 996 997 1002 1003 1004]] [67 [1007 1008 1011 1013 1017 1019]] [68 [1020 1022 1024 1025 1026 1027 1028 1032 1034]] [69 [1036 1037 1042 1043 1044 1046 1047 1049]] [70 [1050 1052 1054 1056 1058 1060 1063]] [71 [1065 1067 1068 1070 1071 1073 1074 1075 1076 1077]] [72 [1080 1081 1083 1084 1086 1087 1088 1093]] [73 [1095 1098 1100 1101 1103 1107 1109]] [74 [1110 1113 1114 1115 1118 1119 1120 1122 1124]] [75 [1127 1128 1129 1135 1137 1139]] [76 [1140 1141 1142 1146 1147 1148 1151 1152]] [77 [1156 1158 1159 1161 1163 1164 1165 1169]] [78 [1170 1171 1172 1173 1175 1176 1178 1179 1180 1182 1184]] [79 [1185 1186 1193 1194 1195 1196 1198]] [80 [1201 1202 1208 1209 1210 1211 1213]] [81 [1215 1216 1217 1221 1223 1224 1228 1229]] [82 [1233 1234 1235 1236 1239 1240 1243]] [83 [1247 1248 1251 1253 1255 1256]] [84 [1262 1265 1266 1267 1270 1271 1273]] [85 [1275 1278 1279 1281 1283 1285 1286 1287]] [86 [1290 1291 1292 1293 1294 1296 1298 1300 1303 1304]] [87 [1305 1306 1307 1308 1309 1311 1312 1313 1315]] [88 [1321 1322 1324 1326 1328 1330 1332 1334]] [89 [1337 1338 1340 1341 1344 1346 1349]] [90 [1351 1357 1359 1360 1364]] [91 [1366 1367 1369 1371 1374 1375 1379]] [92 [1382 1384 1387 1389 1390 1391 1392 1393]] [93 [1396 1397 1398 1400 1402 1403 1404 1407 1408]] [94 [1411 1413 1415 1416 1417 1421 1424]] [95 [1425 1431 1432 1434 1437 1438]] [96 [1441 1442 1445 1446 1448 1449 1451]] [97 [1458 1460 1462 1463 1465 1467]] [98 [1471 1473 1476 1478 1479 1480 1484]] [99 [1487 1488 1490 1491 1492 1494]]]",,"[[{media 52} [[""A"" [4 4 4 4 4 4 4 4 4 4]]]] [{media 53} [[""A"" [4 4 4 4 4 4 4 4 4 4]]]] [{media 54} [[""A"" [5 5 5 5 5 5 5 5 5 5]]]] [{media 57} [[""A"" [5 5 5 5 5 5 5 5 5 5]]]] [{media 59} [[""A"" [5 5 5 5 5 5 5 5 5 5]]]] [{media 60} [[""A"" [3 3 3 3 3 3 3 3 3 3]]]] [{media 61} [[""A"" [6 6 6 6 6 6 6 6 6 6]]]] [{media 62} [[""A"" [5 5 5 5 5 5 5 5 5 5]]]] [{media 51} [[""A"" [2 2 2 2 2 2 2 2 2 2]]]] [{citizen 4} [[""A"" [1 1 1 4 4 3 1 0 2 1]]]] [{citizen 5} [[""A"" [2 1 1 1 0 1 1 1 2 1]]]] [{citizen 8} [[""A"" [2 1 6 4 4 1 3 1 1 1]]]] [{citizen 11} [[""A"" [1 5 2 1 3 5 6 4 1 1]]]] [{media 50} [[""A"" [1 1 1 1 1 1 1 1 1 1]]]] [{citizen 6} [[""A"" [1 1 0 2 4 5 4 3 2 1]]]] [{citizen 7} [[""A"" [1 1 1 1 2 4 1 1 1 1]]]] [{citizen 10} [[""A"" [1 1 1 1 1 1 1 0 2 1]]]] [{media 63} [[""A"" [1 1 1 1 1 1 1 1 1 1]]]] [{media 58} [[""A"" [0 0 0 0 0 0 0 0 0 0]]]] [{citizen 3} [[""A"" [5 2 1 1 2 1 3 5 4 5]]]] [{media 56} [[""A"" [1 1 1 1 1 1 1 1 1 1]]]] [{media 55} [[""A"" [2 2 2 2 2 2 2 2 2 2]]]] [{media 64} [[""A"" [1 1 1 1 1 1 1 1 1 1]]]] [{citizen 1} [[""A"" [1 0 1 4 1 3 5 4 1 0]]]] [{citizen 41} [[""A"" [1 1 2 1 3 1 1 6 1 5]]]] [{citizen 17} [[""A"" [4 1 1 2 1 1 1 4 1 3]]]] [{citizen 12} [[""A"" [2 1 1 1 2 1 1 3 4 5]]]] [{citizen 29} [[""A"" [1 4 5 6 1 3 5 2 1 1]]]] [{citizen 14} [[""A"" [5 1 2 1 1 2 1 3 4 5]]]] [{citizen 31} [[""A"" [1 1 2 1 1 1 2 1 1 1]]]] [{citizen 13} [[""A"" [2 1 0 2 1 1 0 2 1 1]]]] [{citizen 25} [[""A"" [4 3 1 2 1 3 1 1 2 0]]]] [{citizen 20} [[""A"" [1 1 0 2 4 5 3 5 4 5]]]] [{citizen 23} [[""A"" [0 1 1 2 4 1 3 5 5 5]]]] [{citizen 16} [[""A"" [1 1 1 1 1 2 1 3 6 5]]]] [{citizen 34} [[""A"" [1 3 1 0 1 1 3 5 4 5]]]] [{citizen 42} [[""A"" [1 3 2 1 1 1 1 2 1 1]]]] [{citizen 33} [[""A"" [1 2 1 0 1 1 1 1 0 1]]]] [{citizen 15} [[""A"" [1 0 1 2 4 1 1 0 2 1]]]] [{citizen 36} [[""A"" [3 5 5 3 2 1 5 5 5 4]]]] [{citizen 45} [[""A"" [5 5 3 2 1 1 0 1 0 1]]]] [{citizen 24} [[""A"" [2 1 3 1 1 2 1 1 0 1]]]] [{citizen 28} [[""A"" [1 0 1 4 5 3 5 6 5 4]]]] [{citizen 40} [[""A"" [1 5 4 3 1 2 1 0 2 1]]]] [{citizen 43} [[""A"" [3 1 1 2 1 3 5 6 5 5]]]] [{citizen 21} [[""A"" [1 2 1 3 5 2 1 1 3 1]]]] [{citizen 19} [[""A"" [1 1 5 4 1 5 6 4 0 1]]]] [{citizen 2} [[""A"" [1 3 1 1 1 5 1 2 0 1]]]] [{citizen 27} [[""A"" [1 3 1 1 4 1 3 1 0 1]]]] [{citizen 0} [[""A"" [4 1 2 1 1 0 2 1 0 1]]]] [{citizen 18} [[""A"" [5 5 4 4 5 6 5 4 1 5]]]] [{citizen 49} [[""A"" [1 1 2 1 1 3 1 1 0 1]]]] [{citizen 22} [[""A"" [2 4 1 3 5 6 5 4 1 1]]]] [{citizen 9} [[""A"" [1 1 2 1 1 4 1 2 1 0]]]] [{citizen 48} [[""A"" [0 1 2 1 3 1 1 1 2 1]]]] [{citizen 30} [[""A"" [1 1 1 0 2 1 1 1 0 1]]]] [{citizen 39} [[""A"" [1 1 1 1 2 4 1 2 1 1]]]] [{citizen 35} [[""A"" [5 3 1 2 1 1 1 4 1 3]]]] [{citizen 38} [[""A"" [1 1 1 1 3 5 6 1 0 1]]]] [{citizen 37} [[""A"" [1 2 1 1 1 0 2 4 1 1]]]] [{citizen 32} [[""A"" [5 4 5 2 1 4 3 4 1 1]]]] [{citizen 26} [[""A"" [1 0 1 2 1 3 1 1 0 1]]]] [{citizen 47} [[""A"" [1 2 1 1 0 2 4 1 1 1]]]] [{citizen 46} [[""A"" [1 2 1 0 1 1 1 1 3 5]]]]]"
"45","[213 0 42]","341.25","-1.6032361626754574","5.130637168388534","""circle""","""""","9.9","{breed citizens}","false","0.5","1","""up""",,"[[""ID"" 45] [""alpha"" 1] [""beta"" 1] [""malleable"" [""A""]] [""prior"" []] [""cont_tokens"" []] [""A"" 1]]","[[0 [0 1 2 3 4 5 6 7 8 9 10 11 12 13 14]] [1 [15 16 17 18 19 20 21 22 23 24 25 27 28]] [2 [30 31 32 33 34 35 36 37 38 39 40 41 42 43 44]] [3 [45 46 47 48 49 50 51 52 53 54 55 56 57 58]] [4 [60 61 62 63 64 65 66 67 68 69 70 71 72 73 74]] [5 [75 76 77 78 79 80 81 82 83 84 85 86 87 88 89]] [6 [90 91 92 93 94 95 96 97 98 99 100 101 102 103 104]] [7 [105 106 107 108 109 110 111 112 113 114 115 116 117 118 119]] [8 [120 121 122 123 124 125 126 127 128 129 130 131 132 134]] [9 [136 137 138 139 142 145 146 147 149]] [10 [150 151 152 153 154 155 156 158 159 160 161 162 163 164]] [11 [166 167 169 170 171 172 173 174 175 176 177 178 179]] [12 [180 181 182 183 184 185 186 187 188 189 190 191 192 193 194]] [13 [195 196 197 198 199 200 201 202 203 204 205 206 207 208 209]] [14 [210 211 212 213 214 215 216 217 218 219 220 221 222 223 224]] [15 [225 226 227 228 229 230 231 232 233 234 235 236 237 238 239]] [16 [240 241 242 243 244 245 246 247 248 249 250 251 252 253 254]] [17 [255 256 257 258 259 260 261 262 263 264 265 266 267 268 269]] [18 [270 271 272 273 274 275 276 277 278 279 280 281 282 283 284]] [19 [285 286 287 288 289 290 291 292 293 294 295 296 297 298 299]] [20 [300 301 302 303 304 305 306 307 309 310 311 312 313 314]] [21 [315 316 317 318 319 320 321 322 323 324 325 326 327 328 329]] [22 [330 331 332 333 334 335 336 337 338 339 340 341 342 343 344]] [23 [345 346 347 348 349 350 351 352 353 354 355 356 357 358 359]] [24 [361 362 366 367 368 369 371 374]] [25 [375 376 377 378 379 380 381 382 383 384 385 386 387 388 389]] [26 [390 391 392 393 394 395 396 397 398 399 400 401 402 403 404]] [27 [405 407 409 410 412 413 418 419]] [28 [420 421 422 423 424 425 426 427 428 429 430 431 432 433 434]] [29 [435 436 437 438 439 440 441 442 443 444 445 446 447 448 449]] [30 [450 451 452 453 454 455 456 457 458 459 460 461 462 463 464]] [31 [465 466 467 468 469 470 471 472 473 474 475 476 477 478 479]] [32 [480 481 482 483 484 485 486 487 488 489 490 491 492 493 494]] [33 [495 496 497 498 499 501 502 503 504 505 506 507 508 509]] [34 [510 511 512 513 514 515 516 517 518 519 520 521 522 523 524]] [35 [525 526 527 528 529 530 531 532 533 534 535 536 537 538 539]] [36 [540 541 542 543 544 545 546 547 548 549 550 551 552 553 554]] [37 [555 556 557 558 559 560 561 562 563 564 565 566 567 568 569]] [38 [570 571 572 573 574 575 576 577 578 579 580 581 582 583 584]] [39 [585 586 587 588 589 590 591 592 593 594 595 596 597 598 599]] [40 [600 601 602 603 604 605 606 607 608 609 610 611 612 613 614]] [41 [615 616 617 618 619 620 621 622 623 624 625 626 627 628 629]] [42 [630 631 632 633 634 635 636 637 638 639 640 641 642 643 644]] [43 [645 646 647 648 649 650 651 652 653 654 655 656 657 658 659]] [44 [660 661 662 663 664 665 666 667 668 669 670 671 672 673 674]] [45 [675 676 677 678 679 680 681 682 683 684 685 686 687 688 689]] [46 [690 691 692 693 694 695 696 697 698 699 700 701 702 703 704]] [47 [705 706 707 708 709 710 711 712 713 714 715 716 717 718 719]] [48 [720 721 722 723 724 725 726 727 728 729 730 731 732 734]] [49 [735 736 737 738 739 740 741 742 743 744 745 746 747 748 749]] [50 [750 751 752 753 754 755 756 757 758 759 760 761 762 763 764]] [51 [766 767 768 769 770 771 772 773 774 775 776 777 778 779]] [52 [780 781 782 783 784 785 786 787 788 789 790 791 792 793 794]] [53 [795 796 797 798 799 800 801 802 803 804 805 806 807 808 809]] [54 [810 811 812 813 814 815 816 817 818 819 820 821 822 824]] [55 [826 827 828 829 830 831 832 833 834 835 836 837 838 839]] [56 [840 841 842 843 844 845 846 847 848 849 850 851 852 853 854]] [57 [855 856 857 858 859 860 861 862 863 864 865 866 867 868 869]] [58 [870 871 872 873 874 875 876 877 878 879 881 882 883 884]] [59 [885 886 887 888 889 890 891 892 893 894 895 896 897 898 899]] [60 [900 901 902 903 904 905 906 907 908 909 910 911 912 913 914]] [61 [915 916 917 918 919 920 921 922 923 924 925 926 927 928 929]] [62 [930 931 934 935 936 938 939 941]] [63 [948 949 951 954 955 957 958 959]] [64 [960 961 963 964 968 969 971 972]] [65 [975 976 977 978 980 981 982 983 984 985 986 987 988 989]] [66 [990 991 992 994 995 996 997 998 999 1000 1001 1002 1003 1004]] [67 [1005 1006 1007 1008 1009 1010 1011 1012 1013 1014 1015 1016 1017 1019]] [68 [1020 1022 1024 1025 1026 1027 1028 1029 1030 1031 1032 1033 1034]] [69 [1035 1036 1037 1038 1039 1040 1041 1042 1043 1044 1045 1046 1047 1048 1049]] [70 [1050 1051 1052 1053 1054 1055 1056 1057 1058 1059 1060 1061 1062 1063 1064]] [71 [1065 1066 1067 1068 1069 1070 1071 1072 1073 1074 1075 1076 1077 1079]] [72 [1080 1081 1082 1083 1084 1086 1087 1088 1091 1093]] [73 [1095 1098 1099 1100 1101 1103 1107 1109]] [74 [1110 1111 1112 1113 1114 1115 1116 1117 1118 1119 1120 1122 1123 1124]] [75 [1125 1126 1127 1128 1129 1130 1131 1132 1133 1134 1135 1136 1137 1138 1139]] [76 [1140 1141 1142 1143 1144 1145 1146 1147 1148 1149 1150 1151 1152 1153 1154]] [77 [1155 1156 1157 1158 1159 1160 1161 1162 1163 1164 1165 1166 1167 1168 1169]] [78 [1170 1171 1172 1173 1174 1175 1176 1177 1178 1179 1180 1181 1182 1183 1184]] [79 [1185 1186 1187 1188 1189 1190 1191 1192 1193 1194 1195 1196 1197 1198 1199]] [80 [1200 1201 1202 1203 1204 1205 1206 1207 1208 1209 1210 1211 1212 1213 1214]] [81 [1215 1216 1217 1218 1219 1220 1221 1222 1223 1224 1225 1226 1227 1228 1229]] [82 [1230 1231 1232 1233 1234 1235 1236 1237 1238 1239 1240 1241 1242 1243 1244]] [83 [1245 1246 1247 1248 1249 1250 1251 1252 1253 1254 1255 1256 1257 1258 1259]] [84 [1260 1261 1262 1263 1264 1265 1266 1267 1268 1269 1270 1271 1272 1273]] [85 [1275 1276 1277 1278 1279 1280 1281 1282 1283 1284 1285 1286 1287 1288]] [86 [1290 1291 1292 1293 1294 1295 1296 1297 1298 1299 1300 1301 1302 1303 1304]] [87 [1305 1306 1307 1308 1309 1310 1311 1312 1313 1314 1315 1316 1317 1318 1319]] [88 [1320 1321 1322 1323 1324 1325 1326 1327 1328 1329 1330 1331 1332 1333 1334]] [89 [1335 1336 1337 1338 1339 1340 1341 1342 1343 1344 1345 1346 1347 1348 1349]] [90 [1350 1351 1352 1353 1354 1355 1356 1357 1358 1359 1360 1361 1362 1363 1364]] [91 [1365 1366 1367 1368 1369 1370 1371 1372 1373 1374 1375 1376 1377 1378 1379]] [92 [1380 1381 1382 1383 1384 1385 1386 1387 1388 1389 1390 1391 1392 1393 1394]] [93 [1395 1396 1397 1398 1399 1400 1401 1402 1403 1404 1405 1406 1407 1408 1409]] [94 [1410 1411 1412 1413 1415 1416 1417 1421 1424]] [95 [1425 1427 1428 1429 1431 1432 1434 1437 1438 1439]] [96 [1440 1441 1442 1443 1444 1445 1446 1447 1448 1449 1450 1451 1452 1453 1454]] [97 [1455 1456 1457 1458 1459 1460 1461 1462 1463 1464 1465 1466 1467 1468 1469]] [98 [1470 1471 1472 1473 1474 1475 1476 1477 1478 1479 1480 1484]] [99 [1485 1486 1487 1488 1489 1490 1491 1492 1493 1494 1495 1496 1497 1498 1499]]]","[[0 [0 1 2 4 8 9 11 13]] [1 [16 18 20 21 24 25 27 28]] [2 [30 31 32 34 36 37 44]] [3 [51 53 54 55 56 57]] [4 [60 61 63 68 69 70 71 72]] [5 [75 79 80 81 82 83 84 86 87 89]] [6 [90 92 93 100 102 103]] [7 [107 108 109 111 112 117 119]] [8 [120 121 125 127 130 131 132 134]] [9 [136 137 138 139 142 145 146 149]] [10 [153 155 159 160 161 162 164]] [11 [167 169 172 174 177 178]] [12 [182 184 186 188 189 190 191]] [13 [195 196 201 204 206 207 208]] [14 [210 211 212 213 214 217 218 220 222 223]] [15 [225 227 228 229 231 233 234 237 239]] [16 [242 243 245 246 247]] [17 [259 261 262 264 265 268 269]] [18 [270 272 274 278 279 280 281 284]] [19 [285 287 288 289 291 294 297 299]] [20 [302 304 305 306 312 313 314]] [21 [315 316 318 320 325 327 329]] [22 [330 331 334 337 338 340]] [23 [345 347 349 351 353 354 357 358]] [24 [361 362 366 367 368 369 371 374]] [25 [375 377 378 382 384 386]] [26 [391 395 396 397 400 402 404]] [27 [407 409 410 412 413 419]] [28 [420 421 422 423 424 425 426 427 428 429 431 432 434]] [29 [436 437 443 444 447 448 449]] [30 [451 452 453 456 459 461 462]] [31 [466 467 468 469 470 474 475 479]] [32 [480 482 483 484 487 492]] [33 [496 497 498 501 504 505]] [34 [510 511 512 513 520 523 524]] [35 [526 527 531 532 533 534 537]] [36 [540 541 543 548 549 552 553 554]] [37 [559 560 562 563 564 567 568 569]] [38 [570 573 575 577 578 579 583 584]] [39 [585 586 589 593 596 598]] [40 [601 603 605 607 609 612 614]] [41 [616 617 618 619 621 625 627]] [42 [630 631 632 634 637 643]] [43 [646 647 648 650 652 653 657]] [44 [660 663 668 673 674]] [45 [675 676 677 681 682 683 686 687 688]] [46 [690 691 693 695 697 701 702 703 704]] [47 [706 708 712 716 717 719]] [48 [721 723 725 726 729 730]] [49 [737 738 740 741 742 743 744]] [50 [750 751 752 753 755 757 758 759 764]] [51 [766 768 773 774 775 778 779]] [52 [784 785 786 787 789 790 792 794]] [53 [795 796 797 799 800 805 808 809]] [54 [811 813 816 817 819 822]] [55 [826 827 829 830 834 835]] [56 [841 842 843 844 849 853 854]] [57 [855 859 860 863 865 866 867 869]] [58 [871 872 874 875 877 879 882]] [59 [885 886 887 888 889 892 896 898]] [60 [900 908 909 910 911 912]] [61 [915 916 917 918 919 922 923 925 927 929]] [62 [930 931 935 936 938 939 941]] [63 [948 949 951 954 957 958 959]] [64 [960 961 963 964 968 971 972]] [65 [976 978 980 981 982 983 984 986 988 989]] [66 [990 995 996 997 1002 1003 1004]] [67 [1007 1008 1012 1014 1015 1016 1019]] [68 [1020 1022 1024 1025 1026 1027 1029 1030 1031 1033 1034]] [69 [1036 1037 1042 1043 1044 1046 1048]] [70 [1051 1052 1054 1056 1058 1060 1062 1064]] [71 [1065 1067 1068 1070 1071 1073 1074 1075 1076 1077]] [72 [1081 1083 1084 1087 1088 1093]] [73 [1095 1098 1099 1100 1101 1103 1107 1109]] [74 [1110 1112 1117 1120 1122 1124]] [75 [1130 1131 1132 1133 1134 1136 1138]] [76 [1141 1142 1146 1147 1149 1150 1151 1152]] [77 [1156 1158 1159 1161 1163 1164 1165]] [78 [1174 1175 1176 1177 1178 1179 1180 1182 1184]] [79 [1185 1186 1193 1194 1195 1196 1198]] [80 [1201 1202 1205 1206 1207 1212 1213]] [81 [1215 1216 1217 1221 1223 1224 1229]] [82 [1233 1234 1235 1236 1237 1238 1239 1242 1244]] [83 [1245 1246 1248 1251 1253 1254 1255 1256 1258]] [84 [1263 1265 1266 1267 1269 1272 1273]] [85 [1275 1278 1279 1281 1283 1285 1287]] [86 [1290 1291 1292 1293 1294 1296 1298 1300 1303 1304]] [87 [1305 1306 1308 1309 1311 1312 1313 1315]] [88 [1321 1322 1324 1328 1331]] [89 [1335 1336 1339 1343 1344 1346]] [90 [1350 1352 1353 1354 1355 1357 1359 1360 1364]] [91 [1367 1369 1371 1374 1375 1376 1378]] [92 [1380 1381 1385 1386 1388 1389 1390 1391 1392 1393]] [93 [1396 1397 1398 1400 1402 1403 1404 1407 1408]] [94 [1411 1413 1415 1416 1417 1421 1424]] [95 [1427 1428 1429 1431 1432 1434 1437 1438]] [96 [1441 1442 1445 1446 1449 1451]] [97 [1457 1459 1460 1462 1463 1465 1467]] [98 [1472 1478 1479 1480 1484]] [99 [1489 1493 1495 1496 1497 1499]]]",,"[[{media 52} [[""A"" [4 4 4 4 4 4 4 4 4 4]]]] [{media 53} [[""A"" [4 4 4 4 4 4 4 4 4 4]]]] [{media 54} [[""A"" [5 5 5 5 5 5 5 5 5 5]]]] [{media 57} [[""A"" [5 5 5 5 5 5 5 5 5 5]]]] [{media 59} [[""A"" [5 5 5 5 5 5 5 5 5 5]]]] [{media 60} [[""A"" [3 3 3 3 3 3 3 3 3 3]]]] [{media 61} [[""A"" [6 6 6 6 6 6 6 6 6 6]]]] [{media 62} [[""A"" [5 5 5 5 5 5 5 5 5 5]]]] [{citizen 0} [[""A"" [6 5 4 1 0 1 2 1 2 0]]]] [{media 51} [[""A"" [2 2 2 2 2 2 2 2 2 2]]]] [{citizen 4} [[""A"" [1 1 3 4 4 3 2 1 0 2]]]] [{citizen 5} [[""A"" [4 1 1 1 1 1 1 2 1 2]]]] [{citizen 8} [[""A"" [1 1 6 4 1 3 1 2 1 2]]]] [{citizen 11} [[""A"" [2 1 3 5 5 4 2 1 1 2]]]] [{media 50} [[""A"" [1 1 1 1 1 1 1 1 1 1]]]] [{media 63} [[""A"" [1 1 1 1 1 1 1 1 1 1]]]] [{citizen 1} [[""A"" [1 4 2 1 3 5 4 2 1 0]]]] [{media 58} [[""A"" [0 0 0 0 0 0 0 0 0 0]]]] [{citizen 3} [[""A"" [2 2 2 1 1 3 1 3 5 5]]]] [{media 56} [[""A"" [1 1 1 1 1 1 1 1 1 1]]]] [{media 55} [[""A"" [2 2 2 2 2 2 2 2 2 2]]]] [{media 64} [[""A"" [1 1 1 1 1 1 1 1 1 1]]]] [{citizen 38} [[""A"" [1 1 1 3 5 6 5 1 0 2]]]] [{citizen 41} [[""A"" [1 1 3 2 2 1 1 6 5 1]]]] [{citizen 17} [[""A"" [4 2 1 1 2 1 1 2 1 3]]]] [{citizen 12} [[""A"" [2 1 1 1 3 1 1 1 3 5]]]] [{citizen 29} [[""A"" [1 1 6 5 2 1 3 5 2 1]]]] [{citizen 14} [[""A"" [5 4 4 5 1 1 1 3 4 5]]]] [{citizen 31} [[""A"" [1 1 3 4 1 1 1 1 1 2]]]] [{citizen 13} [[""A"" [2 1 1 1 1 1 2 1 1 2]]]] [{citizen 25} [[""A"" [1 3 1 3 1 1 2 1 1 2]]]] [{citizen 20} [[""A"" [2 1 1 1 5 3 5 5 4 5]]]] [{citizen 23} [[""A"" [0 2 1 1 3 4 1 3 5 5]]]] [{citizen 6} [[""A"" [2 1 2 1 1 1 5 4 3 2]]]] [{citizen 16} [[""A"" [2 1 2 1 1 1 1 3 6 5]]]] [{citizen 34} [[""A"" [4 1 3 1 2 1 1 1 3 5]]]] [{citizen 42} [[""A"" [2 1 1 1 4 2 1 1 2 1]]]] [{citizen 33} [[""A"" [2 1 1 1 1 2 1 1 2 2]]]] [{citizen 7} [[""A"" [1 2 1 1 3 4 2 1 1 1]]]] [{citizen 15} [[""A"" [3 2 1 1 1 1 2 1 2 1]]]] [{citizen 36} [[""A"" [4 5 4 1 3 5 5 5 4 1]]]] [{citizen 39} [[""A"" [1 2 1 1 1 3 1 2 1 2]]]] [{citizen 30} [[""A"" [1 1 1 0 1 1 1 2 1 2]]]] [{citizen 28} [[""A"" [1 2 1 1 5 3 5 6 5 4]]]] [{citizen 27} [[""A"" [2 2 1 1 3 4 2 1 3 1]]]] [{citizen 40} [[""A"" [4 5 4 3 1 2 1 1 0 2]]]] [{citizen 24} [[""A"" [2 2 1 1 3 4 1 1 1 1]]]] [{citizen 18} [[""A"" [5 5 4 4 5 6 5 4 2 1]]]] [{citizen 19} [[""A"" [4 4 1 3 5 6 5 2 1 2]]]] [{citizen 2} [[""A"" [1 1 1 5 1 1 2 1 0 2]]]] [{citizen 10} [[""A"" [1 1 1 2 1 1 2 1 1 2]]]] [{citizen 44} [[""A"" [1 1 2 1 3 1 1 2 3 5]]]] [{citizen 22} [[""A"" [2 4 2 1 3 5 6 5 4 1]]]] [{citizen 43} [[""A"" [1 1 3 2 1 1 3 5 6 5]]]] [{citizen 21} [[""A"" [2 1 3 5 4 1 1 3 2 2]]]] [{citizen 49} [[""A"" [5 4 1 1 1 1 1 3 1 1]]]] [{citizen 9} [[""A"" [4 4 1 1 1 1 2 1 1 2]]]] [{citizen 48} [[""A"" [2 1 2 1 3 1 2 1 1 2]]]] [{citizen 35} [[""A"" [5 5 5 3 4 5 1 1 1 3]]]] [{citizen 37} [[""A"" [1 1 1 4 2 1 1 2 1 2]]]] [{citizen 32} [[""A"" [4 5 4 4 5 3 4 3 4 1]]]] [{citizen 26} [[""A"" [1 2 1 2 1 3 1 1 1 0]]]] [{citizen 47} [[""A"" [2 1 1 1 2 1 1 2 1 1]]]] [{citizen 46} [[""A"" [2 1 2 1 1 1 3 1 1 3]]]]]"
"46","[43 0 212]","250","-10.154062219488113","-3.1333330987819976","""circle""","""""","9.9","{breed citizens}","false","0.5","1","""up""",,"[[""ID"" 46] [""alpha"" 1] [""beta"" 1] [""malleable"" [""A""]] [""prior"" []] [""cont_tokens"" []] [""A"" 5]]","[[0 [0 1 2 3 4 5 6 7 8 9 10 11 12 13 14]] [1 [15 17 19 20 21 24 26 29]] [2 [33 35 38 39 40 41 42 43]] [3 [45 46 47 48 49 50 51 52 53 54 55 56 57 58]] [4 [61 62 63 64 65 66 67 68 69 70 71 72 73 74]] [5 [75 76 77 78 79 80 81 82 83 84 85 86 87 88 89]] [6 [90 91 92 93 94 95 96 97 98 99 100 101 102 103 104]] [7 [105 106 107 108 109 110 111 112 113 114 115 116 117 118 119]] [8 [120 121 122 123 124 125 126 127 128 129 130 131 132 134]] [9 [136 137 138 139 142 145 146 147 149]] [10 [150 151 152 153 154 155 156 158 159 160 161 162 163 164]] [11 [166 167 169 170 171 172 173 174 175 176 177 178 179]] [12 [180 181 182 183 184 185 186 187 188 189 190 191 192 193 194]] [13 [195 196 197 198 199 200 201 202 203 204 205 206 207 208 209]] [14 [210 211 212 213 214 215 216 217 218 219 220 221 222 223 224]] [15 [225 226 227 228 229 230 231 232 233 234 235 236 237 238 239]] [16 [240 241 242 243 244 245 246 247 248 249 250 251 252 253 254]] [17 [255 256 257 258 259 260 261 262 263 264 265 266 267 268 269]] [18 [270 271 272 273 274 275 276 277 278 279 280 281 282 283 284]] [19 [285 286 287 288 289 290 291 292 293 294 295 296 297 298 299]] [20 [300 301 302 303 304 305 306 307 308 309 310 311 312 313 314]] [21 [315 316 317 318 319 320 321 322 323 324 325 326 327 328 329]] [22 [330 331 332 333 334 335 336 337 338 339 340 341 342 343 344]] [23 [345 346 347 348 349 350 351 352 353 354 355 356 357 358 359]] [24 [360 361 362 366 367 368 369 371 374]] [25 [375 376 377 378 379 380 381 382 383 384 385 386 387 388 389]] [26 [390 391 392 393 394 395 396 397 398 399 400 401 402 403 404]] [27 [405 406 407 408 409 410 411 412 413 414 415 416 417 418 419]] [28 [420 421 422 423 424 425 426 427 428 429 430 431 432 433 434]] [29 [435 436 437 438 439 440 441 442 443 444 445 446 447 448 449]] [30 [450 451 452 453 454 455 456 457 458 459 460 461 462 463 464]] [31 [465 466 467 468 469 470 471 472 473 474 475 476 477 478 479]] [32 [480 481 482 483 484 485 486 487 488 489 490 491 492 493 494]] [33 [495 496 497 498 501 504 505 509]] [34 [510 511 512 513 514 515 516 517 518 519 520 521 522 523 524]] [35 [525 526 527 528 529 530 531 532 533 534 535 536 537 538 539]] [36 [540 541 542 543 544 545 546 547 548 549 550 551 552 553 554]] [37 [555 556 557 558 559 560 561 562 563 564 565 566 567 568 569]] [38 [570 571 572 573 574 575 576 577 578 579 580 581 582 583 584]] [39 [585 586 587 588 589 590 591 592 593 594 595 596 597 598 599]] [40 [600 601 602 603 604 605 606 607 608 609 610 611 612 613 614]] [41 [615 616 617 618 619 620 621 622 624 625 626 627 628 629]] [42 [630 631 632 633 634 635 636 637 638 639 640 641 642 643 644]] [43 [645 646 647 648 649 650 651 652 653 654 655 656 657 658 659]] [44 [660 661 662 663 664 665 666 667 668 669 670 671 672 673 674]] [45 [675 676 677 678 679 680 681 682 683 684 685 686 687 688 689]] [46 [690 691 692 693 694 695 696 697 698 699 700 701 702 703 704]] [47 [705 706 707 708 709 710 711 712 713 714 715 716 717 718 719]] [48 [720 721 722 723 724 725 726 727 728 729 730 731 732 734]] [49 [735 736 737 738 739 740 741 742 743 744 745 746 747 748 749]] [50 [750 751 752 753 755 757 758 759 760 761 762 763 764]] [51 [765 766 767 768 769 770 771 772 773 774 775 776 777 778 779]] [52 [780 781 782 783 784 785 786 787 788 789 790 791 792 793 794]] [53 [795 796 797 798 799 800 801 802 803 804 805 806 807 808 809]] [54 [810 811 812 813 814 815 816 817 818 819 820 821 822 824]] [55 [826 827 828 829 830 831 832 833 834 835 836 837 838 839]] [56 [840 841 842 843 844 845 846 847 848 849 850 851 852 853 854]] [57 [855 856 857 858 859 860 861 863 864 865 866 867 868 869]] [58 [870 871 872 873 874 875 876 877 878 879 881 882 883 884]] [59 [885 886 887 888 889 890 891 892 893 894 895 896 897 898 899]] [60 [900 901 902 903 904 905 906 907 908 909 910 911 912 913 914]] [61 [915 916 917 918 919 920 921 922 923 924 925 926 927 928 929]] [62 [930 931 934 935 936 938 939 941]] [63 [948 949 951 954 955 957 958 959]] [64 [960 961 963 964 968 969 971 972]] [65 [975 976 977 978 980 981 982 983 984 985 986 987 988 989]] [66 [990 991 992 994 995 996 997 998 999 1000 1001 1002 1003 1004]] [67 [1005 1006 1007 1008 1009 1010 1011 1012 1013 1014 1015 1016 1017 1019]] [68 [1020 1022 1024 1025 1026 1027 1028 1029 1030 1031 1032 1033 1034]] [69 [1035 1036 1037 1038 1039 1040 1041 1042 1043 1044 1045 1046 1047 1048 1049]] [70 [1050 1051 1052 1053 1054 1055 1056 1057 1058 1059 1060 1061 1062 1063 1064]] [71 [1065 1066 1067 1068 1069 1070 1071 1072 1073 1074 1075 1076 1077 1079]] [72 [1080 1081 1082 1083 1084 1086 1087 1088 1091 1093]] [73 [1095 1098 1099 1100 1101 1103 1107 1109]] [74 [1110 1111 1112 1113 1114 1115 1116 1117 1118 1119 1120 1122 1123 1124]] [75 [1125 1126 1127 1128 1129 1130 1131 1132 1133 1134 1135 1136 1137 1138 1139]] [76 [1140 1141 1142 1143 1144 1145 1146 1147 1148 1149 1150 1151 1152 1153 1154]] [77 [1155 1156 1157 1158 1159 1160 1161 1162 1163 1164 1165 1166 1167 1168 1169]] [78 [1170 1171 1172 1173 1174 1175 1176 1177 1178 1179 1180 1181 1182 1183 1184]] [79 [1185 1186 1187 1188 1189 1190 1191 1192 1193 1194 1195 1196 1197 1198 1199]] [80 [1200 1201 1202 1203 1204 1205 1206 1207 1208 1209 1210 1211 1212 1213 1214]] [81 [1215 1216 1217 1218 1219 1220 1221 1222 1223 1224 1225 1226 1227 1228 1229]] [82 [1230 1231 1232 1233 1234 1235 1236 1237 1238 1239 1240 1241 1242 1243 1244]] [83 [1245 1246 1247 1248 1249 1250 1251 1252 1253 1254 1255 1256 1257 1258 1259]] [84 [1260 1261 1262 1263 1264 1265 1266 1267 1268 1269 1270 1271 1272 1273]] [85 [1275 1276 1277 1278 1279 1280 1281 1282 1283 1284 1285 1286 1287 1288]] [86 [1290 1291 1292 1293 1294 1295 1296 1297 1298 1299 1300 1301 1302 1303 1304]] [87 [1305 1306 1307 1308 1309 1310 1311 1312 1313 1314 1315 1316 1317 1318 1319]] [88 [1320 1321 1322 1323 1324 1325 1326 1327 1328 1329 1330 1331 1332 1333 1334]] [89 [1335 1336 1337 1338 1339 1340 1341 1342 1343 1344 1345 1346 1347 1348 1349]] [90 [1350 1351 1352 1353 1354 1355 1356 1357 1358 1359 1360 1361 1362 1363 1364]] [91 [1365 1366 1367 1368 1369 1370 1371 1372 1373 1374 1375 1376 1377 1378 1379]] [92 [1380 1381 1382 1383 1384 1385 1386 1387 1388 1389 1390 1391 1392 1393 1394]] [93 [1395 1396 1397 1398 1399 1400 1401 1402 1403 1404 1405 1406 1407 1408 1409]] [94 [1410 1411 1412 1413 1414 1415 1416 1417 1418 1419 1420 1421 1422 1423 1424]] [95 [1425 1427 1428 1429 1431 1432 1434 1437 1438 1439]] [96 [1440 1441 1442 1443 1444 1445 1446 1447 1448 1449 1450 1451 1452 1453 1454]] [97 [1457 1458 1459 1460 1462 1463 1465 1466 1467 1468 1469]] [98 [1471 1472 1473 1474 1475 1476 1477 1478 1479 1480 1484]] [99 [1485 1486 1487 1488 1489 1490 1491 1492 1493 1494 1495 1496 1497 1498 1499]]]","[[0 [5 6 7 10 12 14]] [1 [15 17 19 24 26 29]] [2 [33 35 38 39 40 41 42 43]] [3 [45 47 48 49 50 52]] [4 [62 64 66 67 73 74]] [5 [76 77 78 84 86 87 89]] [6 [90 92 93 98 99 104]] [7 [105 106 108 109 111 112 119]] [8 [120 121 125 127 131 132 134]] [9 [136 137 138 139 142 145 146 149]] [10 [150 151 154 156 158 163 164]] [11 [166 169 172 174 177 178]] [12 [184 186 188 189 190 191]] [13 [195 196 198 201 204 206 207 208]] [14 [210 211 212 213 214 215 217 218 220 222 223]] [15 [225 227 228 229 230 231 233 234 237 239]] [16 [242 243 245 246 247]] [17 [259 261 262 264 265 268 269]] [18 [270 272 274 278 279 282 283]] [19 [286 290 292 293 295 296 297 298]] [20 [300 301 302 304 305 306 312 313 314]] [21 [315 316 318 320 325 327 329]] [22 [330 331 334 337 338 340]] [23 [345 347 348 349 351 353 354 357 358]] [24 [362 366 367 368 369 371 374]] [25 [375 377 378 381 382 384 386]] [26 [391 395 396 397 400 402 404]] [27 [407 409 410 412 413 418]] [28 [420 422 423 424 425 430 433]] [29 [438 439 440 441 442 444 447 448 449]] [30 [451 452 453 456 459 461 462]] [31 [467 468 469 470 474 475 479]] [32 [480 482 483 484 486 487 492]] [33 [497 498 501 504 505]] [34 [510 511 512 513 517 518 519 521]] [35 [525 528 529 530 535 538 539]] [36 [541 543 548 549 552 553 554]] [37 [559 560 563 564 567 568 569]] [38 [570 571 572 574 576 580 581 582]] [39 [587 591 592 594 595 597 599]] [40 [600 604 606 608 609 611 613]] [41 [615 620 621 622 624 626 628 629]] [42 [633 635 636 638 639 640 641 642]] [43 [645 649 650 652 653 657]] [44 [660 663 670 671 672 673 674]] [45 [675 676 677 681 683 686 689]] [46 [692 694 695 697 701 702 703]] [47 [705 707 709 710 711 713 714 715 716 717 719]] [48 [721 723 725 726 729 730 731 732 734]] [49 [735 736 739 745 746 748 749]] [50 [751 752 753 755 760 761 762 763]] [51 [765 768 773 774 775 778 779]] [52 [784 785 786 787 789 790 792 794]] [53 [795 796 797 799 800 801 805 808 809]] [54 [810 811 813 816 817 819 822 824]] [55 [828 829 830 834 835]] [56 [841 842 843 844 847 848 849 853 854]] [57 [855 859 860 863 865 866 867 869]] [58 [872 874 875 877 879 881 883 884]] [59 [885 886 888 889 892 896 898]] [60 [900 908 909 910 911 912]] [61 [915 916 917 918 919 923 925 927 928 929]] [62 [930 931 935 936 938 939 941]] [63 [948 949 951 954 955 958 959]] [64 [960 961 963 964 968 969]] [65 [975 977 983 984 986 988 989]] [66 [991 992 994 995 996 997 1002 1003 1004]] [67 [1007 1008 1011 1013 1017 1019]] [68 [1020 1022 1024 1025 1032 1034]] [69 [1036 1037 1042 1043 1044 1046 1047 1049]] [70 [1050 1052 1056 1060 1062 1064]] [71 [1065 1067 1068 1070 1071 1073 1074 1075 1077]] [72 [1080 1081 1083 1084 1086 1087 1088 1093]] [73 [1095 1098 1099 1100 1101 1103 1107 1109]] [74 [1110 1113 1114 1115 1118 1119 1120 1122 1124]] [75 [1127 1128 1129 1135 1137 1139]] [76 [1140 1143 1145 1148 1150 1151 1152]] [77 [1155 1156 1158 1161 1163 1164 1165]] [78 [1174 1175 1176 1177 1178 1180 1182 1184]] [79 [1185 1186 1193 1194 1195 1196 1198 1199]] [80 [1200 1203 1204 1206 1207 1212 1213]] [81 [1215 1216 1217 1221 1223 1224 1226 1227 1228 1229]] [82 [1233 1234 1235 1236 1239 1241 1242 1244]] [83 [1245 1246 1249 1250 1252 1254 1258]] [84 [1263 1265 1266 1267 1270 1271 1273]] [85 [1276 1277 1280 1281 1283 1285 1286 1287]] [86 [1290 1291 1292 1295 1297 1301 1302]] [87 [1306 1308 1309 1311 1312 1313 1315]] [88 [1321 1322 1324 1326 1328 1330 1332 1334]] [89 [1337 1338 1340 1341 1343 1344 1346]] [90 [1350 1352 1353 1354 1355 1357 1359 1360 1364]] [91 [1366 1367 1369 1370 1372 1373 1375 1377 1379]] [92 [1382 1383 1384 1387 1389 1390 1391 1392 1393]] [93 [1396 1397 1398 1400 1402 1403 1404 1407 1408]] [94 [1411 1413 1415 1416 1417 1421 1424]] [95 [1425 1432 1434 1437 1438 1439]] [96 [1440 1441 1442 1443 1446 1447 1448 1449 1451]] [97 [1458 1459 1460 1462 1463 1465 1467]] [98 [1471 1475 1476 1478 1479 1480 1484]] [99 [1487 1492 1494]]]",,"[[{media 52} [[""A"" [4 4 4 4 4 4 4 4 4 4]]]] [{media 53} [[""A"" [4 4 4 4 4 4 4 4 4 4]]]] [{media 54} [[""A"" [5 5 5 5 5 5 5 5 5 5]]]] [{media 57} [[""A"" [5 5 5 5 5 5 5 5 5 5]]]] [{media 59} [[""A"" [5 5 5 5 5 5 5 5 5 5]]]] [{media 61} [[""A"" [6 6 6 6 6 6 6 6 6 6]]]] [{media 62} [[""A"" [5 5 5 5 5 5 5 5 5 5]]]] [{media 51} [[""A"" [2 2 2 2 2 2 2 2 2 2]]]] [{citizen 4} [[""A"" [3 4 4 4 3 2 1 0 2 1]]]] [{citizen 5} [[""A"" [5 3 0 1 1 2 1 2 2 1]]]] [{citizen 19} [[""A"" [4 2 1 5 4 2 1 0 2 1]]]] [{media 50} [[""A"" [1 1 1 1 1 1 1 1 1 1]]]] [{citizen 6} [[""A"" [1 0 2 4 5 4 3 2 0 1]]]] [{citizen 7} [[""A"" [5 3 2 1 4 2 4 2 1 1]]]] [{citizen 14} [[""A"" [5 5 3 1 2 2 1 3 4 5]]]] [{media 60} [[""A"" [3 3 3 3 3 3 3 3 3 3]]]] [{media 63} [[""A"" [1 1 1 1 1 1 1 1 1 1]]]] [{citizen 12} [[""A"" [1 3 2 1 1 2 1 3 4 5]]]] [{media 58} [[""A"" [0 0 0 0 0 0 0 0 0 0]]]] [{citizen 3} [[""A"" [5 3 1 1 2 2 1 5 4 5]]]] [{media 56} [[""A"" [1 1 1 1 1 1 1 1 1 1]]]] [{media 55} [[""A"" [2 2 2 2 2 2 2 2 2 2]]]] [{media 64} [[""A"" [1 1 1 1 1 1 1 1 1 1]]]] [{citizen 37} [[""A"" [6 5 5 3 0 2 4 2 2 2]]]] [{citizen 24} [[""A"" [4 3 3 4 2 1 1 2 0 1]]]] [{citizen 10} [[""A"" [1 1 2 1 2 1 1 0 2 1]]]] [{citizen 48} [[""A"" [0 1 2 1 2 1 1 1 2 1]]]] [{citizen 32} [[""A"" [5 4 5 3 4 2 3 4 1 1]]]] [{citizen 8} [[""A"" [5 3 4 4 4 2 1 2 2 1]]]] [{citizen 38} [[""A"" [3 1 1 2 1 3 6 0 2 1]]]] [{citizen 43} [[""A"" [5 5 3 3 1 2 1 5 6 5]]]] [{citizen 39} [[""A"" [5 1 1 3 2 4 2 2 2 1]]]] [{citizen 49} [[""A"" [5 3 1 2 1 2 1 1 0 1]]]] [{citizen 17} [[""A"" [4 3 5 5 4 2 4 2 1 3]]]] [{citizen 1} [[""A"" [4 0 2 4 2 1 5 4 1 0]]]] [{citizen 40} [[""A"" [3 3 4 4 3 2 1 0 2 1]]]] [{citizen 33} [[""A"" [3 5 5 2 1 2 1 0 2 1]]]] [{citizen 2} [[""A"" [5 3 5 1 5 2 1 2 0 1]]]] [{citizen 11} [[""A"" [1 1 2 1 5 4 2 1 2 1]]]] [{citizen 15} [[""A"" [1 2 4 2 1 2 1 0 2 1]]]] [{citizen 25} [[""A"" [5 3 4 3 3 1 2 1 2 0]]]] [{citizen 28} [[""A"" [5 4 3 3 0 1 4 3 6 4]]]] [{citizen 13} [[""A"" [3 0 2 2 1 2 1 1 2 1]]]] [{citizen 44} [[""A"" [4 3 2 1 3 2 1 1 2 4]]]] [{citizen 20} [[""A"" [4 3 1 0 2 4 3 5 4 5]]]] [{citizen 31} [[""A"" [1 1 4 2 1 2 1 1 2 1]]]] [{citizen 35} [[""A"" [3 5 4 5 3 1 4 2 3 4]]]] [{citizen 36} [[""A"" [3 5 4 5 3 5 4 5 4 1]]]] [{citizen 42} [[""A"" [2 1 1 4 2 1 2 1 1 1]]]] [{citizen 27} [[""A"" [5 3 1 1 4 2 1 1 0 1]]]] [{citizen 30} [[""A"" [2 1 1 2 1 2 1 0 2 1]]]] [{citizen 29} [[""A"" [5 5 3 1 4 2 1 5 2 1]]]] [{citizen 34} [[""A"" [0 1 2 1 1 2 3 5 4 5]]]] [{citizen 9} [[""A"" [5 4 3 2 4 2 2 1 0 2]]]] [{citizen 18} [[""A"" [5 5 4 4 5 5 4 2 1 5]]]] [{citizen 23} [[""A"" [4 3 4 2 4 2 1 3 5 5]]]] [{citizen 0} [[""A"" [6 5 3 5 3 0 2 2 0 1]]]] [{citizen 45} [[""A"" [3 5 5 3 0 1 2 1 0 1]]]] [{citizen 21} [[""A"" [5 4 2 1 1 2 3 2 2 1]]]] [{citizen 16} [[""A"" [4 5 1 1 1 2 2 3 6 5]]]] [{citizen 22} [[""A"" [2 4 2 1 4 6 5 4 1 1]]]] [{citizen 41} [[""A"" [5 6 3 5 5 1 5 2 1 5]]]] [{citizen 26} [[""A"" [1 1 2 1 2 1 3 1 0 1]]]] [{citizen 47} [[""A"" [5 3 5 3 2 4 2 1 2 1]]]]]"
"47","[213 0 42]","167.8125","2.3469017361177342","-10.350649555316853","""circle""","""""","9.9","{breed citizens}","false","0.5","1","""up""",,"[[""ID"" 47] [""alpha"" 1] [""beta"" 1] [""malleable"" [""A""]] [""prior"" []] [""cont_tokens"" []] [""A"" 1]]","[[0 [0 1 2 3 4 5 6 7 8 9 10 11 12 13 14]] [1 [15 17 19 20 21 24 26 29]] [2 [33 35 38 39 40 41 42 43]] [3 [45 46 47 48 49 50 51 52 53 54 55 56 57 58]] [4 [60 61 62 63 64 65 66 67 68 69 70 71 72 73 74]] [5 [75 79 80 81 82 83 84 85 86 87 88 89]] [6 [90 91 92 93 94 95 96 97 98 99 100 101 102 103 104]] [7 [105 106 107 108 109 110 111 112 113 114 115 116 117 118 119]] [8 [120 121 122 123 124 125 126 127 128 129 130 131 132 133 134]] [9 [136 137 138 139 142 145 146 147 149]] [10 [150 151 152 153 154 155 156 158 159 160 161 162 163 164]] [11 [166 167 169 170 171 172 173 174 175 176 177 178 179]] [12 [180 181 182 183 184 185 186 187 188 189 190 191 192 193 194]] [13 [195 196 197 198 199 200 201 202 203 204 205 206 207 208 209]] [14 [210 211 212 213 214 215 216 217 218 219 220 221 222 223 224]] [15 [225 226 227 228 229 230 231 232 233 234 235 236 237 238 239]] [16 [240 241 242 243 244 245 246 247 248 249 250 251 252 253 254]] [17 [255 256 257 258 259 260 261 262 263 264 265 266 267 268 269]] [18 [270 271 272 273 274 275 276 277 278 279 280 281 282 283 284]] [19 [285 286 287 288 289 290 291 292 293 294 295 296 297 298 299]] [20 [300 301 302 303 304 305 306 307 308 309 310 311 312 313 314]] [21 [315 316 317 318 319 320 321 322 323 324 325 326 327 328 329]] [22 [330 331 332 333 334 335 336 337 338 339 340 341 343 344]] [23 [345 346 347 348 349 350 351 352 353 354 355 356 357 358]] [24 [360 361 362 363 364 365 366 367 368 369 370 371 372 373 374]] [25 [375 376 377 378 379 380 381 382 383 384 385 386 387 388 389]] [26 [390 391 392 393 394 395 396 397 398 399 400 401 402 403 404]] [27 [405 406 407 408 409 410 411 412 413 414 415 416 417 418 419]] [28 [420 421 422 423 424 425 426 427 428 429 430 431 432 433 434]] [29 [435 436 437 438 439 440 441 442 443 444 445 446 447 448 449]] [30 [450 451 452 453 454 455 456 457 458 459 460 461 462 463 464]] [31 [465 466 467 468 469 470 471 472 473 474 475 476 477 478 479]] [32 [480 481 482 483 484 485 486 487 488 489 490 491 492 493 494]] [33 [495 496 497 498 499 501 502 503 504 505 506 507 508 509]] [34 [510 511 512 513 514 515 516 517 518 519 520 521 522 523 524]] [35 [525 526 527 528 529 530 531 532 533 534 535 536 537 538 539]] [36 [540 541 542 543 544 545 546 547 548 549 550 551 552 553 554]] [37 [555 556 557 558 559 560 561 562 563 564 565 566 567 568 569]] [38 [570 571 572 573 574 575 576 577 578 579 580 581 582 583 584]] [39 [585 586 587 588 589 590 591 592 593 594 595 596 597 598 599]] [40 [600 601 602 603 604 605 606 607 608 609 610 611 612 613 614]] [41 [615 616 617 618 619 620 621 622 623 624 625 626 627 628 629]] [42 [630 631 632 633 634 635 636 637 638 639 640 641 642 643 644]] [43 [645 646 647 648 649 650 651 652 653 654 655 656 657 658 659]] [44 [660 661 662 663 664 665 666 667 668 669 670 671 672 673 674]] [45 [675 676 677 678 679 680 681 682 683 684 685 686 687 688 689]] [46 [690 691 692 693 694 695 696 697 698 699 700 701 702 703 704]] [47 [705 706 707 708 709 710 711 712 713 714 715 716 717 718 719]] [48 [720 721 722 723 724 725 726 727 728 729 730 731 732 734]] [49 [735 736 737 738 739 740 741 742 743 744 745 746 747 748 749]] [50 [750 751 752 753 755 757 758 759 760 761 762 763 764]] [51 [765 766 767 768 769 770 771 772 773 774 775 776 777 778 779]] [52 [780 781 782 783 784 785 786 787 788 789 790 791 792 793 794]] [53 [795 796 797 798 799 800 801 802 803 804 805 806 807 808 809]] [54 [810 811 812 813 814 815 816 817 818 819 820 821 822 824]] [55 [826 827 828 829 830 831 832 833 834 835 836 837 838 839]] [56 [840 841 842 843 844 845 846 847 848 849 850 851 852 853 854]] [57 [855 856 857 858 859 860 861 862 863 864 865 866 867 868 869]] [58 [870 871 872 873 874 875 876 877 878 879 881 882 883 884]] [59 [885 886 887 888 889 890 891 892 893 894 895 896 897 898 899]] [60 [900 901 902 903 904 905 906 907 908 909 910 911 912 913 914]] [61 [915 916 917 918 919 920 921 922 923 924 925 926 927 928 929]] [62 [930 931 934 935 936 938 939 941]] [63 [948 949 951 954 955 957 958 959]] [64 [960 961 963 964 968 969 971 972]] [65 [975 976 977 978 980 981 982 983 984 985 986 987 988 989]] [66 [990 991 992 994 995 996 997 998 999 1000 1001 1002 1003 1004]] [67 [1005 1006 1007 1008 1009 1010 1011 1012 1013 1014 1015 1016 1017 1019]] [68 [1020 1022 1024 1025 1026 1027 1028 1029 1030 1031 1032 1033 1034]] [69 [1035 1036 1037 1038 1039 1040 1041 1042 1043 1044 1045 1046 1047 1048 1049]] [70 [1050 1051 1052 1053 1054 1055 1056 1057 1058 1059 1060 1061 1062 1063 1064]] [71 [1065 1066 1067 1068 1069 1070 1071 1072 1073 1074 1075 1076 1077 1079]] [72 [1080 1081 1082 1083 1084 1086 1087 1088 1091 1093]] [73 [1095 1098 1099 1100 1101 1103 1107 1109]] [74 [1110 1111 1112 1113 1114 1115 1116 1117 1118 1119 1120 1122 1123 1124]] [75 [1125 1126 1127 1128 1129 1130 1131 1132 1133 1134 1135 1136 1137 1138 1139]] [76 [1140 1141 1142 1143 1144 1145 1146 1147 1148 1149 1150 1151 1152 1153 1154]] [77 [1155 1156 1157 1158 1159 1160 1161 1162 1163 1164 1165 1166 1167 1168 1169]] [78 [1170 1171 1172 1173 1174 1175 1176 1177 1178 1179 1180 1181 1182 1183 1184]] [79 [1185 1186 1187 1188 1189 1190 1191 1192 1193 1194 1195 1196 1197 1198 1199]] [80 [1200 1201 1202 1203 1204 1205 1206 1207 1208 1209 1210 1211 1212 1213 1214]] [81 [1215 1216 1217 1218 1219 1220 1221 1222 1223 1224 1225 1226 1227 1228 1229]] [82 [1230 1231 1232 1233 1234 1235 1236 1237 1238 1239 1240 1241 1242 1243 1244]] [83 [1245 1246 1247 1248 1249 1250 1251 1252 1253 1254 1255 1256 1257 1258 1259]] [84 [1260 1261 1262 1263 1264 1265 1266 1267 1268 1269 1270 1271 1272 1273 1274]] [85 [1275 1276 1277 1278 1279 1280 1281 1282 1283 1284 1285 1286 1287 1288]] [86 [1290 1291 1292 1293 1294 1295 1296 1297 1298 1299 1300 1301 1302 1303 1304]] [87 [1305 1306 1307 1308 1309 1310 1311 1312 1313 1314 1315 1316 1317 1318 1319]] [88 [1320 1321 1322 1323 1324 1325 1326 1327 1328 1329 1330 1331 1332 1333 1334]] [89 [1335 1336 1337 1338 1339 1340 1341 1342 1343 1344 1345 1346 1347 1348 1349]] [90 [1350 1351 1352 1353 1354 1355 1356 1357 1358 1359 1360 1361 1362 1363 1364]] [91 [1365 1366 1367 1368 1369 1370 1371 1372 1373 1374 1375 1376 1377 1378 1379]] [92 [1380 1381 1382 1383 1384 1385 1386 1387 1388 1389 1390 1391 1392 1393 1394]] [93 [1395 1396 1397 1398 1399 1400 1401 1402 1403 1404 1405 1406 1407 1408 1409]] [94 [1410 1411 1412 1413 1414 1415 1416 1417 1418 1419 1420 1421 1422 1423 1424]] [95 [1425 1427 1428 1429 1431 1432 1434 1437 1438 1439]] [96 [1440 1441 1442 1443 1444 1445 1446 1447 1448 1449 1450 1451 1452 1453 1454]] [97 [1457 1458 1459 1460 1462 1463 1465 1467]] [98 [1470 1471 1472 1473 1474 1475 1476 1477 1478 1479 1480 1484]] [99 [1485 1486 1487 1488 1489 1490 1491 1492 1493 1494 1495 1496 1497 1498 1499]]]","[[0 [0 3 5 6 7 10 12 14]] [1 [15 17 19 24 26 29]] [2 [33 35 38 39 40 41 42 43]] [3 [45 51 53 55 56 57]] [4 [60 61 63 68 69 70 71 72]] [5 [75 79 80 82 83 84 86 87 89]] [6 [90 92 93 98 99 103]] [7 [105 106 110 113 114 115 116 117 119]] [8 [120 121 125 127 130 131 132]] [9 [136 137 138 139 142 146 147 149]] [10 [150 151 154 156 158 163 164]] [11 [167 169 173 175 176 179]] [12 [180 181 182 183 185 192 193]] [13 [195 196 201 204 206 207 208]] [14 [210 211 212 214 215 217 218 220 222 223]] [15 [225 227 228 229 230 231 233 234 237 239]] [16 [242 243 245 247 253 254]] [17 [255 256 257 258 263 266 267 268 269]] [18 [270 272 274 278 279 280 281]] [19 [285 287 288 289 291 292 293 295 296 298]] [20 [300 301 302 307 311]] [21 [317 319 321 322 323 325 327 328]] [22 [332 333 335 336 339 340 341 344]] [23 [345 347 348 349 351 353 354 357 358]] [24 [362 366 367 368 369 371 374]] [25 [376 379 380 383 387 389]] [26 [390 392 394 395 396 397 400 402 404]] [27 [405 409 410 412 413 418]] [28 [420 421 423 424 425 426 428 429 431 432 434]] [29 [436 437 442 444 447 448 449]] [30 [451 452 453 456 459 461 462]] [31 [466 467 471 472 473 476 477 478]] [32 [481 488 489 490 491 493 494]] [33 [502 503 506 507 508 509]] [34 [510 511 512 513 517 518 519 521 522]] [35 [528 529 530 535 536]] [36 [540 541 543 548 549 552 553 554]] [37 [558 559 560 562 563 567 568 569]] [38 [570 571 572 574 576 578 579 583]] [39 [586 589 593 596 598]] [40 [601 603 605 607 609 611 612 614]] [41 [616 617 618 619 620 621 622 624 626 628 629]] [42 [633 636 639 640 641 642]] [43 [645 649 650 652 653 657]] [44 [660 663 668 669]] [45 [678 679 680 684 685 687]] [46 [690 691 693 696 698 699 700 704]] [47 [706 708 712 715 716 717 719]] [48 [721 723 725 727 728 731 734]] [49 [735 736 739 745 746 748 749]] [50 [751 752 753 755 760 761 762 763]] [51 [765 768 773 774 775 778 779]] [52 [784 785 786 787 789 790 792]] [53 [798 802 803 804 806 807 808 809]] [54 [810 811 813 816 817 819 822]] [55 [828 829 830 834 835]] [56 [841 842 844 847 848 849 853 854]] [57 [855 859 860 863 865 866 867 869]] [58 [871 872 874 875 877 879 882 884]] [59 [887 890 891 893 894 895 897 899]] [60 [903 904 905 906 907 910 911 912]] [61 [915 916 917 918 919 922 923 925 927 929]] [62 [930 931 934 935 936 938 939 941]] [63 [948 949 954 955 958 959]] [64 [960 961 963 964 968 971 972]] [65 [976 978 980 981 982 983 984 986 988 989]] [66 [991 992 994 998 999 1000 1001 1004]] [67 [1007 1008 1011 1013 1017 1019]] [68 [1020 1022 1024 1025 1026 1027 1028 1032 1034]] [69 [1036 1037 1042 1043 1044 1047 1049]] [70 [1050 1052 1054 1056 1058 1060 1063 1064]] [71 [1065 1067 1068 1070 1071 1073 1076 1077]] [72 [1081 1083 1084 1086 1087 1088 1093]] [73 [1095 1098 1100 1101 1103 1107 1109]] [74 [1110 1116 1117 1118 1119 1120 1122 1124]] [75 [1130 1131 1132 1133 1134 1136 1138]] [76 [1142 1146 1147 1149 1150 1151 1152]] [77 [1156 1158 1161 1163 1164 1165]] [78 [1174 1176 1177 1178 1179 1180 1182 1184]] [79 [1185 1186 1189 1194 1195 1196]] [80 [1201 1202 1205 1207 1212 1213]] [81 [1215 1216 1217 1221 1223 1224 1228]] [82 [1230 1231 1232 1236 1239 1244]] [83 [1245 1246 1249 1250 1252 1254 1257 1259]] [84 [1260 1261 1264 1268 1269 1272 1273]] [85 [1275 1278 1279 1281 1283 1285 1287]] [86 [1290 1291 1292 1295 1297 1301 1302]] [87 [1306 1308 1309 1311 1312 1313 1315]] [88 [1321 1322 1324 1328 1330 1332 1334]] [89 [1337 1338 1340 1341 1343 1344 1346]] [90 [1350 1352 1353 1354 1355 1357 1359 1360 1362 1364]] [91 [1366 1367 1369 1371 1374 1376 1378]] [92 [1380 1381 1385 1386 1388 1389 1390 1391 1392 1393]] [93 [1396 1397 1398 1400 1405 1406 1409]] [94 [1410 1412 1413 1415 1416 1417 1421 1424]] [95 [1425 1432 1434 1437 1438]] [96 [1441 1442 1446 1447 1448 1449 1451]] [97 [1458 1460 1462 1463 1465 1467]] [98 [1472 1473 1476 1477 1480 1484]] [99 [1489 1493 1495 1496 1497 1498 1499]]]",,"[[{media 52} [[""A"" [4 4 4 4 4 4 4 4 4 4]]]] [{media 53} [[""A"" [4 4 4 4 4 4 4 4 4 4]]]] [{media 54} [[""A"" [5 5 5 5 5 5 5 5 5 5]]]] [{media 57} [[""A"" [5 5 5 5 5 5 5 5 5 5]]]] [{media 59} [[""A"" [5 5 5 5 5 5 5 5 5 5]]]] [{media 60} [[""A"" [3 3 3 3 3 3 3 3 3 3]]]] [{media 61} [[""A"" [6 6 6 6 6 6 6 6 6 6]]]] [{media 62} [[""A"" [5 5 5 5 5 5 5 5 5 5]]]] [{media 51} [[""A"" [2 2 2 2 2 2 2 2 2 2]]]] [{citizen 4} [[""A"" [1 1 4 4 4 3 1 1 0 2]]]] [{citizen 5} [[""A"" [1 1 0 1 1 1 2 1 0 2]]]] [{citizen 6} [[""A"" [1 1 0 4 5 4 3 2 1 0]]]] [{citizen 7} [[""A"" [2 1 2 1 4 4 2 1 1 0]]]] [{citizen 10} [[""A"" [2 1 1 1 1 2 1 1 0 2]]]] [{media 50} [[""A"" [1 1 1 1 1 1 1 1 1 1]]]] [{citizen 9} [[""A"" [4 1 1 1 4 2 1 1 0 2]]]] [{media 63} [[""A"" [1 1 1 1 1 1 1 1 1 1]]]] [{media 58} [[""A"" [0 0 0 0 0 0 0 0 0 0]]]] [{citizen 3} [[""A"" [4 2 1 2 2 1 1 3 4 5]]]] [{media 56} [[""A"" [1 1 1 1 1 1 1 1 1 1]]]] [{media 55} [[""A"" [2 2 2 2 2 2 2 2 2 2]]]] [{media 64} [[""A"" [1 1 1 1 1 1 1 1 1 1]]]] [{citizen 1} [[""A"" [0 1 4 2 3 5 4 1 1 0]]]] [{citizen 37} [[""A"" [1 2 2 1 0 4 2 2 1 2]]]] [{citizen 24} [[""A"" [4 4 1 3 2 4 1 1 1 0]]]] [{citizen 48} [[""A"" [0 1 2 2 3 1 1 1 0 2]]]] [{citizen 32} [[""A"" [4 5 4 1 4 3 4 1 1 0]]]] [{citizen 8} [[""A"" [1 1 6 4 4 3 1 1 1 2]]]] [{citizen 38} [[""A"" [1 1 1 3 6 4 1 1 0 2]]]] [{citizen 43} [[""A"" [4 5 4 1 3 1 2 3 6 5]]]] [{citizen 39} [[""A"" [1 1 1 2 4 2 1 1 0 2]]]] [{citizen 49} [[""A"" [1 1 1 1 2 1 3 1 1 0]]]] [{citizen 17} [[""A"" [4 0 1 1 2 1 4 2 3 5]]]] [{citizen 31} [[""A"" [2 1 1 1 4 1 1 1 0 2]]]] [{citizen 35} [[""A"" [4 5 4 1 1 1 1 3 4 5]]]] [{citizen 36} [[""A"" [5 4 3 1 5 4 5 4 1 0]]]] [{citizen 42} [[""A"" [2 1 1 4 2 1 2 1 1 0]]]] [{citizen 33} [[""A"" [0 1 2 1 0 1 2 1 0 2]]]] [{citizen 20} [[""A"" [3 2 1 1 0 4 3 5 4 5]]]] [{citizen 27} [[""A"" [1 3 2 1 1 4 3 1 1 0]]]] [{citizen 11} [[""A"" [4 1 2 3 6 4 2 1 1 2]]]] [{citizen 30} [[""A"" [1 1 0 2 1 1 2 1 0 2]]]] [{citizen 15} [[""A"" [1 1 0 1 2 4 1 1 0 2]]]] [{citizen 34} [[""A"" [4 1 3 1 2 0 1 3 4 5]]]] [{citizen 40} [[""A"" [1 3 1 4 4 3 2 1 0 2]]]] [{citizen 44} [[""A"" [1 2 1 1 1 2 3 6 4 5]]]] [{citizen 26} [[""A"" [1 1 1 2 2 3 1 1 1 0]]]] [{citizen 16} [[""A"" [2 1 2 1 1 1 2 3 6 5]]]] [{citizen 18} [[""A"" [5 4 5 4 5 5 6 5 4 5]]]] [{citizen 23} [[""A"" [4 4 1 0 2 4 3 5 6 5]]]] [{citizen 14} [[""A"" [4 5 4 1 1 1 2 3 4 5]]]] [{citizen 0} [[""A"" [5 4 6 4 1 0 1 0 1 0]]]] [{citizen 25} [[""A"" [1 1 1 3 1 2 1 2 1 0]]]] [{citizen 45} [[""A"" [4 4 5 4 3 1 1 0 1 0]]]] [{citizen 21} [[""A"" [4 1 1 3 1 4 2 1 3 2]]]] [{citizen 12} [[""A"" [1 0 1 2 1 1 2 3 4 5]]]] [{citizen 22} [[""A"" [2 4 2 4 3 6 4 1 1 0]]]] [{citizen 28} [[""A"" [1 3 1 0 1 4 3 6 4 5]]]] [{citizen 2} [[""A"" [1 3 1 2 1 5 2 1 0 2]]]] [{citizen 29} [[""A"" [5 4 1 1 6 3 2 1 1 0]]]] [{citizen 13} [[""A"" [4 5 4 1 0 2 1 1 0 2]]]] [{citizen 19} [[""A"" [1 5 4 4 6 4 2 1 0 2]]]] [{citizen 41} [[""A"" [5 4 0 1 1 3 2 1 6 5]]]] [{citizen 46} [[""A"" [0 2 1 2 1 1 1 3 4 5]]]]]"
"48","[213 0 42]","348.75","-0.014279844383709772","5.224424204230637","""circle""","""""","9.9","{breed citizens}","false","0.5","1","""up""",,"[[""ID"" 48] [""alpha"" 1] [""beta"" 1] [""malleable"" [""A""]] [""prior"" []] [""cont_tokens"" []] [""A"" 1]]","[[0 [0 1 2 3 4 5 6 7 8 9 10 11 12 13 14]] [1 [15 16 17 18 19 20 21 23 24 25 26 27 28 29]] [2 [30 31 32 33 34 35 36 37 38 39 40 41 42 43 44]] [3 [45 46 47 48 49 50 51 52 53 54 55 56 57 58]] [4 [60 61 62 63 64 65 66 67 68 69 70 71 72 73 74]] [5 [75 76 77 78 79 80 81 82 83 84 85 86 87 88 89]] [6 [90 91 92 93 94 95 96 97 98 99 100 101 102 103 104]] [7 [105 106 107 108 109 110 111 112 113 114 115 116 117 118 119]] [8 [120 121 122 123 124 125 126 127 128 129 130 131 132 133 134]] [9 [135 136 137 138 139 140 141 142 143 144 145 146 147 149]] [10 [150 151 152 153 154 155 156 158 159 160 161 162 163 164]] [11 [166 167 169 170 171 172 173 174 175 176 177 178 179]] [12 [180 181 182 183 184 185 186 187 188 189 190 191 192 193 194]] [13 [195 196 197 198 199 200 201 202 203 204 205 206 207 208 209]] [14 [210 211 212 213 214 215 216 217 218 219 220 221 222 223 224]] [15 [225 226 227 228 229 230 231 232 233 234 235 236 237 238 239]] [16 [240 241 242 243 244 245 246 247 248 249 250 251 252 253 254]] [17 [255 256 257 258 259 260 261 262 263 264 265 266 267 268 269]] [18 [270 272 273 274 275 276 277 278 279 280 281 282 283 284]] [19 [285 286 287 288 289 290 291 292 293 294 295 296 297 298 299]] [20 [300 301 302 303 304 305 306 307 309 310 311 312 313 314]] [21 [315 316 317 318 319 320 321 322 323 324 325 326 327 328 329]] [22 [330 331 332 333 334 335 336 337 338 339 340 341 342 343 344]] [23 [345 346 347 348 349 350 351 352 353 354 355 356 357 358 359]] [24 [361 362 366 367 368 369 371 374]] [25 [375 376 377 378 379 380 381 382 383 384 385 386 387 388 389]] [26 [390 391 392 393 394 395 396 397 398 399 400 401 402 403 404]] [27 [405 406 407 408 409 410 411 412 413 415 416 417 418 419]] [28 [420 421 422 423 424 425 426 427 428 429 430 431 432 433 434]] [29 [435 436 437 438 439 440 441 442 443 444 445 446 447 448 449]] [30 [450 451 452 453 454 455 456 457 458 459 461 462 463 464]] [31 [465 466 467 468 469 470 471 472 473 474 475 476 477 478 479]] [32 [480 482 483 484 485 486 487 488 489 490 491 492 493 494]] [33 [495 496 497 498 501 504 505 509]] [34 [510 511 512 513 514 515 516 517 518 519 520 521 522 523 524]] [35 [525 526 527 528 529 530 531 532 533 534 535 536 537 538 539]] [36 [540 541 542 543 544 545 546 547 548 549 550 551 552 553 554]] [37 [555 556 557 558 559 560 561 562 563 564 565 566 567 568 569]] [38 [570 571 572 573 574 575 576 577 578 579 580 581 582 583 584]] [39 [585 586 587 588 589 590 591 592 593 594 595 596 597 598 599]] [40 [600 601 602 603 604 605 606 607 608 609 610 611 612 613 614]] [41 [615 616 617 618 619 620 621 622 624 625 626 627 628 629]] [42 [630 631 632 633 634 635 636 637 638 639 640 641 642 643 644]] [43 [645 646 647 648 649 650 651 652 653 654 655 656 657 658 659]] [44 [660 661 662 663 664 665 666 667 668 669 670 671 672 673 674]] [45 [675 676 677 678 679 680 681 682 683 684 685 686 687 688 689]] [46 [690 691 692 693 694 695 696 697 698 699 700 701 702 703 704]] [47 [705 706 707 708 709 710 711 712 713 714 715 716 717 718 719]] [48 [720 721 722 723 724 725 726 727 728 729 730 731 732 734]] [49 [735 736 737 738 739 740 741 742 743 744 745 746 747 748 749]] [50 [750 751 752 753 755 757 758 759 760 761 762 763 764]] [51 [765 766 767 768 769 770 771 772 773 774 775 776 777 778 779]] [52 [780 781 782 783 784 785 786 787 788 789 790 791 792 793 794]] [53 [795 796 797 798 799 800 801 802 803 804 805 806 807 808 809]] [54 [810 811 812 813 814 815 816 817 818 819 820 821 822 824]] [55 [826 827 828 829 830 831 832 833 834 835 836 837 838 839]] [56 [840 841 842 843 844 845 846 847 848 849 850 851 852 853 854]] [57 [855 856 857 858 859 860 861 862 863 864 865 866 867 868 869]] [58 [870 871 872 873 874 875 876 877 878 879 881 882 883 884]] [59 [885 886 887 888 889 890 891 892 893 894 895 896 897 898 899]] [60 [900 901 902 903 904 905 906 907 908 909 910 911 912 913 914]] [61 [915 916 917 918 919 922 923 925 927 928 929]] [62 [930 931 934 935 936 938 939 941]] [63 [948 949 951 954 955 957 958 959]] [64 [960 961 963 964 968 969 971 972]] [65 [975 976 977 978 980 981 982 983 984 985 986 987 988 989]] [66 [990 991 992 994 995 996 997 998 999 1000 1001 1002 1003 1004]] [67 [1005 1006 1007 1008 1009 1010 1011 1012 1013 1014 1015 1016 1017 1018 1019]] [68 [1020 1022 1024 1025 1026 1027 1028 1029 1030 1031 1032 1033 1034]] [69 [1035 1036 1037 1038 1039 1040 1041 1042 1043 1044 1045 1046 1047 1048 1049]] [70 [1050 1051 1052 1053 1054 1055 1056 1057 1058 1059 1060 1061 1062 1063 1064]] [71 [1065 1067 1068 1070 1071 1073 1074 1075 1076 1077 1079]] [72 [1080 1081 1082 1083 1084 1086 1087 1088 1091 1093]] [73 [1095 1098 1099 1100 1101 1103 1107 1109]] [74 [1110 1111 1112 1113 1114 1115 1116 1117 1118 1119 1120 1122 1123 1124]] [75 [1125 1126 1127 1128 1129 1130 1131 1132 1133 1134 1135 1136 1137 1138 1139]] [76 [1140 1141 1142 1143 1144 1145 1146 1147 1148 1149 1150 1151 1152 1153 1154]] [77 [1155 1156 1157 1158 1159 1160 1161 1162 1163 1164 1165 1166 1167 1168 1169]] [78 [1170 1171 1172 1173 1174 1175 1176 1177 1178 1179 1180 1181 1182 1183 1184]] [79 [1185 1186 1187 1188 1189 1190 1191 1192 1193 1194 1195 1196 1197 1198 1199]] [80 [1200 1201 1202 1203 1204 1205 1206 1207 1208 1209 1210 1211 1212 1213 1214]] [81 [1215 1216 1217 1221 1223 1224 1226 1227 1228 1229]] [82 [1230 1231 1232 1233 1234 1235 1236 1237 1238 1239 1240 1241 1242 1243 1244]] [83 [1245 1246 1247 1248 1249 1250 1251 1252 1253 1254 1255 1256 1257 1258 1259]] [84 [1260 1261 1262 1263 1264 1265 1266 1267 1268 1269 1270 1271 1272 1273]] [85 [1275 1276 1277 1278 1279 1280 1281 1282 1283 1284 1285 1286 1287 1288]] [86 [1290 1291 1292 1293 1294 1295 1296 1297 1298 1299 1300 1301 1302 1303 1304]] [87 [1305 1306 1307 1308 1309 1310 1311 1312 1313 1314 1315 1316 1317 1318 1319]] [88 [1320 1321 1322 1323 1324 1325 1326 1327 1328 1329 1330 1331 1332 1333 1334]] [89 [1335 1336 1337 1338 1339 1340 1341 1342 1343 1344 1345 1346 1347 1348 1349]] [90 [1350 1351 1352 1353 1354 1355 1357 1359 1360 1361 1362 1363 1364]] [91 [1365 1366 1367 1368 1369 1370 1371 1372 1373 1374 1375 1376 1377 1378 1379]] [92 [1380 1381 1382 1383 1384 1385 1386 1387 1388 1389 1390 1391 1392 1393 1394]] [93 [1395 1396 1397 1398 1399 1400 1401 1402 1403 1404 1405 1406 1407 1408 1409]] [94 [1410 1411 1412 1413 1414 1415 1416 1417 1418 1419 1420 1421 1422 1423 1424]] [95 [1425 1427 1428 1429 1431 1432 1434 1437 1438 1439]] [96 [1440 1441 1442 1443 1444 1445 1446 1447 1448 1449 1450 1451 1452 1453 1454]] [97 [1455 1456 1457 1458 1459 1460 1461 1462 1463 1464 1465 1466 1467 1468 1469]] [98 [1470 1471 1472 1473 1474 1475 1476 1477 1478 1479 1480 1484]] [99 [1485 1486 1487 1488 1489 1490 1491 1492 1493 1494 1495 1496 1497 1498 1499]]]","[[0 [0 3 5 6 7 10 12 14]] [1 [15 17 19 26 29]] [2 [33 35 38 39 40 41 42 43]] [3 [45 51 53 54 55 56 57]] [4 [60 61 63 68 69 70 71 72]] [5 [75 79 80 81 82 83 85 88 89]] [6 [90 92 93 100 102 103]] [7 [105 106 110 113 114 115 116 118]] [8 [122 123 124 126 129 130 131 132]] [9 [136 137 138 139 142 145 146 147 149]] [10 [150 151 154 156 158 163 164]] [11 [167 169 173 175 176 179]] [12 [180 182 183 185 187 192 193]] [13 [195 196 201 204 206 207 208]] [14 [210 211 212 214 220 222 223]] [15 [225 227 228 232 235 236 238]] [16 [240 241 242 243 245 247]] [17 [259 262 264 265 268 269]] [18 [270 272 273 275 276 277 280 281]] [19 [285 287 288 289 291 294 299]] [20 [302 304 305 306 312 313 314]] [21 [315 316 318 320 324 327 329]] [22 [331 334 337 338 340 341]] [23 [345 347 348 349 351 353 354 357 358]] [24 [362 366 367 368 369 371 374]] [25 [375 378 381 382 384 386]] [26 [391 395 396 397 400 402 404]] [27 [405 409 410 412 413 418]] [28 [421 424 425 430 433]] [29 [438 439 440 441 442 446]] [30 [450 454 455 457 458 463 464]] [31 [465 466 467 468 469 470 474 475 479]] [32 [480 482 483 484 486 487 492]] [33 [495 496 497 498 501 504 505]] [34 [510 511 512 513 520 523 524]] [35 [526 527 528 529 530 535 536 539]] [36 [541 545 546 547 550 551]] [37 [555 556 557 558 561 565 566]] [38 [573 575 577 578 579 583]] [39 [586 587 588 590 592 594 595 597 599]] [40 [600 604 606 608 610 611 613]] [41 [615 620 621 622 624 626 628 629]] [42 [633 635 636 639 640 641 642]] [43 [645 650 652 653 657]] [44 [660 663 670 671 672]] [45 [675 676 677 681 682 683 686]] [46 [690 692 694 695 702 703]] [47 [705 707 709 710 711 713 714 718]] [48 [721 723 727 728 731 734]] [49 [735 736 739 745 746 748 749]] [50 [752 753 755 757 758 759 764]] [51 [766 768 773 774 775 778 779]] [52 [784 785 786 787 790 792]] [53 [798 802 803 804 806 807 808 809]] [54 [811 813 816 817 819 822]] [55 [827 829 830 834 835]] [56 [841 842 843 844 849 853 854]] [57 [855 859 860 863 865 866 867]] [58 [870 871 872 874 875 877 882 884]] [59 [885 886 887 893 894 895 897 899]] [60 [903 904 905 906 907 913 914]] [61 [922 923 925 927 929]] [62 [930 931 934 935 936 938 939 941]] [63 [948 949 954 955 957 958 959]] [64 [960 961 963 964 968 971 972]] [65 [976 978 980 981 982 983 984 986 988 989]] [66 [991 992 994 998 1000 1001]] [67 [1005 1006 1009 1010 1011 1013 1017 1019]] [68 [1020 1022 1024 1025 1028 1032 1034]] [69 [1036 1037 1042 1043 1044 1047 1049]] [70 [1050 1052 1054 1056 1058 1060 1063]] [71 [1065 1067 1068 1070 1071 1073 1076 1077]] [72 [1081 1083 1084 1086 1087 1088 1093]] [73 [1095 1098 1100 1101 1103 1107 1109]] [74 [1110 1113 1114 1115 1118 1119 1124]] [75 [1130 1131 1132 1133 1134 1136 1138]] [76 [1142 1146 1147 1149 1151 1152]] [77 [1155 1156 1158 1161 1163 1164 1165]] [78 [1174 1175 1176 1178 1179 1180 1182 1184]] [79 [1185 1186 1189 1190 1191 1192 1197 1199]] [80 [1200 1203 1204 1206 1207 1212 1213]] [81 [1215 1216 1217 1221 1223 1224 1228]] [82 [1231 1235 1237 1238 1239 1240 1243]] [83 [1247 1248 1251 1253 1255 1256 1258]] [84 [1263 1265 1266 1267 1269 1272 1273]] [85 [1276 1277 1280 1281 1283 1285 1287]] [86 [1290 1291 1292 1295 1297 1301 1302]] [87 [1307 1308 1309 1311 1312 1313 1315]] [88 [1321 1322 1324 1326 1328 1330 1332 1334]] [89 [1337 1338 1340 1341 1343 1344 1346 1349]] [90 [1351 1354 1355 1357 1359 1360 1361 1363]] [91 [1365 1368 1370 1372 1373 1377 1379]] [92 [1382 1383 1384 1387 1388 1389 1390 1394]] [93 [1395 1399 1401 1402 1403 1404 1407 1408]] [94 [1411 1413 1415 1416 1417 1421 1424]] [95 [1425 1432 1434 1437 1438]] [96 [1441 1444 1445 1446 1448 1449 1451]] [97 [1457 1459 1460 1462 1463 1465 1467]] [98 [1472 1473 1476 1478 1479 1480 1484]] [99 [1487 1489 1493 1495 1496 1497 1498 1499]]]",,"[[{media 51} [[""A"" [2 2 2 2 2 2 2 2 2 2]]]] [{media 52} [[""A"" [4 4 4 4 4 4 4 4 4 4]]]] [{media 53} [[""A"" [4 4 4 4 4 4 4 4 4 4]]]] [{media 54} [[""A"" [5 5 5 5 5 5 5 5 5 5]]]] [{media 55} [[""A"" [2 2 2 2 2 2 2 2 2 2]]]] [{media 57} [[""A"" [5 5 5 5 5 5 5 5 5 5]]]] [{media 59} [[""A"" [5 5 5 5 5 5 5 5 5 5]]]] [{media 60} [[""A"" [3 3 3 3 3 3 3 3 3 3]]]] [{media 61} [[""A"" [6 6 6 6 6 6 6 6 6 6]]]] [{media 62} [[""A"" [5 5 5 5 5 5 5 5 5 5]]]] [{media 50} [[""A"" [1 1 1 1 1 1 1 1 1 1]]]] [{citizen 13} [[""A"" [2 0 2 1 1 1 1 1 2 0]]]] [{citizen 36} [[""A"" [4 3 2 1 3 5 5 5 4 0]]]] [{citizen 4} [[""A"" [2 1 1 1 3 4 4 3 2 0]]]] [{citizen 8} [[""A"" [4 5 5 3 1 6 4 4 1 2]]]] [{citizen 15} [[""A"" [3 1 1 2 4 1 2 0 2 1]]]] [{media 63} [[""A"" [1 1 1 1 1 1 1 1 1 1]]]] [{citizen 0} [[""A"" [4 5 6 5 5 1 0 1 0 0]]]] [{media 58} [[""A"" [0 0 0 0 0 0 0 0 0 0]]]] [{citizen 3} [[""A"" [3 2 2 1 1 3 1 5 6 4]]]] [{media 56} [[""A"" [1 1 1 1 1 1 1 1 1 1]]]] [{citizen 1} [[""A"" [3 1 1 1 4 2 1 5 4 0]]]] [{citizen 6} [[""A"" [3 1 1 1 1 5 4 3 2 0]]]] [{citizen 7} [[""A"" [5 3 2 1 1 1 3 4 4 0]]]] [{citizen 14} [[""A"" [5 5 1 2 1 1 1 3 4 5]]]] [{media 64} [[""A"" [1 1 1 1 1 1 1 1 1 1]]]] [{citizen 38} [[""A"" [1 1 3 1 1 1 3 5 6 0]]]] [{citizen 41} [[""A"" [2 1 1 2 3 1 1 1 5 5]]]] [{citizen 17} [[""A"" [5 5 0 1 2 1 1 4 1 3]]]] [{citizen 12} [[""A"" [1 0 1 1 1 1 3 1 1 3]]]] [{citizen 29} [[""A"" [5 3 1 1 1 6 1 5 2 0]]]] [{citizen 31} [[""A"" [1 2 1 1 1 1 3 1 1 0]]]] [{citizen 25} [[""A"" [3 1 3 1 1 2 1 1 2 0]]]] [{citizen 20} [[""A"" [1 1 1 0 4 5 3 5 4 5]]]] [{citizen 23} [[""A"" [0 1 1 1 1 3 1 3 5 6]]]] [{citizen 16} [[""A"" [3 1 1 1 1 1 2 3 6 5]]]] [{citizen 34} [[""A"" [3 2 3 1 1 1 1 3 5 4]]]] [{citizen 42} [[""A"" [2 1 1 1 1 4 2 1 2 0]]]] [{citizen 11} [[""A"" [5 4 1 1 1 3 5 6 4 2]]]] [{citizen 33} [[""A"" [5 5 2 0 1 1 1 1 2 0]]]] [{citizen 39} [[""A"" [0 1 1 1 1 3 2 4 2 0]]]] [{citizen 45} [[""A"" [5 3 2 1 1 1 0 1 0 1]]]] [{citizen 24} [[""A"" [1 1 1 1 3 5 4 1 1 0]]]] [{citizen 28} [[""A"" [3 1 1 0 1 4 3 5 6 4]]]] [{citizen 5} [[""A"" [3 4 5 5 1 1 1 1 2 0]]]] [{citizen 40} [[""A"" [1 1 4 5 4 3 2 1 0 2]]]] [{citizen 43} [[""A"" [1 1 2 3 1 1 3 1 5 6]]]] [{citizen 10} [[""A"" [5 1 1 1 1 1 1 2 2 0]]]] [{citizen 21} [[""A"" [3 3 1 1 3 5 1 1 3 2]]]] [{citizen 19} [[""A"" [1 3 5 4 1 5 6 4 2 0]]]] [{citizen 2} [[""A"" [1 1 2 3 1 1 1 5 2 0]]]] [{citizen 30} [[""A"" [1 1 0 2 1 1 1 2 1 0]]]] [{citizen 18} [[""A"" [5 5 5 4 4 5 6 5 4 1]]]] [{citizen 44} [[""A"" [2 3 1 2 1 3 1 1 2 6]]]] [{citizen 49} [[""A"" [4 5 2 1 1 1 2 1 3 0]]]] [{citizen 22} [[""A"" [1 0 1 2 4 5 6 5 4 0]]]] [{citizen 9} [[""A"" [4 5 4 3 1 2 4 2 1 0]]]] [{citizen 35} [[""A"" [5 3 5 4 5 3 1 2 1 3]]]] [{citizen 27} [[""A"" [1 3 1 1 1 3 4 1 3 0]]]] [{citizen 37} [[""A"" [5 5 4 1 1 1 1 1 4 2]]]] [{citizen 47} [[""A"" [1 2 0 1 1 1 1 1 2 1]]]] [{citizen 46} [[""A"" [1 0 2 1 1 1 1 3 1 3]]]] [{citizen 32} [[""A"" [5 4 5 4 1 3 4 3 4 0]]]] [{citizen 26} [[""A"" [1 1 1 1 2 1 2 1 3 0]]]]]"
"49","[213 0 42]","356.25","0.5694711784711236","5.193192913985195","""circle""","""""","9.9","{breed citizens}","false","0.5","1","""up""",,"[[""ID"" 49] [""alpha"" 1] [""beta"" 1] [""malleable"" [""A""]] [""prior"" []] [""cont_tokens"" []] [""A"" 1]]","[[0 [0 1 2 3 4 5 6 7 8 9 10 11 12 13 14]] [1 [15 16 17 18 19 20 21 22 23 24 25 27 28]] [2 [30 31 32 33 34 35 36 37 38 39 40 41 42 43 44]] [3 [45 46 47 48 49 50 51 52 53 54 55 56 57 58]] [4 [60 61 62 63 64 65 66 67 68 69 70 71 72 73 74]] [5 [75 76 77 78 79 80 81 82 83 84 85 86 87 88 89]] [6 [90 91 92 93 94 95 96 97 98 99 100 101 102 103 104]] [7 [105 106 107 108 109 110 111 112 113 114 115 116 117 118 119]] [8 [120 121 122 123 124 125 126 127 128 129 130 131 132 134]] [9 [136 137 138 139 142 145 146 147 149]] [10 [150 151 152 153 154 155 156 158 159 160 161 162 163 164]] [11 [166 167 169 170 171 172 173 174 175 176 177 178 179]] [12 [180 181 182 183 184 185 186 187 188 189 190 191 192 193 194]] [13 [195 196 197 198 199 200 201 202 203 204 205 206 207 208 209]] [14 [210 211 212 213 214 215 216 217 218 219 220 221 222 223 224]] [15 [225 226 227 228 229 230 231 232 233 234 235 236 237 238 239]] [16 [240 241 242 243 244 245 246 247 248 249 250 251 252 253 254]] [17 [255 256 257 258 259 260 261 262 263 264 265 266 267 268 269]] [18 [270 271 272 273 274 275 276 277 278 279 280 281 282 283 284]] [19 [285 286 287 288 289 290 291 292 293 294 295 296 297 298 299]] [20 [300 301 302 303 304 305 306 307 309 310 311 312 313 314]] [21 [315 316 317 318 319 320 321 322 323 324 325 326 327 328 329]] [22 [330 331 332 333 334 335 336 337 338 339 340 341 342 343 344]] [23 [345 346 347 348 349 350 351 352 353 354 355 356 357 358]] [24 [361 362 366 367 368 369 371 374]] [25 [375 376 377 378 379 380 381 382 383 384 385 386 387 388 389]] [26 [390 391 392 393 394 395 396 397 398 399 400 401 402 403 404]] [27 [405 406 407 408 409 410 411 412 413 414 415 416 417 418 419]] [28 [420 421 422 423 424 425 426 427 428 429 430 431 432 433 434]] [29 [435 436 437 438 439 440 441 442 443 444 445 446 447 448 449]] [30 [450 451 452 453 454 455 456 457 458 459 460 461 462 463 464]] [31 [465 466 467 468 469 470 471 472 473 474 475 476 477 478 479]] [32 [480 481 482 483 484 485 486 487 488 489 490 491 492 493 494]] [33 [495 496 497 498 501 504 505 509]] [34 [510 511 512 513 514 515 516 517 518 519 520 521 522 523 524]] [35 [525 526 527 528 529 530 531 532 533 534 535 536 537 538 539]] [36 [540 541 542 543 544 545 546 547 548 549 550 551 552 553 554]] [37 [555 556 557 558 559 560 561 562 563 564 565 566 567 568 569]] [38 [570 571 572 573 574 575 576 577 578 579 580 581 582 583 584]] [39 [585 586 587 588 589 590 591 592 593 594 595 596 597 598 599]] [40 [600 601 602 603 604 605 606 607 608 609 610 611 612 613 614]] [41 [615 616 617 618 619 620 621 622 624 625 626 627 628 629]] [42 [630 631 632 633 634 635 636 637 638 639 640 641 642 643 644]] [43 [645 646 647 648 649 650 651 652 653 654 655 656 657 658 659]] [44 [660 661 662 663 664 665 666 667 668 669 670 671 672 673 674]] [45 [675 676 677 678 679 680 681 682 683 684 685 686 687 688 689]] [46 [690 691 692 693 694 695 696 697 698 699 700 701 702 703 704]] [47 [705 706 707 708 709 710 711 712 713 714 715 716 717 718 719]] [48 [720 721 722 723 724 725 726 727 728 729 730 731 732 733 734]] [49 [735 736 737 738 739 740 741 742 743 744 745 746 747 748 749]] [50 [750 751 752 753 755 757 758 759 760 761 762 763 764]] [51 [765 766 767 768 769 770 771 772 773 774 775 776 777 778 779]] [52 [780 781 782 783 784 785 786 787 788 789 790 791 792 793 794]] [53 [795 796 797 798 799 800 801 802 803 804 805 806 807 808 809]] [54 [810 811 812 813 814 815 816 817 818 819 820 821 822 824]] [55 [826 827 828 829 830 831 832 833 834 835 836 837 838 839]] [56 [840 841 842 843 844 845 846 847 848 849 850 851 852 853 854]] [57 [855 856 857 858 859 860 861 862 863 864 865 866 867 868 869]] [58 [870 871 872 873 874 875 876 877 878 879 881 882 883 884]] [59 [885 886 887 888 889 890 891 892 893 894 895 896 897 898 899]] [60 [900 901 902 903 904 905 906 907 908 909 910 911 912 913 914]] [61 [915 916 917 918 919 922 923 925 927 928 929]] [62 [930 931 934 935 936 938 939 941]] [63 [948 949 951 954 955 957 958 959]] [64 [960 961 963 964 968 969 971 972]] [65 [975 976 977 978 980 981 982 983 984 985 986 987 988 989]] [66 [990 991 992 993 994 995 996 997 998 999 1000 1001 1002 1003 1004]] [67 [1005 1006 1007 1008 1009 1010 1011 1012 1013 1014 1015 1016 1017 1018 1019]] [68 [1020 1022 1024 1025 1026 1027 1028 1029 1030 1031 1032 1033 1034]] [69 [1035 1036 1037 1038 1039 1040 1041 1042 1043 1044 1045 1046 1047 1048 1049]] [70 [1050 1051 1052 1053 1054 1055 1056 1057 1058 1059 1060 1061 1062 1063 1064]] [71 [1065 1066 1067 1068 1069 1070 1071 1072 1073 1074 1075 1076 1077 1079]] [72 [1080 1081 1082 1083 1084 1086 1087 1088 1091 1093]] [73 [1095 1098 1099 1100 1101 1103 1107 1109]] [74 [1110 1111 1112 1113 1114 1115 1116 1117 1118 1119 1120 1122 1123 1124]] [75 [1125 1126 1127 1128 1129 1130 1131 1132 1133 1134 1135 1136 1137 1138 1139]] [76 [1140 1141 1142 1143 1144 1145 1146 1147 1148 1150 1151 1152 1153 1154]] [77 [1155 1156 1157 1158 1159 1160 1161 1162 1163 1164 1165 1166 1167 1168 1169]] [78 [1170 1171 1172 1173 1174 1175 1176 1177 1178 1179 1180 1181 1182 1183 1184]] [79 [1185 1186 1187 1188 1189 1190 1191 1192 1193 1194 1195 1196 1197 1198 1199]] [80 [1200 1201 1202 1203 1204 1205 1206 1207 1208 1209 1210 1211 1212 1213 1214]] [81 [1215 1216 1217 1218 1219 1220 1221 1222 1223 1224 1225 1226 1227 1228 1229]] [82 [1230 1231 1232 1233 1234 1235 1236 1237 1238 1239 1240 1241 1242 1243 1244]] [83 [1245 1246 1247 1248 1249 1250 1251 1252 1253 1254 1255 1256 1257 1258 1259]] [84 [1260 1261 1262 1263 1264 1265 1266 1267 1268 1269 1270 1271 1272 1273]] [85 [1275 1276 1277 1278 1279 1280 1281 1282 1283 1284 1285 1286 1287 1288]] [86 [1290 1291 1292 1293 1294 1295 1296 1297 1298 1299 1300 1301 1302 1303 1304]] [87 [1305 1306 1307 1308 1309 1310 1311 1312 1313 1314 1315 1316 1317 1318 1319]] [88 [1320 1321 1322 1323 1324 1325 1326 1327 1328 1329 1330 1331 1332 1333 1334]] [89 [1335 1336 1337 1338 1339 1340 1341 1342 1343 1344 1345 1346 1347 1348 1349]] [90 [1350 1351 1352 1353 1354 1355 1357 1359 1360 1361 1362 1363 1364]] [91 [1365 1366 1367 1368 1369 1370 1371 1372 1373 1374 1375 1376 1377 1378 1379]] [92 [1380 1381 1382 1383 1384 1385 1386 1387 1388 1389 1390 1391 1392 1393 1394]] [93 [1395 1396 1397 1398 1399 1400 1401 1402 1403 1404 1405 1406 1407 1408 1409]] [94 [1410 1411 1412 1413 1414 1415 1416 1417 1418 1419 1420 1421 1422 1423 1424]] [95 [1425 1427 1428 1429 1431 1432 1434 1437 1438 1439]] [96 [1440 1441 1442 1443 1444 1445 1446 1447 1448 1449 1450 1451 1452 1453 1454]] [97 [1455 1456 1457 1458 1459 1460 1461 1462 1463 1464 1465 1466 1467 1468 1469]] [98 [1470 1471 1472 1473 1474 1475 1476 1477 1478 1479 1480 1484]] [99 [1485 1486 1487 1488 1489 1490 1491 1492 1493 1494 1495 1496 1497 1498 1499]]]","[[0 [0 1 2 4 8 9 11]] [1 [16 18 20 21 24 25 27 28]] [2 [30 31 32 34 36 37 43]] [3 [45 46 47 48 49 50 52 58]] [4 [62 64 66 67 70 71 72]] [5 [75 79 80 81 82 83 85 88 89]] [6 [90 92 93 100 102 103]] [7 [107 108 109 111 112 117 119]] [8 [120 121 125 127 131 132 134]] [9 [136 137 138 139 142 146 147 149]] [10 [152 153 155 159 160 161 162 163 164]] [11 [166 167 170 171 172 174 177 178]] [12 [182 183 185 187 192 193]] [13 [195 196 198 201 204 206 207 208]] [14 [210 211 212 216 219 221]] [15 [226 230 231 233 234 237 239]] [16 [244 248 249 251 252 253]] [17 [256 257 258 263 266 267 268 269]] [18 [270 272 273 275 277 280 281]] [19 [285 287 288 289 291 294 299]] [20 [303 304 305 306 312 313 314]] [21 [315 316 318 320 324 327 329]] [22 [330 331 334 337 338 340 341 344]] [23 [345 347 348 349 351 353 354 357 358]] [24 [362 366 367 368 369 371 374]] [25 [376 379 380 383 385 388 389]] [26 [390 393 394 395 396 397 400 402 404]] [27 [407 409 410 412 413 419]] [28 [420 422 423 424 425 426 427 428 429 431 432 434]] [29 [436 437 443 444 447 448 449]] [30 [451 452 453 456 459 461 462]] [31 [467 468 469 470 474 475 479]] [32 [480 482 483 484 485 486 487 492]] [33 [495 496 497 498 501 504 505]] [34 [510 511 512 513 520 523 524]] [35 [526 527 531 532 534 536 538 539]] [36 [541 543 548 549 552 553 554]] [37 [559 560 562 563 566]] [38 [570 571 574 576 580 581 582]] [39 [588 590 594 595 597 599]] [40 [600 604 606 608 610 611 613]] [41 [615 620 621 622 624 626 628 629]] [42 [633 636 639 640 641 642 643]] [43 [646 647 648 650 652 653 657]] [44 [660 662 664 665 666 667 668 669 673 674]] [45 [675 676 677 681 683 686 687 688]] [46 [691 693 695 697 701 702 703]] [47 [705 707 709 710 713 714]] [48 [720 722 724 726 729 730 731 732 734]] [49 [735 736 739 745 746 748 749]] [50 [751 752 753 755 757 758 759 764]] [51 [767 769 770 771 772 776 777]] [52 [780 782 783 788 791 793 794]] [53 [795 796 797 799 800 801 805 808 809]] [54 [810 811 813 816 817 819 822]] [55 [826 827 828 829 830 834 835]] [56 [841 842 843 844 847 848 849 850 851 852]] [57 [856 857 858 861 864 868 869]] [58 [872 874 875 877 882]] [59 [885 886 888 889 892 896 898]] [60 [901 902 904 905 906 907 913 914]] [61 [922 923 925 927 929]] [62 [930 931 934 935 936 938 939 941]] [63 [948 949 954 955 958 959]] [64 [960 961 963 964 968 971 972]] [65 [976 978 980 981 982 983 987]] [66 [990 992 994 998 999 1000 1001]] [67 [1005 1006 1009 1010 1011 1013 1017 1019]] [68 [1020 1022 1024 1025 1028 1032 1034]] [69 [1036 1037 1042 1043 1044 1047 1049]] [70 [1050 1052 1054 1056 1058 1060 1062 1064]] [71 [1065 1067 1068 1070 1071 1073 1074 1075 1077]] [72 [1080 1081 1083 1084 1086 1087 1088 1093]] [73 [1095 1098 1099 1100 1101 1103 1107 1109]] [74 [1110 1113 1114 1115 1118 1119 1120 1122 1124]] [75 [1127 1128 1129 1135 1137 1139]] [76 [1140 1143 1144 1145 1148 1153 1154]] [77 [1157 1160 1162 1166 1167 1168 1169]] [78 [1170 1171 1172 1173 1175 1176 1178 1179 1180 1182 1184]] [79 [1185 1186 1193 1194 1195 1196 1198]] [80 [1201 1202 1205 1206 1207 1212 1213]] [81 [1215 1216 1217 1221 1223 1224 1228 1229]] [82 [1233 1234 1235 1237 1238 1240 1243]] [83 [1247 1248 1251 1253 1255 1256 1258]] [84 [1262 1263 1265 1266 1267 1269 1272 1273]] [85 [1275 1278 1279 1281 1283 1285 1286 1287]] [86 [1290 1291 1292 1293 1294 1296 1298 1300 1303 1304]] [87 [1305 1310 1314 1316 1317 1318 1319]] [88 [1320 1323 1325 1327 1329 1332 1334]] [89 [1337 1338 1340 1341 1344 1346 1349]] [90 [1351 1354 1355 1357 1359 1360 1362 1364]] [91 [1366 1367 1369 1371 1374 1375 1376 1378]] [92 [1380 1385 1386 1388 1389 1390 1391 1392 1393]] [93 [1396 1397 1398 1400 1405 1406]] [94 [1410 1412 1416 1417 1421 1424]] [95 [1425 1431 1432 1434 1437 1438]] [96 [1441 1444 1445 1446 1449 1451]] [97 [1457 1459 1460 1462 1463 1465 1467]] [98 [1473 1476 1478 1479 1480 1484]] [99 [1487 1489 1493 1495 1496 1497 1499]]]",,"[[{media 52} [[""A"" [4 4 4 4 4 4 4 4 4 4]]]] [{media 53} [[""A"" [4 4 4 4 4 4 4 4 4 4]]]] [{media 54} [[""A"" [5 5 5 5 5 5 5 5 5 5]]]] [{media 57} [[""A"" [5 5 5 5 5 5 5 5 5 5]]]] [{media 59} [[""A"" [5 5 5 5 5 5 5 5 5 5]]]] [{media 60} [[""A"" [3 3 3 3 3 3 3 3 3 3]]]] [{media 61} [[""A"" [6 6 6 6 6 6 6 6 6 6]]]] [{media 62} [[""A"" [5 5 5 5 5 5 5 5 5 5]]]] [{media 51} [[""A"" [2 2 2 2 2 2 2 2 2 2]]]] [{citizen 4} [[""A"" [1 3 4 4 3 2 1 0 2 1]]]] [{citizen 5} [[""A"" [5 3 0 0 1 1 2 1 2 1]]]] [{citizen 8} [[""A"" [3 1 1 6 4 4 2 1 2 1]]]] [{citizen 11} [[""A"" [4 1 2 1 5 5 4 2 1 1]]]] [{media 50} [[""A"" [1 1 1 1 1 1 1 1 1 1]]]] [{citizen 6} [[""A"" [1 2 1 0 1 4 5 3 2 1]]]] [{media 63} [[""A"" [1 1 1 1 1 1 1 1 1 1]]]] [{citizen 1} [[""A"" [0 1 4 2 1 5 4 2 1 0]]]] [{citizen 0} [[""A"" [1 1 0 0 1 4 2 2 0 1]]]] [{media 58} [[""A"" [0 0 0 0 0 0 0 0 0 0]]]] [{citizen 3} [[""A"" [5 3 2 2 1 2 1 2 5 4]]]] [{media 56} [[""A"" [1 1 1 1 1 1 1 1 1 1]]]] [{media 55} [[""A"" [2 2 2 2 2 2 2 2 2 2]]]] [{media 64} [[""A"" [1 1 1 1 1 1 1 1 1 1]]]] [{citizen 38} [[""A"" [1 1 2 1 3 5 5 4 0 1]]]] [{citizen 41} [[""A"" [1 1 3 2 1 2 1 4 1 5]]]] [{citizen 17} [[""A"" [2 2 1 0 1 4 2 1 3 4]]]] [{citizen 12} [[""A"" [1 2 3 1 1 2 3 5 4 5]]]] [{citizen 29} [[""A"" [1 4 1 2 1 5 4 2 1 1]]]] [{citizen 14} [[""A"" [2 1 1 1 4 2 1 3 4 5]]]] [{citizen 31} [[""A"" [1 2 1 4 1 2 1 2 1 1]]]] [{citizen 13} [[""A"" [0 2 2 0 1 1 1 2 1 1]]]] [{citizen 25} [[""A"" [5 4 3 1 3 1 2 1 1 2]]]] [{citizen 20} [[""A"" [2 1 2 0 1 4 3 5 4 5]]]] [{citizen 23} [[""A"" [0 1 2 4 4 2 1 3 5 5]]]] [{citizen 16} [[""A"" [2 1 2 1 1 2 4 2 3 5]]]] [{citizen 34} [[""A"" [1 3 1 2 0 1 1 3 5 4]]]] [{citizen 42} [[""A"" [1 2 1 4 4 2 1 2 1 1]]]] [{citizen 33} [[""A"" [5 2 0 2 1 1 2 2 0 1]]]] [{citizen 7} [[""A"" [3 0 2 1 2 1 4 4 2 1]]]] [{citizen 15} [[""A"" [1 2 4 2 1 2 1 0 2 1]]]] [{citizen 36} [[""A"" [5 3 1 1 5 5 5 4 2 1]]]] [{citizen 39} [[""A"" [1 2 1 1 2 4 2 2 1 1]]]] [{citizen 45} [[""A"" [2 1 1 0 1 2 2 1 0 1]]]] [{citizen 24} [[""A"" [1 2 1 2 3 4 1 1 2 1]]]] [{citizen 28} [[""A"" [1 2 0 1 4 3 5 6 5 4]]]] [{citizen 40} [[""A"" [1 2 4 4 3 2 1 0 2 1]]]] [{citizen 43} [[""A"" [1 1 3 1 1 4 1 5 6 5]]]] [{citizen 10} [[""A"" [2 1 1 1 2 2 1 0 2 1]]]] [{citizen 21} [[""A"" [1 3 2 1 3 4 1 3 2 1]]]] [{citizen 19} [[""A"" [4 4 2 1 5 4 2 1 0 1]]]] [{citizen 2} [[""A"" [2 3 2 1 2 4 2 2 0 1]]]] [{citizen 30} [[""A"" [1 0 2 1 2 1 2 1 0 1]]]] [{citizen 27} [[""A"" [1 3 1 2 1 4 2 1 0 1]]]] [{citizen 18} [[""A"" [5 4 4 5 5 4 2 1 2 5]]]] [{citizen 44} [[""A"" [3 1 2 3 1 1 2 5 5 4]]]] [{citizen 22} [[""A"" [1 2 4 2 5 5 4 2 1 1]]]] [{citizen 9} [[""A"" [1 2 0 1 1 4 2 2 1 0]]]] [{citizen 48} [[""A"" [1 1 2 1 1 2 1 1 2 1]]]] [{citizen 35} [[""A"" [5 4 5 3 1 2 1 4 3 4]]]] [{citizen 37} [[""A"" [5 4 1 2 1 2 0 4 2 2]]]] [{citizen 32} [[""A"" [1 1 4 4 2 3 4 2 1 1]]]] [{citizen 26} [[""A"" [1 2 1 2 1 3 1 1 0 1]]]] [{citizen 47} [[""A"" [1 2 0 1 4 2 1 1 2 1]]]] [{citizen 46} [[""A"" [1 0 2 1 2 1 1 1 3 4]]]]]"
"50","[213 0 42]","300","6.056618047081816","9.92294267408116","""box""","""""","9.9","{breed medias}","false","1","1","""up""","0","[[""ID"" 60] [""alpha"" 1] [""beta"" 1] [""malleable"" [""A""]] [""prior"" []] [""cont_tokens"" []] [""A"" 1]]","[]","[]","[[2 [[""A"" 1]]] [23 [[""A"" 1]]] [31 [[""A"" 1]]] [57 [[""A"" 1]]] [72 [[""A"" 1]]] [79 [[""A"" 1]]] [95 [[""A"" 1]]] [114 [[""A"" 1]]] [124 [[""A"" 1]]] [144 [[""A"" 1]]] [156 [[""A"" 1]]] [170 [[""A"" 1]]] [186 [[""A"" 1]]] [197 [[""A"" 1]]] [215 [[""A"" 1]]] [228 [[""A"" 1]]] [240 [[""A"" 1]]] [265 [[""A"" 1]]] [282 [[""A"" 1]]] [286 [[""A"" 1]]] [309 [[""A"" 1]]] [323 [[""A"" 1]]] [332 [[""A"" 1]]] [349 [[""A"" 1]]] [373 [[""A"" 1]]] [378 [[""A"" 1]]] [391 [[""A"" 1]]] [413 [[""A"" 1]]] [423 [[""A"" 1]]] [446 [[""A"" 1]]] [450 [[""A"" 1]]] [469 [[""A"" 1]]] [485 [[""A"" 1]]] [496 [[""A"" 1]]] [511 [[""A"" 1]]] [537 [[""A"" 1]]] [542 [[""A"" 1]]] [565 [[""A"" 1]]] [577 [[""A"" 1]]] [596 [[""A"" 1]]] [605 [[""A"" 1]]] [625 [[""A"" 1]]] [630 [[""A"" 1]]] [657 [[""A"" 1]]] [671 [[""A"" 1]]] [683 [[""A"" 1]]] [702 [[""A"" 1]]] [705 [[""A"" 1]]] [722 [[""A"" 1]]] [744 [[""A"" 1]]] [759 [[""A"" 1]]] [767 [[""A"" 1]]] [791 [[""A"" 1]]] [796 [[""A"" 1]]] [813 [[""A"" 1]]] [827 [[""A"" 1]]] [853 [[""A"" 1]]] [866 [[""A"" 1]]] [877 [[""A"" 1]]] [892 [[""A"" 1]]] [912 [[""A"" 1]]] [924 [[""A"" 1]]] [940 [[""A"" 1]]] [945 [[""A"" 1]]] [965 [[""A"" 1]]] [984 [[""A"" 1]]] [1000 [[""A"" 1]]] [1006 [[""A"" 1]]] [1031 [[""A"" 1]]] [1048 [[""A"" 1]]] [1057 [[""A"" 1]]] [1075 [[""A"" 1]]] [1093 [[""A"" 1]]] [1103 [[""A"" 1]]] [1117 [[""A"" 1]]] [1138 [[""A"" 1]]] [1152 [[""A"" 1]]] [1156 [[""A"" 1]]] [1179 [[""A"" 1]]] [1195 [[""A"" 1]]] [1210 [[""A"" 1]]] [1220 [[""A"" 1]]] [1244 [[""A"" 1]]] [1249 [[""A"" 1]]] [1264 [[""A"" 1]]] [1282 [[""A"" 1]]] [1300 [[""A"" 1]]] [1318 [[""A"" 1]]] [1323 [[""A"" 1]]] [1337 [[""A"" 1]]] [1356 [[""A"" 1]]] [1365 [[""A"" 1]]] [1384 [[""A"" 1]]] [1397 [[""A"" 1]]] [1418 [[""A"" 1]]] [1426 [[""A"" 1]]] [1451 [[""A"" 1]]] [1460 [[""A"" 1]]] [1473 [[""A"" 1]]] [1496 [[""A"" 1]]]]",
"51","[170 0 85]","342","2.9401695592915686","10.986404195782292","""box""","""""","9.9","{breed medias}","false","1","1","""up""","0","[[""ID"" 53] [""alpha"" 1] [""beta"" 1] [""malleable"" [""A""]] [""prior"" []] [""cont_tokens"" []] [""A"" 2]]","[]","[]","[[1 [[""A"" 2]]] [25 [[""A"" 2]]] [34 [[""A"" 2]]] [54 [[""A"" 2]]] [69 [[""A"" 2]]] [83 [[""A"" 2]]] [94 [[""A"" 2]]] [106 [[""A"" 2]]] [129 [[""A"" 2]]] [140 [[""A"" 2]]] [154 [[""A"" 2]]] [172 [[""A"" 2]]] [191 [[""A"" 2]]] [202 [[""A"" 2]]] [222 [[""A"" 2]]] [236 [[""A"" 2]]] [242 [[""A"" 2]]] [268 [[""A"" 2]]] [272 [[""A"" 2]]] [290 [[""A"" 2]]] [311 [[""A"" 2]]] [322 [[""A"" 2]]] [336 [[""A"" 2]]] [351 [[""A"" 2]]] [372 [[""A"" 2]]] [381 [[""A"" 2]]] [395 [[""A"" 2]]] [405 [[""A"" 2]]] [424 [[""A"" 2]]] [441 [[""A"" 2]]] [463 [[""A"" 2]]] [465 [[""A"" 2]]] [482 [[""A"" 2]]] [495 [[""A"" 2]]] [510 [[""A"" 2]]] [533 [[""A"" 2]]] [545 [[""A"" 2]]] [558 [[""A"" 2]]] [578 [[""A"" 2]]] [585 [[""A"" 2]]] [614 [[""A"" 2]]] [619 [[""A"" 2]]] [643 [[""A"" 2]]] [650 [[""A"" 2]]] [674 [[""A"" 2]]] [686 [[""A"" 2]]] [695 [[""A"" 2]]] [711 [[""A"" 2]]] [729 [[""A"" 2]]] [743 [[""A"" 2]]] [757 [[""A"" 2]]] [776 [[""A"" 2]]] [794 [[""A"" 2]]] [805 [[""A"" 2]]] [819 [[""A"" 2]]] [829 [[""A"" 2]]] [842 [[""A"" 2]]] [863 [[""A"" 2]]] [882 [[""A"" 2]]] [885 [[""A"" 2]]] [910 [[""A"" 2]]] [917 [[""A"" 2]]] [942 [[""A"" 2]]] [947 [[""A"" 2]]] [962 [[""A"" 2]]] [988 [[""A"" 2]]] [992 [[""A"" 2]]] [1011 [[""A"" 2]]] [1027 [[""A"" 2]]] [1039 [[""A"" 2]]] [1062 [[""A"" 2]]] [1077 [[""A"" 2]]] [1086 [[""A"" 2]]] [1098 [[""A"" 2]]] [1110 [[""A"" 2]]] [1132 [[""A"" 2]]] [1150 [[""A"" 2]]] [1163 [[""A"" 2]]] [1178 [[""A"" 2]]] [1185 [[""A"" 2]]] [1208 [[""A"" 2]]] [1226 [[""A"" 2]]] [1231 [[""A"" 2]]] [1252 [[""A"" 2]]] [1269 [[""A"" 2]]] [1280 [[""A"" 2]]] [1293 [[""A"" 2]]] [1314 [[""A"" 2]]] [1332 [[""A"" 2]]] [1344 [[""A"" 2]]] [1353 [[""A"" 2]]] [1375 [[""A"" 2]]] [1383 [[""A"" 2]]] [1398 [[""A"" 2]]] [1423 [[""A"" 2]]] [1439 [[""A"" 2]]] [1449 [[""A"" 2]]] [1462 [[""A"" 2]]] [1476 [[""A"" 2]]] [1498 [[""A"" 2]]]]",
"52","[85 0 170]","178","9.350369927095947","9.859024295204733","""box""","""""","9.9","{breed medias}","false","1","1","""up""","0","[[""ID"" 61] [""alpha"" 1] [""beta"" 1] [""malleable"" [""A""]] [""prior"" []] [""cont_tokens"" []] [""A"" 4]]","[]","[]","[[5 [[""A"" 4]]] [24 [[""A"" 4]]] [39 [[""A"" 4]]] [46 [[""A"" 4]]] [64 [[""A"" 4]]] [77 [[""A"" 4]]] [90 [[""A"" 4]]] [117 [[""A"" 4]]] [131 [[""A"" 4]]] [146 [[""A"" 4]]] [153 [[""A"" 4]]] [169 [[""A"" 4]]] [193 [[""A"" 4]]] [207 [[""A"" 4]]] [212 [[""A"" 4]]] [239 [[""A"" 4]]] [249 [[""A"" 4]]] [267 [[""A"" 4]]] [273 [[""A"" 4]]] [291 [[""A"" 4]]] [313 [[""A"" 4]]] [320 [[""A"" 4]]] [338 [[""A"" 4]]] [354 [[""A"" 4]]] [374 [[""A"" 4]]] [388 [[""A"" 4]]] [394 [[""A"" 4]]] [416 [[""A"" 4]]] [426 [[""A"" 4]]] [436 [[""A"" 4]]] [461 [[""A"" 4]]] [467 [[""A"" 4]]] [491 [[""A"" 4]]] [499 [[""A"" 4]]] [515 [[""A"" 4]]] [535 [[""A"" 4]]] [541 [[""A"" 4]]] [559 [[""A"" 4]]] [576 [[""A"" 4]]] [594 [[""A"" 4]]] [611 [[""A"" 4]]] [620 [[""A"" 4]]] [633 [[""A"" 4]]] [659 [[""A"" 4]]] [662 [[""A"" 4]]] [687 [[""A"" 4]]] [693 [[""A"" 4]]] [706 [[""A"" 4]]] [731 [[""A"" 4]]] [748 [[""A"" 4]]] [752 [[""A"" 4]]] [773 [[""A"" 4]]] [787 [[""A"" 4]]] [804 [[""A"" 4]]] [814 [[""A"" 4]]] [837 [[""A"" 4]]] [850 [[""A"" 4]]] [861 [[""A"" 4]]] [878 [[""A"" 4]]] [891 [[""A"" 4]]] [907 [[""A"" 4]]] [919 [[""A"" 4]]] [936 [[""A"" 4]]] [957 [[""A"" 4]]] [964 [[""A"" 4]]] [987 [[""A"" 4]]] [990 [[""A"" 4]]] [1019 [[""A"" 4]]] [1034 [[""A"" 4]]] [1042 [[""A"" 4]]] [1060 [[""A"" 4]]] [1065 [[""A"" 4]]] [1091 [[""A"" 4]]] [1104 [[""A"" 4]]] [1113 [[""A"" 4]]] [1126 [[""A"" 4]]] [1148 [[""A"" 4]]] [1169 [[""A"" 4]]] [1170 [[""A"" 4]]] [1188 [[""A"" 4]]] [1213 [[""A"" 4]]] [1215 [[""A"" 4]]] [1235 [[""A"" 4]]] [1248 [[""A"" 4]]] [1266 [[""A"" 4]]] [1281 [[""A"" 4]]] [1292 [[""A"" 4]]] [1311 [[""A"" 4]]] [1333 [[""A"" 4]]] [1339 [[""A"" 4]]] [1360 [[""A"" 4]]] [1374 [[""A"" 4]]] [1390 [[""A"" 4]]] [1401 [[""A"" 4]]] [1424 [[""A"" 4]]] [1434 [[""A"" 4]]] [1445 [[""A"" 4]]] [1468 [[""A"" 4]]] [1475 [[""A"" 4]]] [1492 [[""A"" 4]]]]",
"53","[85 0 170]","295","6.705619035735072","14.405744869481467","""box""","""""","9.9","{breed medias}","false","1","1","""up""","0","[[""ID"" 51] [""alpha"" 1] [""beta"" 1] [""malleable"" [""A""]] [""prior"" []] [""cont_tokens"" []] [""A"" 4]]","[]","[]","[[0 [[""A"" 4]]] [20 [[""A"" 4]]] [42 [[""A"" 4]]] [47 [[""A"" 4]]] [73 [[""A"" 4]]] [89 [[""A"" 4]]] [98 [[""A"" 4]]] [108 [[""A"" 4]]] [125 [[""A"" 4]]] [145 [[""A"" 4]]] [162 [[""A"" 4]]] [175 [[""A"" 4]]] [180 [[""A"" 4]]] [196 [[""A"" 4]]] [224 [[""A"" 4]]] [231 [[""A"" 4]]] [251 [[""A"" 4]]] [266 [[""A"" 4]]] [280 [[""A"" 4]]] [299 [[""A"" 4]]] [304 [[""A"" 4]]] [327 [[""A"" 4]]] [330 [[""A"" 4]]] [353 [[""A"" 4]]] [367 [[""A"" 4]]] [379 [[""A"" 4]]] [403 [[""A"" 4]]] [414 [[""A"" 4]]] [434 [[""A"" 4]]] [448 [[""A"" 4]]] [456 [[""A"" 4]]] [478 [[""A"" 4]]] [488 [[""A"" 4]]] [509 [[""A"" 4]]] [522 [[""A"" 4]]] [530 [[""A"" 4]]] [552 [[""A"" 4]]] [563 [[""A"" 4]]] [571 [[""A"" 4]]] [592 [[""A"" 4]]] [608 [[""A"" 4]]] [626 [[""A"" 4]]] [642 [[""A"" 4]]] [655 [[""A"" 4]]] [667 [[""A"" 4]]] [685 [[""A"" 4]]] [704 [[""A"" 4]]] [715 [[""A"" 4]]] [727 [[""A"" 4]]] [745 [[""A"" 4]]] [755 [[""A"" 4]]] [774 [[""A"" 4]]] [792 [[""A"" 4]]] [808 [[""A"" 4]]] [815 [[""A"" 4]]] [836 [[""A"" 4]]] [848 [[""A"" 4]]] [857 [[""A"" 4]]] [884 [[""A"" 4]]] [893 [[""A"" 4]]] [906 [[""A"" 4]]] [927 [[""A"" 4]]] [935 [[""A"" 4]]] [948 [[""A"" 4]]] [960 [[""A"" 4]]] [982 [[""A"" 4]]] [1004 [[""A"" 4]]] [1008 [[""A"" 4]]] [1028 [[""A"" 4]]] [1043 [[""A"" 4]]] [1052 [[""A"" 4]]] [1073 [[""A"" 4]]] [1080 [[""A"" 4]]] [1096 [[""A"" 4]]] [1118 [[""A"" 4]]] [1128 [[""A"" 4]]] [1144 [[""A"" 4]]] [1160 [[""A"" 4]]] [1177 [[""A"" 4]]] [1187 [[""A"" 4]]] [1212 [[""A"" 4]]] [1216 [[""A"" 4]]] [1233 [[""A"" 4]]] [1258 [[""A"" 4]]] [1267 [[""A"" 4]]] [1287 [[""A"" 4]]] [1291 [[""A"" 4]]] [1308 [[""A"" 4]]] [1324 [[""A"" 4]]] [1349 [[""A"" 4]]] [1355 [[""A"" 4]]] [1376 [[""A"" 4]]] [1388 [[""A"" 4]]] [1403 [[""A"" 4]]] [1416 [[""A"" 4]]] [1431 [[""A"" 4]]] [1441 [[""A"" 4]]] [1466 [[""A"" 4]]] [1477 [[""A"" 4]]] [1486 [[""A"" 4]]]]",
"54","[43 0 212]","231","11.78972104992896","9.686040532888512","""box""","""""","9.9","{breed medias}","false","1","1","""up""","0","[[""ID"" 59] [""alpha"" 1] [""beta"" 1] [""malleable"" [""A""]] [""prior"" []] [""cont_tokens"" []] [""A"" 5]]","[]","[]","[[6 [[""A"" 5]]] [26 [[""A"" 5]]] [33 [[""A"" 5]]] [49 [[""A"" 5]]] [66 [[""A"" 5]]] [76 [[""A"" 5]]] [102 [[""A"" 5]]] [111 [[""A"" 5]]] [127 [[""A"" 5]]] [137 [[""A"" 5]]] [161 [[""A"" 5]]] [176 [[""A"" 5]]] [183 [[""A"" 5]]] [208 [[""A"" 5]]] [219 [[""A"" 5]]] [233 [[""A"" 5]]] [252 [[""A"" 5]]] [258 [[""A"" 5]]] [275 [[""A"" 5]]] [289 [[""A"" 5]]] [312 [[""A"" 5]]] [329 [[""A"" 5]]] [334 [[""A"" 5]]] [357 [[""A"" 5]]] [368 [[""A"" 5]]] [380 [[""A"" 5]]] [401 [[""A"" 5]]] [406 [[""A"" 5]]] [431 [[""A"" 5]]] [444 [[""A"" 5]]] [451 [[""A"" 5]]] [472 [[""A"" 5]]] [481 [[""A"" 5]]] [503 [[""A"" 5]]] [514 [[""A"" 5]]] [528 [[""A"" 5]]] [553 [[""A"" 5]]] [568 [[""A"" 5]]] [582 [[""A"" 5]]] [599 [[""A"" 5]]] [610 [[""A"" 5]]] [629 [[""A"" 5]]] [640 [[""A"" 5]]] [658 [[""A"" 5]]] [661 [[""A"" 5]]] [678 [[""A"" 5]]] [696 [[""A"" 5]]] [708 [[""A"" 5]]] [721 [[""A"" 5]]] [735 [[""A"" 5]]] [760 [[""A"" 5]]] [775 [[""A"" 5]]] [790 [[""A"" 5]]] [802 [[""A"" 5]]] [824 [[""A"" 5]]] [832 [[""A"" 5]]] [851 [[""A"" 5]]] [868 [[""A"" 5]]] [876 [[""A"" 5]]] [890 [[""A"" 5]]] [913 [[""A"" 5]]] [929 [[""A"" 5]]] [941 [[""A"" 5]]] [959 [[""A"" 5]]] [963 [[""A"" 5]]] [985 [[""A"" 5]]] [1002 [[""A"" 5]]] [1015 [[""A"" 5]]] [1022 [[""A"" 5]]] [1037 [[""A"" 5]]] [1063 [[""A"" 5]]] [1068 [[""A"" 5]]] [1090 [[""A"" 5]]] [1108 [[""A"" 5]]] [1111 [[""A"" 5]]] [1137 [[""A"" 5]]] [1153 [[""A"" 5]]] [1167 [[""A"" 5]]] [1171 [[""A"" 5]]] [1192 [[""A"" 5]]] [1207 [[""A"" 5]]] [1217 [[""A"" 5]]] [1237 [[""A"" 5]]] [1255 [[""A"" 5]]] [1263 [[""A"" 5]]] [1285 [[""A"" 5]]] [1295 [[""A"" 5]]] [1307 [[""A"" 5]]] [1326 [[""A"" 5]]] [1335 [[""A"" 5]]] [1359 [[""A"" 5]]] [1367 [[""A"" 5]]] [1394 [[""A"" 5]]] [1408 [[""A"" 5]]] [1413 [[""A"" 5]]] [1437 [[""A"" 5]]] [1453 [[""A"" 5]]] [1461 [[""A"" 5]]] [1483 [[""A"" 5]]] [1491 [[""A"" 5]]]]",
"55","[170 0 85]","17","12.918382404629707","14.637507324806354","""box""","""""","9.9","{breed medias}","false","1","1","""up""","0","[[""ID"" 54] [""alpha"" 1] [""beta"" 1] [""malleable"" [""A""]] [""prior"" []] [""cont_tokens"" []] [""A"" 2]]","[]","[]","[[11 [[""A"" 2]]] [18 [[""A"" 2]]] [36 [[""A"" 2]]] [45 [[""A"" 2]]] [71 [[""A"" 2]]] [81 [[""A"" 2]]] [104 [[""A"" 2]]] [116 [[""A"" 2]]] [128 [[""A"" 2]]] [147 [[""A"" 2]]] [163 [[""A"" 2]]] [177 [[""A"" 2]]] [184 [[""A"" 2]]] [209 [[""A"" 2]]] [213 [[""A"" 2]]] [225 [[""A"" 2]]] [245 [[""A"" 2]]] [261 [[""A"" 2]]] [279 [[""A"" 2]]] [292 [[""A"" 2]]] [302 [[""A"" 2]]] [319 [[""A"" 2]]] [333 [[""A"" 2]]] [347 [[""A"" 2]]] [363 [[""A"" 2]]] [375 [[""A"" 2]]] [397 [[""A"" 2]]] [409 [[""A"" 2]]] [425 [[""A"" 2]]] [435 [[""A"" 2]]] [464 [[""A"" 2]]] [468 [[""A"" 2]]] [483 [[""A"" 2]]] [505 [[""A"" 2]]] [512 [[""A"" 2]]] [526 [[""A"" 2]]] [546 [[""A"" 2]]] [557 [[""A"" 2]]] [584 [[""A"" 2]]] [591 [[""A"" 2]]] [609 [[""A"" 2]]] [616 [[""A"" 2]]] [632 [[""A"" 2]]] [652 [[""A"" 2]]] [673 [[""A"" 2]]] [677 [[""A"" 2]]] [703 [[""A"" 2]]] [714 [[""A"" 2]]] [730 [[""A"" 2]]] [740 [[""A"" 2]]] [750 [[""A"" 2]]] [771 [[""A"" 2]]] [782 [[""A"" 2]]] [800 [[""A"" 2]]] [817 [[""A"" 2]]] [834 [[""A"" 2]]] [849 [[""A"" 2]]] [865 [[""A"" 2]]] [872 [[""A"" 2]]] [898 [[""A"" 2]]] [901 [[""A"" 2]]] [916 [[""A"" 2]]] [933 [[""A"" 2]]] [950 [[""A"" 2]]] [966 [[""A"" 2]]] [975 [[""A"" 2]]] [1001 [[""A"" 2]]] [1013 [[""A"" 2]]] [1033 [[""A"" 2]]] [1040 [[""A"" 2]]] [1059 [[""A"" 2]]] [1074 [[""A"" 2]]] [1083 [[""A"" 2]]] [1107 [[""A"" 2]]] [1116 [[""A"" 2]]] [1130 [[""A"" 2]]] [1151 [[""A"" 2]]] [1158 [[""A"" 2]]] [1176 [[""A"" 2]]] [1198 [[""A"" 2]]] [1201 [[""A"" 2]]] [1227 [[""A"" 2]]] [1236 [[""A"" 2]]] [1246 [[""A"" 2]]] [1272 [[""A"" 2]]] [1277 [[""A"" 2]]] [1304 [[""A"" 2]]] [1316 [[""A"" 2]]] [1334 [[""A"" 2]]] [1346 [[""A"" 2]]] [1361 [[""A"" 2]]] [1372 [[""A"" 2]]] [1391 [[""A"" 2]]] [1406 [[""A"" 2]]] [1410 [[""A"" 2]]] [1425 [[""A"" 2]]] [1442 [[""A"" 2]]] [1459 [[""A"" 2]]] [1480 [[""A"" 2]]] [1493 [[""A"" 2]]]]",
"56","[213 0 42]","94","-13.198754146229078","15.619643238876378","""box""","""""","9.9","{breed medias}","false","1","1","""up""","0","[[""ID"" 64] [""alpha"" 1] [""beta"" 1] [""malleable"" [""A""]] [""prior"" []] [""cont_tokens"" []] [""A"" 1]]","[]","[]","[[9 [[""A"" 1]]] [16 [[""A"" 1]]] [30 [[""A"" 1]]] [56 [[""A"" 1]]] [68 [[""A"" 1]]] [75 [[""A"" 1]]] [101 [[""A"" 1]]] [118 [[""A"" 1]]] [122 [[""A"" 1]]] [135 [[""A"" 1]]] [150 [[""A"" 1]]] [171 [[""A"" 1]]] [188 [[""A"" 1]]] [205 [[""A"" 1]]] [217 [[""A"" 1]]] [227 [[""A"" 1]]] [247 [[""A"" 1]]] [262 [[""A"" 1]]] [270 [[""A"" 1]]] [293 [[""A"" 1]]] [300 [[""A"" 1]]] [317 [[""A"" 1]]] [341 [[""A"" 1]]] [356 [[""A"" 1]]] [360 [[""A"" 1]]] [384 [[""A"" 1]]] [402 [[""A"" 1]]] [410 [[""A"" 1]]] [430 [[""A"" 1]]] [438 [[""A"" 1]]] [455 [[""A"" 1]]] [474 [[""A"" 1]]] [480 [[""A"" 1]]] [504 [[""A"" 1]]] [524 [[""A"" 1]]] [527 [[""A"" 1]]] [550 [[""A"" 1]]] [555 [[""A"" 1]]] [573 [[""A"" 1]]] [593 [[""A"" 1]]] [612 [[""A"" 1]]] [618 [[""A"" 1]]] [637 [[""A"" 1]]] [653 [[""A"" 1]]] [663 [[""A"" 1]]] [676 [[""A"" 1]]] [697 [[""A"" 1]]] [713 [[""A"" 1]]] [720 [[""A"" 1]]] [742 [[""A"" 1]]] [764 [[""A"" 1]]] [769 [[""A"" 1]]] [783 [[""A"" 1]]] [797 [[""A"" 1]]] [810 [[""A"" 1]]] [826 [[""A"" 1]]] [841 [[""A"" 1]]] [860 [[""A"" 1]]] [875 [[""A"" 1]]] [886 [[""A"" 1]]] [908 [[""A"" 1]]] [926 [[""A"" 1]]] [944 [[""A"" 1]]] [946 [[""A"" 1]]] [967 [[""A"" 1]]] [986 [[""A"" 1]]] [994 [[""A"" 1]]] [1005 [[""A"" 1]]] [1023 [[""A"" 1]]] [1035 [[""A"" 1]]] [1051 [[""A"" 1]]] [1066 [[""A"" 1]]] [1087 [[""A"" 1]]] [1101 [[""A"" 1]]] [1124 [[""A"" 1]]] [1136 [[""A"" 1]]] [1147 [[""A"" 1]]] [1164 [[""A"" 1]]] [1174 [[""A"" 1]]] [1186 [[""A"" 1]]] [1211 [[""A"" 1]]] [1222 [[""A"" 1]]] [1241 [[""A"" 1]]] [1245 [[""A"" 1]]] [1268 [[""A"" 1]]] [1284 [[""A"" 1]]] [1296 [[""A"" 1]]] [1319 [[""A"" 1]]] [1320 [[""A"" 1]]] [1338 [[""A"" 1]]] [1363 [[""A"" 1]]] [1373 [[""A"" 1]]] [1392 [[""A"" 1]]] [1405 [[""A"" 1]]] [1419 [[""A"" 1]]] [1436 [[""A"" 1]]] [1448 [[""A"" 1]]] [1465 [[""A"" 1]]] [1478 [[""A"" 1]]] [1499 [[""A"" 1]]]]",
"57","[43 0 212]","315","-14.209253050068082","-8.277008519239887","""box""","""""","9.9","{breed medias}","false","1","1","""up""","0","[[""ID"" 56] [""alpha"" 1] [""beta"" 1] [""malleable"" [""A""]] [""prior"" []] [""cont_tokens"" []] [""A"" 5]]","[]","[]","[[12 [[""A"" 5]]] [15 [[""A"" 5]]] [40 [[""A"" 5]]] [50 [[""A"" 5]]] [67 [[""A"" 5]]] [78 [[""A"" 5]]] [103 [[""A"" 5]]] [119 [[""A"" 5]]] [120 [[""A"" 5]]] [139 [[""A"" 5]]] [160 [[""A"" 5]]] [179 [[""A"" 5]]] [192 [[""A"" 5]]] [201 [[""A"" 5]]] [211 [[""A"" 5]]] [237 [[""A"" 5]]] [248 [[""A"" 5]]] [256 [[""A"" 5]]] [271 [[""A"" 5]]] [285 [[""A"" 5]]] [305 [[""A"" 5]]] [315 [[""A"" 5]]] [337 [[""A"" 5]]] [346 [[""A"" 5]]] [366 [[""A"" 5]]] [376 [[""A"" 5]]] [398 [[""A"" 5]]] [415 [[""A"" 5]]] [432 [[""A"" 5]]] [437 [[""A"" 5]]] [453 [[""A"" 5]]] [473 [[""A"" 5]]] [490 [[""A"" 5]]] [507 [[""A"" 5]]] [516 [[""A"" 5]]] [529 [[""A"" 5]]] [554 [[""A"" 5]]] [560 [[""A"" 5]]] [581 [[""A"" 5]]] [597 [[""A"" 5]]] [606 [[""A"" 5]]] [615 [[""A"" 5]]] [641 [[""A"" 5]]] [656 [[""A"" 5]]] [666 [[""A"" 5]]] [688 [[""A"" 5]]] [691 [[""A"" 5]]] [719 [[""A"" 5]]] [734 [[""A"" 5]]] [749 [[""A"" 5]]] [753 [[""A"" 5]]] [778 [[""A"" 5]]] [786 [[""A"" 5]]] [806 [[""A"" 5]]] [821 [[""A"" 5]]] [831 [[""A"" 5]]] [846 [[""A"" 5]]] [858 [[""A"" 5]]] [873 [[""A"" 5]]] [897 [[""A"" 5]]] [903 [[""A"" 5]]] [922 [[""A"" 5]]] [931 [[""A"" 5]]] [954 [[""A"" 5]]] [968 [[""A"" 5]]] [980 [[""A"" 5]]] [997 [[""A"" 5]]] [1007 [[""A"" 5]]] [1020 [[""A"" 5]]] [1044 [[""A"" 5]]] [1050 [[""A"" 5]]] [1067 [[""A"" 5]]] [1089 [[""A"" 5]]] [1105 [[""A"" 5]]] [1114 [[""A"" 5]]] [1139 [[""A"" 5]]] [1154 [[""A"" 5]]] [1168 [[""A"" 5]]] [1183 [[""A"" 5]]] [1199 [[""A"" 5]]] [1200 [[""A"" 5]]] [1224 [[""A"" 5]]] [1238 [[""A"" 5]]] [1251 [[""A"" 5]]] [1265 [[""A"" 5]]] [1275 [[""A"" 5]]] [1302 [[""A"" 5]]] [1313 [[""A"" 5]]] [1328 [[""A"" 5]]] [1336 [[""A"" 5]]] [1357 [[""A"" 5]]] [1369 [[""A"" 5]]] [1386 [[""A"" 5]]] [1395 [[""A"" 5]]] [1421 [[""A"" 5]]] [1438 [[""A"" 5]]] [1444 [[""A"" 5]]] [1469 [[""A"" 5]]] [1481 [[""A"" 5]]] [1488 [[""A"" 5]]]]",
"58","[255 0 0]","198","13.681773109065436","-15.921381426490276","""box""","""""","9.9","{breed medias}","false","1","1","""up""","0","[[""ID"" 63] [""alpha"" 1] [""beta"" 1] [""malleable"" [""A""]] [""prior"" []] [""cont_tokens"" []] [""A"" 0]]","[]","[]","[[8 [[""A"" 0]]] [22 [[""A"" 0]]] [44 [[""A"" 0]]] [53 [[""A"" 0]]] [60 [[""A"" 0]]] [80 [[""A"" 0]]] [97 [[""A"" 0]]] [113 [[""A"" 0]]] [126 [[""A"" 0]]] [148 [[""A"" 0]]] [157 [[""A"" 0]]] [168 [[""A"" 0]]] [194 [[""A"" 0]]] [199 [[""A"" 0]]] [218 [[""A"" 0]]] [232 [[""A"" 0]]] [246 [[""A"" 0]]] [259 [[""A"" 0]]] [283 [[""A"" 0]]] [295 [[""A"" 0]]] [308 [[""A"" 0]]] [326 [[""A"" 0]]] [344 [[""A"" 0]]] [355 [[""A"" 0]]] [370 [[""A"" 0]]] [377 [[""A"" 0]]] [404 [[""A"" 0]]] [407 [[""A"" 0]]] [433 [[""A"" 0]]] [445 [[""A"" 0]]] [458 [[""A"" 0]]] [475 [[""A"" 0]]] [492 [[""A"" 0]]] [501 [[""A"" 0]]] [520 [[""A"" 0]]] [532 [[""A"" 0]]] [547 [[""A"" 0]]] [561 [[""A"" 0]]] [583 [[""A"" 0]]] [589 [[""A"" 0]]] [601 [[""A"" 0]]] [623 [[""A"" 0]]] [644 [[""A"" 0]]] [648 [[""A"" 0]]] [672 [[""A"" 0]]] [689 [[""A"" 0]]] [701 [[""A"" 0]]] [710 [[""A"" 0]]] [733 [[""A"" 0]]] [741 [[""A"" 0]]] [758 [[""A"" 0]]] [772 [[""A"" 0]]] [788 [[""A"" 0]]] [801 [[""A"" 0]]] [823 [[""A"" 0]]] [825 [[""A"" 0]]] [854 [[""A"" 0]]] [855 [[""A"" 0]]] [870 [[""A"" 0]]] [888 [[""A"" 0]]] [900 [[""A"" 0]]] [920 [[""A"" 0]]] [937 [[""A"" 0]]] [952 [[""A"" 0]]] [974 [[""A"" 0]]] [979 [[""A"" 0]]] [999 [[""A"" 0]]] [1018 [[""A"" 0]]] [1021 [[""A"" 0]]] [1041 [[""A"" 0]]] [1055 [[""A"" 0]]] [1078 [[""A"" 0]]] [1082 [[""A"" 0]]] [1099 [[""A"" 0]]] [1112 [[""A"" 0]]] [1134 [[""A"" 0]]] [1149 [[""A"" 0]]] [1159 [[""A"" 0]]] [1180 [[""A"" 0]]] [1193 [[""A"" 0]]] [1214 [[""A"" 0]]] [1225 [[""A"" 0]]] [1232 [[""A"" 0]]] [1250 [[""A"" 0]]] [1274 [[""A"" 0]]] [1289 [[""A"" 0]]] [1298 [[""A"" 0]]] [1317 [[""A"" 0]]] [1325 [[""A"" 0]]] [1348 [[""A"" 0]]] [1358 [[""A"" 0]]] [1377 [[""A"" 0]]] [1382 [[""A"" 0]]] [1409 [[""A"" 0]]] [1414 [[""A"" 0]]] [1435 [[""A"" 0]]] [1443 [[""A"" 0]]] [1458 [[""A"" 0]]] [1472 [[""A"" 0]]] [1497 [[""A"" 0]]]]",
"59","[43 0 212]","171","-14.210263981173657","13.548088411488003","""box""","""""","9.9","{breed medias}","false","1","1","""up""","0","[[""ID"" 58] [""alpha"" 1] [""beta"" 1] [""malleable"" [""A""]] [""prior"" []] [""cont_tokens"" []] [""A"" 5]]","[]","[]","[[14 [[""A"" 5]]] [17 [[""A"" 5]]] [38 [[""A"" 5]]] [48 [[""A"" 5]]] [74 [[""A"" 5]]] [86 [[""A"" 5]]] [100 [[""A"" 5]]] [107 [[""A"" 5]]] [132 [[""A"" 5]]] [138 [[""A"" 5]]] [152 [[""A"" 5]]] [166 [[""A"" 5]]] [187 [[""A"" 5]]] [206 [[""A"" 5]]] [216 [[""A"" 5]]] [230 [[""A"" 5]]] [244 [[""A"" 5]]] [257 [[""A"" 5]]] [277 [[""A"" 5]]] [288 [[""A"" 5]]] [314 [[""A"" 5]]] [316 [[""A"" 5]]] [331 [[""A"" 5]]] [350 [[""A"" 5]]] [371 [[""A"" 5]]] [389 [[""A"" 5]]] [393 [[""A"" 5]]] [417 [[""A"" 5]]] [428 [[""A"" 5]]] [449 [[""A"" 5]]] [452 [[""A"" 5]]] [471 [[""A"" 5]]] [489 [[""A"" 5]]] [508 [[""A"" 5]]] [519 [[""A"" 5]]] [538 [[""A"" 5]]] [548 [[""A"" 5]]] [569 [[""A"" 5]]] [580 [[""A"" 5]]] [595 [[""A"" 5]]] [613 [[""A"" 5]]] [622 [[""A"" 5]]] [636 [[""A"" 5]]] [651 [[""A"" 5]]] [669 [[""A"" 5]]] [684 [[""A"" 5]]] [700 [[""A"" 5]]] [717 [[""A"" 5]]] [728 [[""A"" 5]]] [736 [[""A"" 5]]] [761 [[""A"" 5]]] [765 [[""A"" 5]]] [784 [[""A"" 5]]] [807 [[""A"" 5]]] [820 [[""A"" 5]]] [839 [[""A"" 5]]] [852 [[""A"" 5]]] [856 [[""A"" 5]]] [881 [[""A"" 5]]] [894 [[""A"" 5]]] [905 [[""A"" 5]]] [923 [[""A"" 5]]] [938 [[""A"" 5]]] [949 [[""A"" 5]]] [961 [[""A"" 5]]] [978 [[""A"" 5]]] [1003 [[""A"" 5]]] [1012 [[""A"" 5]]] [1032 [[""A"" 5]]] [1047 [[""A"" 5]]] [1058 [[""A"" 5]]] [1079 [[""A"" 5]]] [1085 [[""A"" 5]]] [1102 [[""A"" 5]]] [1115 [[""A"" 5]]] [1125 [[""A"" 5]]] [1140 [[""A"" 5]]] [1166 [[""A"" 5]]] [1173 [[""A"" 5]]] [1190 [[""A"" 5]]] [1206 [[""A"" 5]]] [1229 [[""A"" 5]]] [1234 [[""A"" 5]]] [1253 [[""A"" 5]]] [1270 [[""A"" 5]]] [1279 [[""A"" 5]]] [1290 [[""A"" 5]]] [1309 [[""A"" 5]]] [1322 [[""A"" 5]]] [1345 [[""A"" 5]]] [1351 [[""A"" 5]]] [1378 [[""A"" 5]]] [1385 [[""A"" 5]]] [1404 [[""A"" 5]]] [1415 [[""A"" 5]]] [1427 [[""A"" 5]]] [1450 [[""A"" 5]]] [1464 [[""A"" 5]]] [1474 [[""A"" 5]]] [1494 [[""A"" 5]]]]",
"60","[128 0 127]","263","13.375863372411047","-4.56342119400666","""box""","""""","9.9","{breed medias}","false","1","1","""up""","0","[[""ID"" 50] [""alpha"" 1] [""beta"" 1] [""malleable"" [""A""]] [""prior"" []] [""cont_tokens"" []] [""A"" 3]]","[]","[]","[[3 [[""A"" 3]]] [21 [[""A"" 3]]] [43 [[""A"" 3]]] [58 [[""A"" 3]]] [70 [[""A"" 3]]] [88 [[""A"" 3]]] [99 [[""A"" 3]]] [105 [[""A"" 3]]] [130 [[""A"" 3]]] [149 [[""A"" 3]]] [164 [[""A"" 3]]] [167 [[""A"" 3]]] [182 [[""A"" 3]]] [195 [[""A"" 3]]] [214 [[""A"" 3]]] [229 [[""A"" 3]]] [253 [[""A"" 3]]] [260 [[""A"" 3]]] [284 [[""A"" 3]]] [297 [[""A"" 3]]] [307 [[""A"" 3]]] [325 [[""A"" 3]]] [340 [[""A"" 3]]] [359 [[""A"" 3]]] [361 [[""A"" 3]]] [385 [[""A"" 3]]] [392 [[""A"" 3]]] [418 [[""A"" 3]]] [421 [[""A"" 3]]] [442 [[""A"" 3]]] [459 [[""A"" 3]]] [466 [[""A"" 3]]] [484 [[""A"" 3]]] [500 [[""A"" 3]]] [517 [[""A"" 3]]] [536 [[""A"" 3]]] [540 [[""A"" 3]]] [562 [[""A"" 3]]] [570 [[""A"" 3]]] [587 [[""A"" 3]]] [602 [[""A"" 3]]] [621 [[""A"" 3]]] [638 [[""A"" 3]]] [649 [[""A"" 3]]] [668 [[""A"" 3]]] [681 [[""A"" 3]]] [690 [[""A"" 3]]] [718 [[""A"" 3]]] [725 [[""A"" 3]]] [746 [[""A"" 3]]] [751 [[""A"" 3]]] [766 [[""A"" 3]]] [780 [[""A"" 3]]] [809 [[""A"" 3]]] [822 [[""A"" 3]]] [828 [[""A"" 3]]] [847 [[""A"" 3]]] [869 [[""A"" 3]]] [879 [[""A"" 3]]] [887 [[""A"" 3]]] [902 [[""A"" 3]]] [918 [[""A"" 3]]] [934 [[""A"" 3]]] [951 [[""A"" 3]]] [969 [[""A"" 3]]] [983 [[""A"" 3]]] [995 [[""A"" 3]]] [1017 [[""A"" 3]]] [1026 [[""A"" 3]]] [1046 [[""A"" 3]]] [1064 [[""A"" 3]]] [1076 [[""A"" 3]]] [1081 [[""A"" 3]]] [1109 [[""A"" 3]]] [1119 [[""A"" 3]]] [1127 [[""A"" 3]]] [1141 [[""A"" 3]]] [1155 [[""A"" 3]]] [1175 [[""A"" 3]]] [1189 [[""A"" 3]]] [1205 [[""A"" 3]]] [1228 [[""A"" 3]]] [1239 [[""A"" 3]]] [1254 [[""A"" 3]]] [1273 [[""A"" 3]]] [1286 [[""A"" 3]]] [1299 [[""A"" 3]]] [1306 [[""A"" 3]]] [1330 [[""A"" 3]]] [1343 [[""A"" 3]]] [1354 [[""A"" 3]]] [1370 [[""A"" 3]]] [1389 [[""A"" 3]]] [1402 [[""A"" 3]]] [1412 [[""A"" 3]]] [1432 [[""A"" 3]]] [1446 [[""A"" 3]]] [1457 [[""A"" 3]]] [1471 [[""A"" 3]]] [1487 [[""A"" 3]]]]",
"61","[0 0 255]","307","15.437584685275386","-15.591326134072768","""box""","""""","9.9","{breed medias}","false","1","1","""up""","0","[[""ID"" 55] [""alpha"" 1] [""beta"" 1] [""malleable"" [""A""]] [""prior"" []] [""cont_tokens"" []] [""A"" 6]]","[]","[]","[[7 [[""A"" 6]]] [19 [[""A"" 6]]] [35 [[""A"" 6]]] [59 [[""A"" 6]]] [65 [[""A"" 6]]] [87 [[""A"" 6]]] [93 [[""A"" 6]]] [112 [[""A"" 6]]] [134 [[""A"" 6]]] [142 [[""A"" 6]]] [159 [[""A"" 6]]] [165 [[""A"" 6]]] [185 [[""A"" 6]]] [198 [[""A"" 6]]] [221 [[""A"" 6]]] [226 [[""A"" 6]]] [250 [[""A"" 6]]] [255 [[""A"" 6]]] [276 [[""A"" 6]]] [287 [[""A"" 6]]] [306 [[""A"" 6]]] [324 [[""A"" 6]]] [342 [[""A"" 6]]] [358 [[""A"" 6]]] [369 [[""A"" 6]]] [387 [[""A"" 6]]] [399 [[""A"" 6]]] [411 [[""A"" 6]]] [427 [[""A"" 6]]] [443 [[""A"" 6]]] [460 [[""A"" 6]]] [476 [[""A"" 6]]] [494 [[""A"" 6]]] [502 [[""A"" 6]]] [521 [[""A"" 6]]] [525 [[""A"" 6]]] [543 [[""A"" 6]]] [564 [[""A"" 6]]] [572 [[""A"" 6]]] [590 [[""A"" 6]]] [600 [[""A"" 6]]] [624 [[""A"" 6]]] [635 [[""A"" 6]]] [654 [[""A"" 6]]] [665 [[""A"" 6]]] [680 [[""A"" 6]]] [699 [[""A"" 6]]] [712 [[""A"" 6]]] [732 [[""A"" 6]]] [739 [[""A"" 6]]] [762 [[""A"" 6]]] [779 [[""A"" 6]]] [789 [[""A"" 6]]] [803 [[""A"" 6]]] [812 [[""A"" 6]]] [833 [[""A"" 6]]] [845 [[""A"" 6]]] [862 [[""A"" 6]]] [880 [[""A"" 6]]] [899 [[""A"" 6]]] [914 [[""A"" 6]]] [928 [[""A"" 6]]] [939 [[""A"" 6]]] [955 [[""A"" 6]]] [972 [[""A"" 6]]] [976 [[""A"" 6]]] [993 [[""A"" 6]]] [1014 [[""A"" 6]]] [1024 [[""A"" 6]]] [1049 [[""A"" 6]]] [1056 [[""A"" 6]]] [1070 [[""A"" 6]]] [1094 [[""A"" 6]]] [1097 [[""A"" 6]]] [1121 [[""A"" 6]]] [1135 [[""A"" 6]]] [1143 [[""A"" 6]]] [1162 [[""A"" 6]]] [1181 [[""A"" 6]]] [1191 [[""A"" 6]]] [1204 [[""A"" 6]]] [1223 [[""A"" 6]]] [1243 [[""A"" 6]]] [1256 [[""A"" 6]]] [1262 [[""A"" 6]]] [1278 [[""A"" 6]]] [1297 [[""A"" 6]]] [1315 [[""A"" 6]]] [1331 [[""A"" 6]]] [1342 [[""A"" 6]]] [1362 [[""A"" 6]]] [1366 [[""A"" 6]]] [1380 [[""A"" 6]]] [1399 [[""A"" 6]]] [1411 [[""A"" 6]]] [1428 [[""A"" 6]]] [1452 [[""A"" 6]]] [1455 [[""A"" 6]]] [1470 [[""A"" 6]]] [1490 [[""A"" 6]]]]",
"62","[43 0 212]","356","-6.2392769868170515","-10.949577747624458","""box""","""""","9.9","{breed medias}","false","1","1","""up""","0","[[""ID"" 52] [""alpha"" 1] [""beta"" 1] [""malleable"" [""A""]] [""prior"" []] [""cont_tokens"" []] [""A"" 5]]","[]","[]","[[10 [[""A"" 5]]] [29 [[""A"" 5]]] [41 [[""A"" 5]]] [52 [[""A"" 5]]] [62 [[""A"" 5]]] [84 [[""A"" 5]]] [92 [[""A"" 5]]] [109 [[""A"" 5]]] [121 [[""A"" 5]]] [136 [[""A"" 5]]] [155 [[""A"" 5]]] [173 [[""A"" 5]]] [181 [[""A"" 5]]] [204 [[""A"" 5]]] [210 [[""A"" 5]]] [234 [[""A"" 5]]] [254 [[""A"" 5]]] [263 [[""A"" 5]]] [281 [[""A"" 5]]] [294 [[""A"" 5]]] [303 [[""A"" 5]]] [318 [[""A"" 5]]] [343 [[""A"" 5]]] [352 [[""A"" 5]]] [362 [[""A"" 5]]] [383 [[""A"" 5]]] [390 [[""A"" 5]]] [408 [[""A"" 5]]] [429 [[""A"" 5]]] [447 [[""A"" 5]]] [462 [[""A"" 5]]] [477 [[""A"" 5]]] [493 [[""A"" 5]]] [506 [[""A"" 5]]] [518 [[""A"" 5]]] [539 [[""A"" 5]]] [549 [[""A"" 5]]] [567 [[""A"" 5]]] [574 [[""A"" 5]]] [588 [[""A"" 5]]] [604 [[""A"" 5]]] [628 [[""A"" 5]]] [639 [[""A"" 5]]] [645 [[""A"" 5]]] [664 [[""A"" 5]]] [679 [[""A"" 5]]] [698 [[""A"" 5]]] [716 [[""A"" 5]]] [723 [[""A"" 5]]] [747 [[""A"" 5]]] [763 [[""A"" 5]]] [768 [[""A"" 5]]] [785 [[""A"" 5]]] [798 [[""A"" 5]]] [818 [[""A"" 5]]] [838 [[""A"" 5]]] [840 [[""A"" 5]]] [864 [[""A"" 5]]] [883 [[""A"" 5]]] [895 [[""A"" 5]]] [904 [[""A"" 5]]] [925 [[""A"" 5]]] [930 [[""A"" 5]]] [958 [[""A"" 5]]] [971 [[""A"" 5]]] [981 [[""A"" 5]]] [996 [[""A"" 5]]] [1016 [[""A"" 5]]] [1025 [[""A"" 5]]] [1036 [[""A"" 5]]] [1054 [[""A"" 5]]] [1071 [[""A"" 5]]] [1092 [[""A"" 5]]] [1106 [[""A"" 5]]] [1123 [[""A"" 5]]] [1129 [[""A"" 5]]] [1145 [[""A"" 5]]] [1157 [[""A"" 5]]] [1172 [[""A"" 5]]] [1197 [[""A"" 5]]] [1203 [[""A"" 5]]] [1221 [[""A"" 5]]] [1240 [[""A"" 5]]] [1247 [[""A"" 5]]] [1271 [[""A"" 5]]] [1283 [[""A"" 5]]] [1301 [[""A"" 5]]] [1312 [[""A"" 5]]] [1321 [[""A"" 5]]] [1347 [[""A"" 5]]] [1364 [[""A"" 5]]] [1371 [[""A"" 5]]] [1381 [[""A"" 5]]] [1407 [[""A"" 5]]] [1417 [[""A"" 5]]] [1429 [[""A"" 5]]] [1454 [[""A"" 5]]] [1456 [[""A"" 5]]] [1482 [[""A"" 5]]] [1485 [[""A"" 5]]]]",
"63","[213 0 42]","177","-6.245204418727848","2.440540498992984","""box""","""""","9.9","{breed medias}","false","1","1","""up""","0","[[""ID"" 57] [""alpha"" 1] [""beta"" 1] [""malleable"" [""A""]] [""prior"" []] [""cont_tokens"" []] [""A"" 1]]","[]","[]","[[4 [[""A"" 1]]] [28 [[""A"" 1]]] [37 [[""A"" 1]]] [55 [[""A"" 1]]] [63 [[""A"" 1]]] [82 [[""A"" 1]]] [96 [[""A"" 1]]] [115 [[""A"" 1]]] [133 [[""A"" 1]]] [143 [[""A"" 1]]] [151 [[""A"" 1]]] [178 [[""A"" 1]]] [189 [[""A"" 1]]] [203 [[""A"" 1]]] [220 [[""A"" 1]]] [238 [[""A"" 1]]] [241 [[""A"" 1]]] [269 [[""A"" 1]]] [274 [[""A"" 1]]] [298 [[""A"" 1]]] [301 [[""A"" 1]]] [321 [[""A"" 1]]] [335 [[""A"" 1]]] [345 [[""A"" 1]]] [365 [[""A"" 1]]] [382 [[""A"" 1]]] [396 [[""A"" 1]]] [419 [[""A"" 1]]] [420 [[""A"" 1]]] [440 [[""A"" 1]]] [454 [[""A"" 1]]] [470 [[""A"" 1]]] [487 [[""A"" 1]]] [497 [[""A"" 1]]] [523 [[""A"" 1]]] [531 [[""A"" 1]]] [551 [[""A"" 1]]] [566 [[""A"" 1]]] [575 [[""A"" 1]]] [598 [[""A"" 1]]] [607 [[""A"" 1]]] [617 [[""A"" 1]]] [631 [[""A"" 1]]] [647 [[""A"" 1]]] [670 [[""A"" 1]]] [675 [[""A"" 1]]] [692 [[""A"" 1]]] [707 [[""A"" 1]]] [726 [[""A"" 1]]] [738 [[""A"" 1]]] [754 [[""A"" 1]]] [770 [[""A"" 1]]] [781 [[""A"" 1]]] [799 [[""A"" 1]]] [811 [[""A"" 1]]] [830 [[""A"" 1]]] [843 [[""A"" 1]]] [859 [[""A"" 1]]] [871 [[""A"" 1]]] [896 [[""A"" 1]]] [909 [[""A"" 1]]] [915 [[""A"" 1]]] [932 [[""A"" 1]]] [953 [[""A"" 1]]] [970 [[""A"" 1]]] [977 [[""A"" 1]]] [998 [[""A"" 1]]] [1010 [[""A"" 1]]] [1029 [[""A"" 1]]] [1038 [[""A"" 1]]] [1061 [[""A"" 1]]] [1069 [[""A"" 1]]] [1088 [[""A"" 1]]] [1095 [[""A"" 1]]] [1120 [[""A"" 1]]] [1131 [[""A"" 1]]] [1142 [[""A"" 1]]] [1165 [[""A"" 1]]] [1182 [[""A"" 1]]] [1194 [[""A"" 1]]] [1202 [[""A"" 1]]] [1218 [[""A"" 1]]] [1230 [[""A"" 1]]] [1257 [[""A"" 1]]] [1261 [[""A"" 1]]] [1276 [[""A"" 1]]] [1294 [[""A"" 1]]] [1305 [[""A"" 1]]] [1329 [[""A"" 1]]] [1341 [[""A"" 1]]] [1350 [[""A"" 1]]] [1368 [[""A"" 1]]] [1393 [[""A"" 1]]] [1400 [[""A"" 1]]] [1420 [[""A"" 1]]] [1433 [[""A"" 1]]] [1440 [[""A"" 1]]] [1463 [[""A"" 1]]] [1484 [[""A"" 1]]] [1495 [[""A"" 1]]]]",
"64","[213 0 42]","93","-16.403211031689676","-3.6482550395550284","""box""","""""","9.9","{breed medias}","false","1","1","""up""","0","[[""ID"" 62] [""alpha"" 1] [""beta"" 1] [""malleable"" [""A""]] [""prior"" []] [""cont_tokens"" []] [""A"" 1]]","[]","[]","[[13 [[""A"" 1]]] [27 [[""A"" 1]]] [32 [[""A"" 1]]] [51 [[""A"" 1]]] [61 [[""A"" 1]]] [85 [[""A"" 1]]] [91 [[""A"" 1]]] [110 [[""A"" 1]]] [123 [[""A"" 1]]] [141 [[""A"" 1]]] [158 [[""A"" 1]]] [174 [[""A"" 1]]] [190 [[""A"" 1]]] [200 [[""A"" 1]]] [223 [[""A"" 1]]] [235 [[""A"" 1]]] [243 [[""A"" 1]]] [264 [[""A"" 1]]] [278 [[""A"" 1]]] [296 [[""A"" 1]]] [310 [[""A"" 1]]] [328 [[""A"" 1]]] [339 [[""A"" 1]]] [348 [[""A"" 1]]] [364 [[""A"" 1]]] [386 [[""A"" 1]]] [400 [[""A"" 1]]] [412 [[""A"" 1]]] [422 [[""A"" 1]]] [439 [[""A"" 1]]] [457 [[""A"" 1]]] [479 [[""A"" 1]]] [486 [[""A"" 1]]] [498 [[""A"" 1]]] [513 [[""A"" 1]]] [534 [[""A"" 1]]] [544 [[""A"" 1]]] [556 [[""A"" 1]]] [579 [[""A"" 1]]] [586 [[""A"" 1]]] [603 [[""A"" 1]]] [627 [[""A"" 1]]] [634 [[""A"" 1]]] [646 [[""A"" 1]]] [660 [[""A"" 1]]] [682 [[""A"" 1]]] [694 [[""A"" 1]]] [709 [[""A"" 1]]] [724 [[""A"" 1]]] [737 [[""A"" 1]]] [756 [[""A"" 1]]] [777 [[""A"" 1]]] [793 [[""A"" 1]]] [795 [[""A"" 1]]] [816 [[""A"" 1]]] [835 [[""A"" 1]]] [844 [[""A"" 1]]] [867 [[""A"" 1]]] [874 [[""A"" 1]]] [889 [[""A"" 1]]] [911 [[""A"" 1]]] [921 [[""A"" 1]]] [943 [[""A"" 1]]] [956 [[""A"" 1]]] [973 [[""A"" 1]]] [989 [[""A"" 1]]] [991 [[""A"" 1]]] [1009 [[""A"" 1]]] [1030 [[""A"" 1]]] [1045 [[""A"" 1]]] [1053 [[""A"" 1]]] [1072 [[""A"" 1]]] [1084 [[""A"" 1]]] [1100 [[""A"" 1]]] [1122 [[""A"" 1]]] [1133 [[""A"" 1]]] [1146 [[""A"" 1]]] [1161 [[""A"" 1]]] [1184 [[""A"" 1]]] [1196 [[""A"" 1]]] [1209 [[""A"" 1]]] [1219 [[""A"" 1]]] [1242 [[""A"" 1]]] [1259 [[""A"" 1]]] [1260 [[""A"" 1]]] [1288 [[""A"" 1]]] [1303 [[""A"" 1]]] [1310 [[""A"" 1]]] [1327 [[""A"" 1]]] [1340 [[""A"" 1]]] [1352 [[""A"" 1]]] [1379 [[""A"" 1]]] [1387 [[""A"" 1]]] [1396 [[""A"" 1]]] [1422 [[""A"" 1]]] [1430 [[""A"" 1]]] [1447 [[""A"" 1]]] [1467 [[""A"" 1]]] [1479 [[""A"" 1]]] [1489 [[""A"" 1]]]]",

"PATCHES"
"pxcor","pycor","pcolor","plabel","plabel-color"
"-16","16","9.9","""""","9.9"
"-15","16","9.9","""""","9.9"
"-14","16","9.9","""""","9.9"
"-13","16","9.9","""""","9.9"
"-12","16","9.9","""""","9.9"
"-11","16","9.9","""""","9.9"
"-10","16","9.9","""""","9.9"
"-9","16","9.9","""""","9.9"
"-8","16","9.9","""""","9.9"
"-7","16","9.9","""""","9.9"
"-6","16","9.9","""""","9.9"
"-5","16","9.9","""""","9.9"
"-4","16","9.9","""""","9.9"
"-3","16","9.9","""""","9.9"
"-2","16","9.9","""""","9.9"
"-1","16","9.9","""""","9.9"
"0","16","9.9","""""","9.9"
"1","16","9.9","""""","9.9"
"2","16","9.9","""""","9.9"
"3","16","9.9","""""","9.9"
"4","16","9.9","""""","9.9"
"5","16","9.9","""""","9.9"
"6","16","9.9","""""","9.9"
"7","16","9.9","""""","9.9"
"8","16","9.9","""""","9.9"
"9","16","9.9","""""","9.9"
"10","16","9.9","""""","9.9"
"11","16","9.9","""""","9.9"
"12","16","9.9","""""","9.9"
"13","16","9.9","""""","9.9"
"14","16","9.9","""""","9.9"
"15","16","9.9","""""","9.9"
"16","16","9.9","""""","9.9"
"-16","15","9.9","""""","9.9"
"-15","15","9.9","""""","9.9"
"-14","15","9.9","""""","9.9"
"-13","15","9.9","""""","9.9"
"-12","15","9.9","""""","9.9"
"-11","15","9.9","""""","9.9"
"-10","15","9.9","""""","9.9"
"-9","15","9.9","""""","9.9"
"-8","15","9.9","""""","9.9"
"-7","15","9.9","""""","9.9"
"-6","15","9.9","""""","9.9"
"-5","15","9.9","""""","9.9"
"-4","15","9.9","""""","9.9"
"-3","15","9.9","""""","9.9"
"-2","15","9.9","""""","9.9"
"-1","15","9.9","""""","9.9"
"0","15","9.9","""""","9.9"
"1","15","9.9","""""","9.9"
"2","15","9.9","""""","9.9"
"3","15","9.9","""""","9.9"
"4","15","9.9","""""","9.9"
"5","15","9.9","""""","9.9"
"6","15","9.9","""""","9.9"
"7","15","9.9","""""","9.9"
"8","15","9.9","""""","9.9"
"9","15","9.9","""""","9.9"
"10","15","9.9","""""","9.9"
"11","15","9.9","""""","9.9"
"12","15","9.9","""""","9.9"
"13","15","9.9","""""","9.9"
"14","15","9.9","""""","9.9"
"15","15","9.9","""""","9.9"
"16","15","9.9","""""","9.9"
"-16","14","9.9","""""","9.9"
"-15","14","9.9","""""","9.9"
"-14","14","9.9","""""","9.9"
"-13","14","9.9","""""","9.9"
"-12","14","9.9","""""","9.9"
"-11","14","9.9","""""","9.9"
"-10","14","9.9","""""","9.9"
"-9","14","9.9","""""","9.9"
"-8","14","9.9","""""","9.9"
"-7","14","9.9","""""","9.9"
"-6","14","9.9","""""","9.9"
"-5","14","9.9","""""","9.9"
"-4","14","9.9","""""","9.9"
"-3","14","9.9","""""","9.9"
"-2","14","9.9","""""","9.9"
"-1","14","9.9","""""","9.9"
"0","14","9.9","""""","9.9"
"1","14","9.9","""""","9.9"
"2","14","9.9","""""","9.9"
"3","14","9.9","""""","9.9"
"4","14","9.9","""""","9.9"
"5","14","9.9","""""","9.9"
"6","14","9.9","""""","9.9"
"7","14","9.9","""""","9.9"
"8","14","9.9","""""","9.9"
"9","14","9.9","""""","9.9"
"10","14","9.9","""""","9.9"
"11","14","9.9","""""","9.9"
"12","14","9.9","""""","9.9"
"13","14","9.9","""""","9.9"
"14","14","9.9","""""","9.9"
"15","14","9.9","""""","9.9"
"16","14","9.9","""""","9.9"
"-16","13","9.9","""""","9.9"
"-15","13","9.9","""""","9.9"
"-14","13","9.9","""""","9.9"
"-13","13","9.9","""""","9.9"
"-12","13","9.9","""""","9.9"
"-11","13","9.9","""""","9.9"
"-10","13","9.9","""""","9.9"
"-9","13","9.9","""""","9.9"
"-8","13","9.9","""""","9.9"
"-7","13","9.9","""""","9.9"
"-6","13","9.9","""""","9.9"
"-5","13","9.9","""""","9.9"
"-4","13","9.9","""""","9.9"
"-3","13","9.9","""""","9.9"
"-2","13","9.9","""""","9.9"
"-1","13","9.9","""""","9.9"
"0","13","9.9","""""","9.9"
"1","13","9.9","""""","9.9"
"2","13","9.9","""""","9.9"
"3","13","9.9","""""","9.9"
"4","13","9.9","""""","9.9"
"5","13","9.9","""""","9.9"
"6","13","9.9","""""","9.9"
"7","13","9.9","""""","9.9"
"8","13","9.9","""""","9.9"
"9","13","9.9","""""","9.9"
"10","13","9.9","""""","9.9"
"11","13","9.9","""""","9.9"
"12","13","9.9","""""","9.9"
"13","13","9.9","""""","9.9"
"14","13","9.9","""""","9.9"
"15","13","9.9","""""","9.9"
"16","13","9.9","""""","9.9"
"-16","12","9.9","""""","9.9"
"-15","12","9.9","""""","9.9"
"-14","12","9.9","""""","9.9"
"-13","12","9.9","""""","9.9"
"-12","12","9.9","""""","9.9"
"-11","12","9.9","""""","9.9"
"-10","12","9.9","""""","9.9"
"-9","12","9.9","""""","9.9"
"-8","12","9.9","""""","9.9"
"-7","12","9.9","""""","9.9"
"-6","12","9.9","""""","9.9"
"-5","12","9.9","""""","9.9"
"-4","12","9.9","""""","9.9"
"-3","12","9.9","""""","9.9"
"-2","12","9.9","""""","9.9"
"-1","12","9.9","""""","9.9"
"0","12","9.9","""""","9.9"
"1","12","9.9","""""","9.9"
"2","12","9.9","""""","9.9"
"3","12","9.9","""""","9.9"
"4","12","9.9","""""","9.9"
"5","12","9.9","""""","9.9"
"6","12","9.9","""""","9.9"
"7","12","9.9","""""","9.9"
"8","12","9.9","""""","9.9"
"9","12","9.9","""""","9.9"
"10","12","9.9","""""","9.9"
"11","12","9.9","""""","9.9"
"12","12","9.9","""""","9.9"
"13","12","9.9","""""","9.9"
"14","12","9.9","""""","9.9"
"15","12","9.9","""""","9.9"
"16","12","9.9","""""","9.9"
"-16","11","9.9","""""","9.9"
"-15","11","9.9","""""","9.9"
"-14","11","9.9","""""","9.9"
"-13","11","9.9","""""","9.9"
"-12","11","9.9","""""","9.9"
"-11","11","9.9","""""","9.9"
"-10","11","9.9","""""","9.9"
"-9","11","9.9","""""","9.9"
"-8","11","9.9","""""","9.9"
"-7","11","9.9","""""","9.9"
"-6","11","9.9","""""","9.9"
"-5","11","9.9","""""","9.9"
"-4","11","9.9","""""","9.9"
"-3","11","9.9","""""","9.9"
"-2","11","9.9","""""","9.9"
"-1","11","9.9","""""","9.9"
"0","11","9.9","""""","9.9"
"1","11","9.9","""""","9.9"
"2","11","9.9","""""","9.9"
"3","11","9.9","""""","9.9"
"4","11","9.9","""""","9.9"
"5","11","9.9","""""","9.9"
"6","11","9.9","""""","9.9"
"7","11","9.9","""""","9.9"
"8","11","9.9","""""","9.9"
"9","11","9.9","""""","9.9"
"10","11","9.9","""""","9.9"
"11","11","9.9","""""","9.9"
"12","11","9.9","""""","9.9"
"13","11","9.9","""""","9.9"
"14","11","9.9","""""","9.9"
"15","11","9.9","""""","9.9"
"16","11","9.9","""""","9.9"
"-16","10","9.9","""""","9.9"
"-15","10","9.9","""""","9.9"
"-14","10","9.9","""""","9.9"
"-13","10","9.9","""""","9.9"
"-12","10","9.9","""""","9.9"
"-11","10","9.9","""""","9.9"
"-10","10","9.9","""""","9.9"
"-9","10","9.9","""""","9.9"
"-8","10","9.9","""""","9.9"
"-7","10","9.9","""""","9.9"
"-6","10","9.9","""""","9.9"
"-5","10","9.9","""""","9.9"
"-4","10","9.9","""""","9.9"
"-3","10","9.9","""""","9.9"
"-2","10","9.9","""""","9.9"
"-1","10","9.9","""""","9.9"
"0","10","9.9","""""","9.9"
"1","10","9.9","""""","9.9"
"2","10","9.9","""""","9.9"
"3","10","9.9","""""","9.9"
"4","10","9.9","""""","9.9"
"5","10","9.9","""""","9.9"
"6","10","9.9","""""","9.9"
"7","10","9.9","""""","9.9"
"8","10","9.9","""""","9.9"
"9","10","9.9","""""","9.9"
"10","10","9.9","""""","9.9"
"11","10","9.9","""""","9.9"
"12","10","9.9","""""","9.9"
"13","10","9.9","""""","9.9"
"14","10","9.9","""""","9.9"
"15","10","9.9","""""","9.9"
"16","10","9.9","""""","9.9"
"-16","9","9.9","""""","9.9"
"-15","9","9.9","""""","9.9"
"-14","9","9.9","""""","9.9"
"-13","9","9.9","""""","9.9"
"-12","9","9.9","""""","9.9"
"-11","9","9.9","""""","9.9"
"-10","9","9.9","""""","9.9"
"-9","9","9.9","""""","9.9"
"-8","9","9.9","""""","9.9"
"-7","9","9.9","""""","9.9"
"-6","9","9.9","""""","9.9"
"-5","9","9.9","""""","9.9"
"-4","9","9.9","""""","9.9"
"-3","9","9.9","""""","9.9"
"-2","9","9.9","""""","9.9"
"-1","9","9.9","""""","9.9"
"0","9","9.9","""""","9.9"
"1","9","9.9","""""","9.9"
"2","9","9.9","""""","9.9"
"3","9","9.9","""""","9.9"
"4","9","9.9","""""","9.9"
"5","9","9.9","""""","9.9"
"6","9","9.9","""""","9.9"
"7","9","9.9","""""","9.9"
"8","9","9.9","""""","9.9"
"9","9","9.9","""""","9.9"
"10","9","9.9","""""","9.9"
"11","9","9.9","""""","9.9"
"12","9","9.9","""""","9.9"
"13","9","9.9","""""","9.9"
"14","9","9.9","""""","9.9"
"15","9","9.9","""""","9.9"
"16","9","9.9","""""","9.9"
"-16","8","9.9","""""","9.9"
"-15","8","9.9","""""","9.9"
"-14","8","9.9","""""","9.9"
"-13","8","9.9","""""","9.9"
"-12","8","9.9","""""","9.9"
"-11","8","9.9","""""","9.9"
"-10","8","9.9","""""","9.9"
"-9","8","9.9","""""","9.9"
"-8","8","9.9","""""","9.9"
"-7","8","9.9","""""","9.9"
"-6","8","9.9","""""","9.9"
"-5","8","9.9","""""","9.9"
"-4","8","9.9","""""","9.9"
"-3","8","9.9","""""","9.9"
"-2","8","9.9","""""","9.9"
"-1","8","9.9","""""","9.9"
"0","8","9.9","""""","9.9"
"1","8","9.9","""""","9.9"
"2","8","9.9","""""","9.9"
"3","8","9.9","""""","9.9"
"4","8","9.9","""""","9.9"
"5","8","9.9","""""","9.9"
"6","8","9.9","""""","9.9"
"7","8","9.9","""""","9.9"
"8","8","9.9","""""","9.9"
"9","8","9.9","""""","9.9"
"10","8","9.9","""""","9.9"
"11","8","9.9","""""","9.9"
"12","8","9.9","""""","9.9"
"13","8","9.9","""""","9.9"
"14","8","9.9","""""","9.9"
"15","8","9.9","""""","9.9"
"16","8","9.9","""""","9.9"
"-16","7","9.9","""""","9.9"
"-15","7","9.9","""""","9.9"
"-14","7","9.9","""""","9.9"
"-13","7","9.9","""""","9.9"
"-12","7","9.9","""""","9.9"
"-11","7","9.9","""""","9.9"
"-10","7","9.9","""""","9.9"
"-9","7","9.9","""""","9.9"
"-8","7","9.9","""""","9.9"
"-7","7","9.9","""""","9.9"
"-6","7","9.9","""""","9.9"
"-5","7","9.9","""""","9.9"
"-4","7","9.9","""""","9.9"
"-3","7","9.9","""""","9.9"
"-2","7","9.9","""""","9.9"
"-1","7","9.9","""""","9.9"
"0","7","9.9","""""","9.9"
"1","7","9.9","""""","9.9"
"2","7","9.9","""""","9.9"
"3","7","9.9","""""","9.9"
"4","7","9.9","""""","9.9"
"5","7","9.9","""""","9.9"
"6","7","9.9","""""","9.9"
"7","7","9.9","""""","9.9"
"8","7","9.9","""""","9.9"
"9","7","9.9","""""","9.9"
"10","7","9.9","""""","9.9"
"11","7","9.9","""""","9.9"
"12","7","9.9","""""","9.9"
"13","7","9.9","""""","9.9"
"14","7","9.9","""""","9.9"
"15","7","9.9","""""","9.9"
"16","7","9.9","""""","9.9"
"-16","6","9.9","""""","9.9"
"-15","6","9.9","""""","9.9"
"-14","6","9.9","""""","9.9"
"-13","6","9.9","""""","9.9"
"-12","6","9.9","""""","9.9"
"-11","6","9.9","""""","9.9"
"-10","6","9.9","""""","9.9"
"-9","6","9.9","""""","9.9"
"-8","6","9.9","""""","9.9"
"-7","6","9.9","""""","9.9"
"-6","6","9.9","""""","9.9"
"-5","6","9.9","""""","9.9"
"-4","6","9.9","""""","9.9"
"-3","6","9.9","""""","9.9"
"-2","6","9.9","""""","9.9"
"-1","6","9.9","""""","9.9"
"0","6","9.9","""""","9.9"
"1","6","9.9","""""","9.9"
"2","6","9.9","""""","9.9"
"3","6","9.9","""""","9.9"
"4","6","9.9","""""","9.9"
"5","6","9.9","""""","9.9"
"6","6","9.9","""""","9.9"
"7","6","9.9","""""","9.9"
"8","6","9.9","""""","9.9"
"9","6","9.9","""""","9.9"
"10","6","9.9","""""","9.9"
"11","6","9.9","""""","9.9"
"12","6","9.9","""""","9.9"
"13","6","9.9","""""","9.9"
"14","6","9.9","""""","9.9"
"15","6","9.9","""""","9.9"
"16","6","9.9","""""","9.9"
"-16","5","9.9","""""","9.9"
"-15","5","9.9","""""","9.9"
"-14","5","9.9","""""","9.9"
"-13","5","9.9","""""","9.9"
"-12","5","9.9","""""","9.9"
"-11","5","9.9","""""","9.9"
"-10","5","9.9","""""","9.9"
"-9","5","9.9","""""","9.9"
"-8","5","9.9","""""","9.9"
"-7","5","9.9","""""","9.9"
"-6","5","9.9","""""","9.9"
"-5","5","9.9","""""","9.9"
"-4","5","9.9","""""","9.9"
"-3","5","9.9","""""","9.9"
"-2","5","9.9","""""","9.9"
"-1","5","9.9","""""","9.9"
"0","5","9.9","""""","9.9"
"1","5","9.9","""""","9.9"
"2","5","9.9","""""","9.9"
"3","5","9.9","""""","9.9"
"4","5","9.9","""""","9.9"
"5","5","9.9","""""","9.9"
"6","5","9.9","""""","9.9"
"7","5","9.9","""""","9.9"
"8","5","9.9","""""","9.9"
"9","5","9.9","""""","9.9"
"10","5","9.9","""""","9.9"
"11","5","9.9","""""","9.9"
"12","5","9.9","""""","9.9"
"13","5","9.9","""""","9.9"
"14","5","9.9","""""","9.9"
"15","5","9.9","""""","9.9"
"16","5","9.9","""""","9.9"
"-16","4","9.9","""""","9.9"
"-15","4","9.9","""""","9.9"
"-14","4","9.9","""""","9.9"
"-13","4","9.9","""""","9.9"
"-12","4","9.9","""""","9.9"
"-11","4","9.9","""""","9.9"
"-10","4","9.9","""""","9.9"
"-9","4","9.9","""""","9.9"
"-8","4","9.9","""""","9.9"
"-7","4","9.9","""""","9.9"
"-6","4","9.9","""""","9.9"
"-5","4","9.9","""""","9.9"
"-4","4","9.9","""""","9.9"
"-3","4","9.9","""""","9.9"
"-2","4","9.9","""""","9.9"
"-1","4","9.9","""""","9.9"
"0","4","9.9","""""","9.9"
"1","4","9.9","""""","9.9"
"2","4","9.9","""""","9.9"
"3","4","9.9","""""","9.9"
"4","4","9.9","""""","9.9"
"5","4","9.9","""""","9.9"
"6","4","9.9","""""","9.9"
"7","4","9.9","""""","9.9"
"8","4","9.9","""""","9.9"
"9","4","9.9","""""","9.9"
"10","4","9.9","""""","9.9"
"11","4","9.9","""""","9.9"
"12","4","9.9","""""","9.9"
"13","4","9.9","""""","9.9"
"14","4","9.9","""""","9.9"
"15","4","9.9","""""","9.9"
"16","4","9.9","""""","9.9"
"-16","3","9.9","""""","9.9"
"-15","3","9.9","""""","9.9"
"-14","3","9.9","""""","9.9"
"-13","3","9.9","""""","9.9"
"-12","3","9.9","""""","9.9"
"-11","3","9.9","""""","9.9"
"-10","3","9.9","""""","9.9"
"-9","3","9.9","""""","9.9"
"-8","3","9.9","""""","9.9"
"-7","3","9.9","""""","9.9"
"-6","3","9.9","""""","9.9"
"-5","3","9.9","""""","9.9"
"-4","3","9.9","""""","9.9"
"-3","3","9.9","""""","9.9"
"-2","3","9.9","""""","9.9"
"-1","3","9.9","""""","9.9"
"0","3","9.9","""""","9.9"
"1","3","9.9","""""","9.9"
"2","3","9.9","""""","9.9"
"3","3","9.9","""""","9.9"
"4","3","9.9","""""","9.9"
"5","3","9.9","""""","9.9"
"6","3","9.9","""""","9.9"
"7","3","9.9","""""","9.9"
"8","3","9.9","""""","9.9"
"9","3","9.9","""""","9.9"
"10","3","9.9","""""","9.9"
"11","3","9.9","""""","9.9"
"12","3","9.9","""""","9.9"
"13","3","9.9","""""","9.9"
"14","3","9.9","""""","9.9"
"15","3","9.9","""""","9.9"
"16","3","9.9","""""","9.9"
"-16","2","9.9","""""","9.9"
"-15","2","9.9","""""","9.9"
"-14","2","9.9","""""","9.9"
"-13","2","9.9","""""","9.9"
"-12","2","9.9","""""","9.9"
"-11","2","9.9","""""","9.9"
"-10","2","9.9","""""","9.9"
"-9","2","9.9","""""","9.9"
"-8","2","9.9","""""","9.9"
"-7","2","9.9","""""","9.9"
"-6","2","9.9","""""","9.9"
"-5","2","9.9","""""","9.9"
"-4","2","9.9","""""","9.9"
"-3","2","9.9","""""","9.9"
"-2","2","9.9","""""","9.9"
"-1","2","9.9","""""","9.9"
"0","2","9.9","""""","9.9"
"1","2","9.9","""""","9.9"
"2","2","9.9","""""","9.9"
"3","2","9.9","""""","9.9"
"4","2","9.9","""""","9.9"
"5","2","9.9","""""","9.9"
"6","2","9.9","""""","9.9"
"7","2","9.9","""""","9.9"
"8","2","9.9","""""","9.9"
"9","2","9.9","""""","9.9"
"10","2","9.9","""""","9.9"
"11","2","9.9","""""","9.9"
"12","2","9.9","""""","9.9"
"13","2","9.9","""""","9.9"
"14","2","9.9","""""","9.9"
"15","2","9.9","""""","9.9"
"16","2","9.9","""""","9.9"
"-16","1","9.9","""""","9.9"
"-15","1","9.9","""""","9.9"
"-14","1","9.9","""""","9.9"
"-13","1","9.9","""""","9.9"
"-12","1","9.9","""""","9.9"
"-11","1","9.9","""""","9.9"
"-10","1","9.9","""""","9.9"
"-9","1","9.9","""""","9.9"
"-8","1","9.9","""""","9.9"
"-7","1","9.9","""""","9.9"
"-6","1","9.9","""""","9.9"
"-5","1","9.9","""""","9.9"
"-4","1","9.9","""""","9.9"
"-3","1","9.9","""""","9.9"
"-2","1","9.9","""""","9.9"
"-1","1","9.9","""""","9.9"
"0","1","9.9","""""","9.9"
"1","1","9.9","""""","9.9"
"2","1","9.9","""""","9.9"
"3","1","9.9","""""","9.9"
"4","1","9.9","""""","9.9"
"5","1","9.9","""""","9.9"
"6","1","9.9","""""","9.9"
"7","1","9.9","""""","9.9"
"8","1","9.9","""""","9.9"
"9","1","9.9","""""","9.9"
"10","1","9.9","""""","9.9"
"11","1","9.9","""""","9.9"
"12","1","9.9","""""","9.9"
"13","1","9.9","""""","9.9"
"14","1","9.9","""""","9.9"
"15","1","9.9","""""","9.9"
"16","1","9.9","""""","9.9"
"-16","0","9.9","""""","9.9"
"-15","0","9.9","""""","9.9"
"-14","0","9.9","""""","9.9"
"-13","0","9.9","""""","9.9"
"-12","0","9.9","""""","9.9"
"-11","0","9.9","""""","9.9"
"-10","0","9.9","""""","9.9"
"-9","0","9.9","""""","9.9"
"-8","0","9.9","""""","9.9"
"-7","0","9.9","""""","9.9"
"-6","0","9.9","""""","9.9"
"-5","0","9.9","""""","9.9"
"-4","0","9.9","""""","9.9"
"-3","0","9.9","""""","9.9"
"-2","0","9.9","""""","9.9"
"-1","0","9.9","""""","9.9"
"0","0","9.9","""""","9.9"
"1","0","9.9","""""","9.9"
"2","0","9.9","""""","9.9"
"3","0","9.9","""""","9.9"
"4","0","9.9","""""","9.9"
"5","0","9.9","""""","9.9"
"6","0","9.9","""""","9.9"
"7","0","9.9","""""","9.9"
"8","0","9.9","""""","9.9"
"9","0","9.9","""""","9.9"
"10","0","9.9","""""","9.9"
"11","0","9.9","""""","9.9"
"12","0","9.9","""""","9.9"
"13","0","9.9","""""","9.9"
"14","0","9.9","""""","9.9"
"15","0","9.9","""""","9.9"
"16","0","9.9","""""","9.9"
"-16","-1","9.9","""""","9.9"
"-15","-1","9.9","""""","9.9"
"-14","-1","9.9","""""","9.9"
"-13","-1","9.9","""""","9.9"
"-12","-1","9.9","""""","9.9"
"-11","-1","9.9","""""","9.9"
"-10","-1","9.9","""""","9.9"
"-9","-1","9.9","""""","9.9"
"-8","-1","9.9","""""","9.9"
"-7","-1","9.9","""""","9.9"
"-6","-1","9.9","""""","9.9"
"-5","-1","9.9","""""","9.9"
"-4","-1","9.9","""""","9.9"
"-3","-1","9.9","""""","9.9"
"-2","-1","9.9","""""","9.9"
"-1","-1","9.9","""""","9.9"
"0","-1","9.9","""""","9.9"
"1","-1","9.9","""""","9.9"
"2","-1","9.9","""""","9.9"
"3","-1","9.9","""""","9.9"
"4","-1","9.9","""""","9.9"
"5","-1","9.9","""""","9.9"
"6","-1","9.9","""""","9.9"
"7","-1","9.9","""""","9.9"
"8","-1","9.9","""""","9.9"
"9","-1","9.9","""""","9.9"
"10","-1","9.9","""""","9.9"
"11","-1","9.9","""""","9.9"
"12","-1","9.9","""""","9.9"
"13","-1","9.9","""""","9.9"
"14","-1","9.9","""""","9.9"
"15","-1","9.9","""""","9.9"
"16","-1","9.9","""""","9.9"
"-16","-2","9.9","""""","9.9"
"-15","-2","9.9","""""","9.9"
"-14","-2","9.9","""""","9.9"
"-13","-2","9.9","""""","9.9"
"-12","-2","9.9","""""","9.9"
"-11","-2","9.9","""""","9.9"
"-10","-2","9.9","""""","9.9"
"-9","-2","9.9","""""","9.9"
"-8","-2","9.9","""""","9.9"
"-7","-2","9.9","""""","9.9"
"-6","-2","9.9","""""","9.9"
"-5","-2","9.9","""""","9.9"
"-4","-2","9.9","""""","9.9"
"-3","-2","9.9","""""","9.9"
"-2","-2","9.9","""""","9.9"
"-1","-2","9.9","""""","9.9"
"0","-2","9.9","""""","9.9"
"1","-2","9.9","""""","9.9"
"2","-2","9.9","""""","9.9"
"3","-2","9.9","""""","9.9"
"4","-2","9.9","""""","9.9"
"5","-2","9.9","""""","9.9"
"6","-2","9.9","""""","9.9"
"7","-2","9.9","""""","9.9"
"8","-2","9.9","""""","9.9"
"9","-2","9.9","""""","9.9"
"10","-2","9.9","""""","9.9"
"11","-2","9.9","""""","9.9"
"12","-2","9.9","""""","9.9"
"13","-2","9.9","""""","9.9"
"14","-2","9.9","""""","9.9"
"15","-2","9.9","""""","9.9"
"16","-2","9.9","""""","9.9"
"-16","-3","9.9","""""","9.9"
"-15","-3","9.9","""""","9.9"
"-14","-3","9.9","""""","9.9"
"-13","-3","9.9","""""","9.9"
"-12","-3","9.9","""""","9.9"
"-11","-3","9.9","""""","9.9"
"-10","-3","9.9","""""","9.9"
"-9","-3","9.9","""""","9.9"
"-8","-3","9.9","""""","9.9"
"-7","-3","9.9","""""","9.9"
"-6","-3","9.9","""""","9.9"
"-5","-3","9.9","""""","9.9"
"-4","-3","9.9","""""","9.9"
"-3","-3","9.9","""""","9.9"
"-2","-3","9.9","""""","9.9"
"-1","-3","9.9","""""","9.9"
"0","-3","9.9","""""","9.9"
"1","-3","9.9","""""","9.9"
"2","-3","9.9","""""","9.9"
"3","-3","9.9","""""","9.9"
"4","-3","9.9","""""","9.9"
"5","-3","9.9","""""","9.9"
"6","-3","9.9","""""","9.9"
"7","-3","9.9","""""","9.9"
"8","-3","9.9","""""","9.9"
"9","-3","9.9","""""","9.9"
"10","-3","9.9","""""","9.9"
"11","-3","9.9","""""","9.9"
"12","-3","9.9","""""","9.9"
"13","-3","9.9","""""","9.9"
"14","-3","9.9","""""","9.9"
"15","-3","9.9","""""","9.9"
"16","-3","9.9","""""","9.9"
"-16","-4","9.9","""""","9.9"
"-15","-4","9.9","""""","9.9"
"-14","-4","9.9","""""","9.9"
"-13","-4","9.9","""""","9.9"
"-12","-4","9.9","""""","9.9"
"-11","-4","9.9","""""","9.9"
"-10","-4","9.9","""""","9.9"
"-9","-4","9.9","""""","9.9"
"-8","-4","9.9","""""","9.9"
"-7","-4","9.9","""""","9.9"
"-6","-4","9.9","""""","9.9"
"-5","-4","9.9","""""","9.9"
"-4","-4","9.9","""""","9.9"
"-3","-4","9.9","""""","9.9"
"-2","-4","9.9","""""","9.9"
"-1","-4","9.9","""""","9.9"
"0","-4","9.9","""""","9.9"
"1","-4","9.9","""""","9.9"
"2","-4","9.9","""""","9.9"
"3","-4","9.9","""""","9.9"
"4","-4","9.9","""""","9.9"
"5","-4","9.9","""""","9.9"
"6","-4","9.9","""""","9.9"
"7","-4","9.9","""""","9.9"
"8","-4","9.9","""""","9.9"
"9","-4","9.9","""""","9.9"
"10","-4","9.9","""""","9.9"
"11","-4","9.9","""""","9.9"
"12","-4","9.9","""""","9.9"
"13","-4","9.9","""""","9.9"
"14","-4","9.9","""""","9.9"
"15","-4","9.9","""""","9.9"
"16","-4","9.9","""""","9.9"
"-16","-5","9.9","""""","9.9"
"-15","-5","9.9","""""","9.9"
"-14","-5","9.9","""""","9.9"
"-13","-5","9.9","""""","9.9"
"-12","-5","9.9","""""","9.9"
"-11","-5","9.9","""""","9.9"
"-10","-5","9.9","""""","9.9"
"-9","-5","9.9","""""","9.9"
"-8","-5","9.9","""""","9.9"
"-7","-5","9.9","""""","9.9"
"-6","-5","9.9","""""","9.9"
"-5","-5","9.9","""""","9.9"
"-4","-5","9.9","""""","9.9"
"-3","-5","9.9","""""","9.9"
"-2","-5","9.9","""""","9.9"
"-1","-5","9.9","""""","9.9"
"0","-5","9.9","""""","9.9"
"1","-5","9.9","""""","9.9"
"2","-5","9.9","""""","9.9"
"3","-5","9.9","""""","9.9"
"4","-5","9.9","""""","9.9"
"5","-5","9.9","""""","9.9"
"6","-5","9.9","""""","9.9"
"7","-5","9.9","""""","9.9"
"8","-5","9.9","""""","9.9"
"9","-5","9.9","""""","9.9"
"10","-5","9.9","""""","9.9"
"11","-5","9.9","""""","9.9"
"12","-5","9.9","""""","9.9"
"13","-5","9.9","""""","9.9"
"14","-5","9.9","""""","9.9"
"15","-5","9.9","""""","9.9"
"16","-5","9.9","""""","9.9"
"-16","-6","9.9","""""","9.9"
"-15","-6","9.9","""""","9.9"
"-14","-6","9.9","""""","9.9"
"-13","-6","9.9","""""","9.9"
"-12","-6","9.9","""""","9.9"
"-11","-6","9.9","""""","9.9"
"-10","-6","9.9","""""","9.9"
"-9","-6","9.9","""""","9.9"
"-8","-6","9.9","""""","9.9"
"-7","-6","9.9","""""","9.9"
"-6","-6","9.9","""""","9.9"
"-5","-6","9.9","""""","9.9"
"-4","-6","9.9","""""","9.9"
"-3","-6","9.9","""""","9.9"
"-2","-6","9.9","""""","9.9"
"-1","-6","9.9","""""","9.9"
"0","-6","9.9","""""","9.9"
"1","-6","9.9","""""","9.9"
"2","-6","9.9","""""","9.9"
"3","-6","9.9","""""","9.9"
"4","-6","9.9","""""","9.9"
"5","-6","9.9","""""","9.9"
"6","-6","9.9","""""","9.9"
"7","-6","9.9","""""","9.9"
"8","-6","9.9","""""","9.9"
"9","-6","9.9","""""","9.9"
"10","-6","9.9","""""","9.9"
"11","-6","9.9","""""","9.9"
"12","-6","9.9","""""","9.9"
"13","-6","9.9","""""","9.9"
"14","-6","9.9","""""","9.9"
"15","-6","9.9","""""","9.9"
"16","-6","9.9","""""","9.9"
"-16","-7","9.9","""""","9.9"
"-15","-7","9.9","""""","9.9"
"-14","-7","9.9","""""","9.9"
"-13","-7","9.9","""""","9.9"
"-12","-7","9.9","""""","9.9"
"-11","-7","9.9","""""","9.9"
"-10","-7","9.9","""""","9.9"
"-9","-7","9.9","""""","9.9"
"-8","-7","9.9","""""","9.9"
"-7","-7","9.9","""""","9.9"
"-6","-7","9.9","""""","9.9"
"-5","-7","9.9","""""","9.9"
"-4","-7","9.9","""""","9.9"
"-3","-7","9.9","""""","9.9"
"-2","-7","9.9","""""","9.9"
"-1","-7","9.9","""""","9.9"
"0","-7","9.9","""""","9.9"
"1","-7","9.9","""""","9.9"
"2","-7","9.9","""""","9.9"
"3","-7","9.9","""""","9.9"
"4","-7","9.9","""""","9.9"
"5","-7","9.9","""""","9.9"
"6","-7","9.9","""""","9.9"
"7","-7","9.9","""""","9.9"
"8","-7","9.9","""""","9.9"
"9","-7","9.9","""""","9.9"
"10","-7","9.9","""""","9.9"
"11","-7","9.9","""""","9.9"
"12","-7","9.9","""""","9.9"
"13","-7","9.9","""""","9.9"
"14","-7","9.9","""""","9.9"
"15","-7","9.9","""""","9.9"
"16","-7","9.9","""""","9.9"
"-16","-8","9.9","""""","9.9"
"-15","-8","9.9","""""","9.9"
"-14","-8","9.9","""""","9.9"
"-13","-8","9.9","""""","9.9"
"-12","-8","9.9","""""","9.9"
"-11","-8","9.9","""""","9.9"
"-10","-8","9.9","""""","9.9"
"-9","-8","9.9","""""","9.9"
"-8","-8","9.9","""""","9.9"
"-7","-8","9.9","""""","9.9"
"-6","-8","9.9","""""","9.9"
"-5","-8","9.9","""""","9.9"
"-4","-8","9.9","""""","9.9"
"-3","-8","9.9","""""","9.9"
"-2","-8","9.9","""""","9.9"
"-1","-8","9.9","""""","9.9"
"0","-8","9.9","""""","9.9"
"1","-8","9.9","""""","9.9"
"2","-8","9.9","""""","9.9"
"3","-8","9.9","""""","9.9"
"4","-8","9.9","""""","9.9"
"5","-8","9.9","""""","9.9"
"6","-8","9.9","""""","9.9"
"7","-8","9.9","""""","9.9"
"8","-8","9.9","""""","9.9"
"9","-8","9.9","""""","9.9"
"10","-8","9.9","""""","9.9"
"11","-8","9.9","""""","9.9"
"12","-8","9.9","""""","9.9"
"13","-8","9.9","""""","9.9"
"14","-8","9.9","""""","9.9"
"15","-8","9.9","""""","9.9"
"16","-8","9.9","""""","9.9"
"-16","-9","9.9","""""","9.9"
"-15","-9","9.9","""""","9.9"
"-14","-9","9.9","""""","9.9"
"-13","-9","9.9","""""","9.9"
"-12","-9","9.9","""""","9.9"
"-11","-9","9.9","""""","9.9"
"-10","-9","9.9","""""","9.9"
"-9","-9","9.9","""""","9.9"
"-8","-9","9.9","""""","9.9"
"-7","-9","9.9","""""","9.9"
"-6","-9","9.9","""""","9.9"
"-5","-9","9.9","""""","9.9"
"-4","-9","9.9","""""","9.9"
"-3","-9","9.9","""""","9.9"
"-2","-9","9.9","""""","9.9"
"-1","-9","9.9","""""","9.9"
"0","-9","9.9","""""","9.9"
"1","-9","9.9","""""","9.9"
"2","-9","9.9","""""","9.9"
"3","-9","9.9","""""","9.9"
"4","-9","9.9","""""","9.9"
"5","-9","9.9","""""","9.9"
"6","-9","9.9","""""","9.9"
"7","-9","9.9","""""","9.9"
"8","-9","9.9","""""","9.9"
"9","-9","9.9","""""","9.9"
"10","-9","9.9","""""","9.9"
"11","-9","9.9","""""","9.9"
"12","-9","9.9","""""","9.9"
"13","-9","9.9","""""","9.9"
"14","-9","9.9","""""","9.9"
"15","-9","9.9","""""","9.9"
"16","-9","9.9","""""","9.9"
"-16","-10","9.9","""""","9.9"
"-15","-10","9.9","""""","9.9"
"-14","-10","9.9","""""","9.9"
"-13","-10","9.9","""""","9.9"
"-12","-10","9.9","""""","9.9"
"-11","-10","9.9","""""","9.9"
"-10","-10","9.9","""""","9.9"
"-9","-10","9.9","""""","9.9"
"-8","-10","9.9","""""","9.9"
"-7","-10","9.9","""""","9.9"
"-6","-10","9.9","""""","9.9"
"-5","-10","9.9","""""","9.9"
"-4","-10","9.9","""""","9.9"
"-3","-10","9.9","""""","9.9"
"-2","-10","9.9","""""","9.9"
"-1","-10","9.9","""""","9.9"
"0","-10","9.9","""""","9.9"
"1","-10","9.9","""""","9.9"
"2","-10","9.9","""""","9.9"
"3","-10","9.9","""""","9.9"
"4","-10","9.9","""""","9.9"
"5","-10","9.9","""""","9.9"
"6","-10","9.9","""""","9.9"
"7","-10","9.9","""""","9.9"
"8","-10","9.9","""""","9.9"
"9","-10","9.9","""""","9.9"
"10","-10","9.9","""""","9.9"
"11","-10","9.9","""""","9.9"
"12","-10","9.9","""""","9.9"
"13","-10","9.9","""""","9.9"
"14","-10","9.9","""""","9.9"
"15","-10","9.9","""""","9.9"
"16","-10","9.9","""""","9.9"
"-16","-11","9.9","""""","9.9"
"-15","-11","9.9","""""","9.9"
"-14","-11","9.9","""""","9.9"
"-13","-11","9.9","""""","9.9"
"-12","-11","9.9","""""","9.9"
"-11","-11","9.9","""""","9.9"
"-10","-11","9.9","""""","9.9"
"-9","-11","9.9","""""","9.9"
"-8","-11","9.9","""""","9.9"
"-7","-11","9.9","""""","9.9"
"-6","-11","9.9","""""","9.9"
"-5","-11","9.9","""""","9.9"
"-4","-11","9.9","""""","9.9"
"-3","-11","9.9","""""","9.9"
"-2","-11","9.9","""""","9.9"
"-1","-11","9.9","""""","9.9"
"0","-11","9.9","""""","9.9"
"1","-11","9.9","""""","9.9"
"2","-11","9.9","""""","9.9"
"3","-11","9.9","""""","9.9"
"4","-11","9.9","""""","9.9"
"5","-11","9.9","""""","9.9"
"6","-11","9.9","""""","9.9"
"7","-11","9.9","""""","9.9"
"8","-11","9.9","""""","9.9"
"9","-11","9.9","""""","9.9"
"10","-11","9.9","""""","9.9"
"11","-11","9.9","""""","9.9"
"12","-11","9.9","""""","9.9"
"13","-11","9.9","""""","9.9"
"14","-11","9.9","""""","9.9"
"15","-11","9.9","""""","9.9"
"16","-11","9.9","""""","9.9"
"-16","-12","9.9","""""","9.9"
"-15","-12","9.9","""""","9.9"
"-14","-12","9.9","""""","9.9"
"-13","-12","9.9","""""","9.9"
"-12","-12","9.9","""""","9.9"
"-11","-12","9.9","""""","9.9"
"-10","-12","9.9","""""","9.9"
"-9","-12","9.9","""""","9.9"
"-8","-12","9.9","""""","9.9"
"-7","-12","9.9","""""","9.9"
"-6","-12","9.9","""""","9.9"
"-5","-12","9.9","""""","9.9"
"-4","-12","9.9","""""","9.9"
"-3","-12","9.9","""""","9.9"
"-2","-12","9.9","""""","9.9"
"-1","-12","9.9","""""","9.9"
"0","-12","9.9","""""","9.9"
"1","-12","9.9","""""","9.9"
"2","-12","9.9","""""","9.9"
"3","-12","9.9","""""","9.9"
"4","-12","9.9","""""","9.9"
"5","-12","9.9","""""","9.9"
"6","-12","9.9","""""","9.9"
"7","-12","9.9","""""","9.9"
"8","-12","9.9","""""","9.9"
"9","-12","9.9","""""","9.9"
"10","-12","9.9","""""","9.9"
"11","-12","9.9","""""","9.9"
"12","-12","9.9","""""","9.9"
"13","-12","9.9","""""","9.9"
"14","-12","9.9","""""","9.9"
"15","-12","9.9","""""","9.9"
"16","-12","9.9","""""","9.9"
"-16","-13","9.9","""""","9.9"
"-15","-13","9.9","""""","9.9"
"-14","-13","9.9","""""","9.9"
"-13","-13","9.9","""""","9.9"
"-12","-13","9.9","""""","9.9"
"-11","-13","9.9","""""","9.9"
"-10","-13","9.9","""""","9.9"
"-9","-13","9.9","""""","9.9"
"-8","-13","9.9","""""","9.9"
"-7","-13","9.9","""""","9.9"
"-6","-13","9.9","""""","9.9"
"-5","-13","9.9","""""","9.9"
"-4","-13","9.9","""""","9.9"
"-3","-13","9.9","""""","9.9"
"-2","-13","9.9","""""","9.9"
"-1","-13","9.9","""""","9.9"
"0","-13","9.9","""""","9.9"
"1","-13","9.9","""""","9.9"
"2","-13","9.9","""""","9.9"
"3","-13","9.9","""""","9.9"
"4","-13","9.9","""""","9.9"
"5","-13","9.9","""""","9.9"
"6","-13","9.9","""""","9.9"
"7","-13","9.9","""""","9.9"
"8","-13","9.9","""""","9.9"
"9","-13","9.9","""""","9.9"
"10","-13","9.9","""""","9.9"
"11","-13","9.9","""""","9.9"
"12","-13","9.9","""""","9.9"
"13","-13","9.9","""""","9.9"
"14","-13","9.9","""""","9.9"
"15","-13","9.9","""""","9.9"
"16","-13","9.9","""""","9.9"
"-16","-14","9.9","""""","9.9"
"-15","-14","9.9","""""","9.9"
"-14","-14","9.9","""""","9.9"
"-13","-14","9.9","""""","9.9"
"-12","-14","9.9","""""","9.9"
"-11","-14","9.9","""""","9.9"
"-10","-14","9.9","""""","9.9"
"-9","-14","9.9","""""","9.9"
"-8","-14","9.9","""""","9.9"
"-7","-14","9.9","""""","9.9"
"-6","-14","9.9","""""","9.9"
"-5","-14","9.9","""""","9.9"
"-4","-14","9.9","""""","9.9"
"-3","-14","9.9","""""","9.9"
"-2","-14","9.9","""""","9.9"
"-1","-14","9.9","""""","9.9"
"0","-14","9.9","""""","9.9"
"1","-14","9.9","""""","9.9"
"2","-14","9.9","""""","9.9"
"3","-14","9.9","""""","9.9"
"4","-14","9.9","""""","9.9"
"5","-14","9.9","""""","9.9"
"6","-14","9.9","""""","9.9"
"7","-14","9.9","""""","9.9"
"8","-14","9.9","""""","9.9"
"9","-14","9.9","""""","9.9"
"10","-14","9.9","""""","9.9"
"11","-14","9.9","""""","9.9"
"12","-14","9.9","""""","9.9"
"13","-14","9.9","""""","9.9"
"14","-14","9.9","""""","9.9"
"15","-14","9.9","""""","9.9"
"16","-14","9.9","""""","9.9"
"-16","-15","9.9","""""","9.9"
"-15","-15","9.9","""""","9.9"
"-14","-15","9.9","""""","9.9"
"-13","-15","9.9","""""","9.9"
"-12","-15","9.9","""""","9.9"
"-11","-15","9.9","""""","9.9"
"-10","-15","9.9","""""","9.9"
"-9","-15","9.9","""""","9.9"
"-8","-15","9.9","""""","9.9"
"-7","-15","9.9","""""","9.9"
"-6","-15","9.9","""""","9.9"
"-5","-15","9.9","""""","9.9"
"-4","-15","9.9","""""","9.9"
"-3","-15","9.9","""""","9.9"
"-2","-15","9.9","""""","9.9"
"-1","-15","9.9","""""","9.9"
"0","-15","9.9","""""","9.9"
"1","-15","9.9","""""","9.9"
"2","-15","9.9","""""","9.9"
"3","-15","9.9","""""","9.9"
"4","-15","9.9","""""","9.9"
"5","-15","9.9","""""","9.9"
"6","-15","9.9","""""","9.9"
"7","-15","9.9","""""","9.9"
"8","-15","9.9","""""","9.9"
"9","-15","9.9","""""","9.9"
"10","-15","9.9","""""","9.9"
"11","-15","9.9","""""","9.9"
"12","-15","9.9","""""","9.9"
"13","-15","9.9","""""","9.9"
"14","-15","9.9","""""","9.9"
"15","-15","9.9","""""","9.9"
"16","-15","9.9","""""","9.9"
"-16","-16","9.9","""""","9.9"
"-15","-16","9.9","""""","9.9"
"-14","-16","9.9","""""","9.9"
"-13","-16","9.9","""""","9.9"
"-12","-16","9.9","""""","9.9"
"-11","-16","9.9","""""","9.9"
"-10","-16","9.9","""""","9.9"
"-9","-16","9.9","""""","9.9"
"-8","-16","9.9","""""","9.9"
"-7","-16","9.9","""""","9.9"
"-6","-16","9.9","""""","9.9"
"-5","-16","9.9","""""","9.9"
"-4","-16","9.9","""""","9.9"
"-3","-16","9.9","""""","9.9"
"-2","-16","9.9","""""","9.9"
"-1","-16","9.9","""""","9.9"
"0","-16","9.9","""""","9.9"
"1","-16","9.9","""""","9.9"
"2","-16","9.9","""""","9.9"
"3","-16","9.9","""""","9.9"
"4","-16","9.9","""""","9.9"
"5","-16","9.9","""""","9.9"
"6","-16","9.9","""""","9.9"
"7","-16","9.9","""""","9.9"
"8","-16","9.9","""""","9.9"
"9","-16","9.9","""""","9.9"
"10","-16","9.9","""""","9.9"
"11","-16","9.9","""""","9.9"
"12","-16","9.9","""""","9.9"
"13","-16","9.9","""""","9.9"
"14","-16","9.9","""""","9.9"
"15","-16","9.9","""""","9.9"
"16","-16","9.9","""""","9.9"

"LINKS"
"end1","end2","color","label","label-color","hidden?","breed","thickness","shape","tie-mode","weight"
"{citizen 0}","{citizen 1}","[213 0 42 100]","""""","9.9","false","{breed social-friends}","0","""default""","""none""","0"
"{citizen 0}","{citizen 2}","[213 0 42 100]","""""","9.9","false","{breed social-friends}","0","""default""","""none""","0"
"{citizen 0}","{citizen 3}","[141 141 141 100]","""""","9.9","false","{breed social-friends}","0","""default""","""none""","0"
"{citizen 0}","{citizen 4}","[213 0 42 100]","""""","9.9","false","{breed social-friends}","0","""default""","""none""","0"
"{citizen 0}","{citizen 5}","[213 0 42 100]","""""","9.9","false","{breed social-friends}","0","""default""","""none""","0"
"{citizen 0}","{citizen 6}","[213 0 42 100]","""""","9.9","false","{breed social-friends}","0","""default""","""none""","0"
"{citizen 0}","{citizen 7}","[213 0 42 100]","""""","9.9","false","{breed social-friends}","0","""default""","""none""","0"
"{citizen 0}","{citizen 8}","[213 0 42 100]","""""","9.9","false","{breed social-friends}","0","""default""","""none""","0"
"{citizen 0}","{citizen 9}","[213 0 42 100]","""""","9.9","false","{breed social-friends}","0","""default""","""none""","0"
"{citizen 0}","{citizen 10}","[213 0 42 100]","""""","9.9","false","{breed social-friends}","0","""default""","""none""","0"
"{citizen 0}","{citizen 11}","[213 0 42 100]","""""","9.9","false","{breed social-friends}","0","""default""","""none""","0"
"{citizen 0}","{citizen 12}","[141 141 141 100]","""""","9.9","false","{breed social-friends}","0","""default""","""none""","0"
"{citizen 0}","{citizen 13}","[213 0 42 100]","""""","9.9","false","{breed social-friends}","0","""default""","""none""","0"
"{citizen 0}","{citizen 14}","[141 141 141 100]","""""","9.9","false","{breed social-friends}","0","""default""","""none""","0"
"{citizen 0}","{citizen 15}","[213 0 42 100]","""""","9.9","false","{breed social-friends}","0","""default""","""none""","0"
"{citizen 0}","{citizen 16}","[141 141 141 100]","""""","9.9","false","{breed social-friends}","0","""default""","""none""","0"
"{citizen 0}","{citizen 17}","[141 141 141 100]","""""","9.9","false","{breed social-friends}","0","""default""","""none""","0"
"{citizen 0}","{citizen 19}","[213 0 42 100]","""""","9.9","false","{breed social-friends}","0","""default""","""none""","0"
"{citizen 0}","{citizen 21}","[213 0 42 100]","""""","9.9","false","{breed social-friends}","0","""default""","""none""","0"
"{citizen 0}","{citizen 22}","[213 0 42 100]","""""","9.9","false","{breed social-friends}","0","""default""","""none""","0"
"{citizen 0}","{citizen 24}","[213 0 42 100]","""""","9.9","false","{breed social-friends}","0","""default""","""none""","0"
"{citizen 0}","{citizen 25}","[213 0 42 100]","""""","9.9","false","{breed social-friends}","0","""default""","""none""","0"
"{citizen 0}","{citizen 26}","[213 0 42 100]","""""","9.9","false","{breed social-friends}","0","""default""","""none""","0"
"{citizen 0}","{citizen 27}","[213 0 42 100]","""""","9.9","false","{breed social-friends}","0","""default""","""none""","0"
"{citizen 0}","{citizen 29}","[213 0 42 100]","""""","9.9","false","{breed social-friends}","0","""default""","""none""","0"
"{citizen 0}","{citizen 30}","[213 0 42 100]","""""","9.9","false","{breed social-friends}","0","""default""","""none""","0"
"{citizen 0}","{citizen 31}","[213 0 42 100]","""""","9.9","false","{breed social-friends}","0","""default""","""none""","0"
"{citizen 0}","{citizen 32}","[213 0 42 100]","""""","9.9","false","{breed social-friends}","0","""default""","""none""","0"
"{citizen 0}","{citizen 33}","[213 0 42 100]","""""","9.9","false","{breed social-friends}","0","""default""","""none""","0"
"{citizen 0}","{citizen 34}","[141 141 141 100]","""""","9.9","false","{breed social-friends}","0","""default""","""none""","0"
"{citizen 0}","{citizen 35}","[141 141 141 100]","""""","9.9","false","{breed social-friends}","0","""default""","""none""","0"
"{citizen 0}","{citizen 36}","[213 0 42 100]","""""","9.9","false","{breed social-friends}","0","""default""","""none""","0"
"{citizen 0}","{citizen 37}","[213 0 42 100]","""""","9.9","false","{breed social-friends}","0","""default""","""none""","0"
"{citizen 0}","{citizen 38}","[213 0 42 100]","""""","9.9","false","{breed social-friends}","0","""default""","""none""","0"
"{citizen 0}","{citizen 39}","[213 0 42 100]","""""","9.9","false","{breed social-friends}","0","""default""","""none""","0"
"{citizen 0}","{citizen 40}","[213 0 42 100]","""""","9.9","false","{breed social-friends}","0","""default""","""none""","0"
"{citizen 0}","{citizen 41}","[141 141 141 100]","""""","9.9","false","{breed social-friends}","0","""default""","""none""","0"
"{citizen 0}","{citizen 42}","[213 0 42 100]","""""","9.9","false","{breed social-friends}","0","""default""","""none""","0"
"{citizen 0}","{citizen 44}","[141 141 141 100]","""""","9.9","false","{breed social-friends}","0","""default""","""none""","0"
"{citizen 0}","{citizen 45}","[213 0 42 100]","""""","9.9","false","{breed social-friends}","0","""default""","""none""","0"
"{citizen 0}","{citizen 46}","[141 141 141 100]","""""","9.9","false","{breed social-friends}","0","""default""","""none""","0"
"{citizen 0}","{citizen 47}","[213 0 42 100]","""""","9.9","false","{breed social-friends}","0","""default""","""none""","0"
"{citizen 0}","{citizen 48}","[213 0 42 100]","""""","9.9","false","{breed social-friends}","0","""default""","""none""","0"
"{citizen 0}","{citizen 49}","[213 0 42 100]","""""","9.9","false","{breed social-friends}","0","""default""","""none""","0"
"{citizen 1}","{citizen 0}","[213 0 42 100]","""""","9.9","false","{breed social-friends}","0","""default""","""none""","0"
"{citizen 1}","{citizen 2}","[213 0 42 100]","""""","9.9","false","{breed social-friends}","0","""default""","""none""","0"
"{citizen 1}","{citizen 3}","[141 141 141 100]","""""","9.9","false","{breed social-friends}","0","""default""","""none""","0"
"{citizen 1}","{citizen 4}","[213 0 42 100]","""""","9.9","false","{breed social-friends}","0","""default""","""none""","0"
"{citizen 1}","{citizen 5}","[213 0 42 100]","""""","9.9","false","{breed social-friends}","0","""default""","""none""","0"
"{citizen 1}","{citizen 6}","[213 0 42 100]","""""","9.9","false","{breed social-friends}","0","""default""","""none""","0"
"{citizen 1}","{citizen 7}","[213 0 42 100]","""""","9.9","false","{breed social-friends}","0","""default""","""none""","0"
"{citizen 1}","{citizen 8}","[213 0 42 100]","""""","9.9","false","{breed social-friends}","0","""default""","""none""","0"
"{citizen 1}","{citizen 9}","[213 0 42 100]","""""","9.9","false","{breed social-friends}","0","""default""","""none""","0"
"{citizen 1}","{citizen 10}","[213 0 42 100]","""""","9.9","false","{breed social-friends}","0","""default""","""none""","0"
"{citizen 1}","{citizen 11}","[213 0 42 100]","""""","9.9","false","{breed social-friends}","0","""default""","""none""","0"
"{citizen 1}","{citizen 12}","[141 141 141 100]","""""","9.9","false","{breed social-friends}","0","""default""","""none""","0"
"{citizen 1}","{citizen 13}","[213 0 42 100]","""""","9.9","false","{breed social-friends}","0","""default""","""none""","0"
"{citizen 1}","{citizen 14}","[141 141 141 100]","""""","9.9","false","{breed social-friends}","0","""default""","""none""","0"
"{citizen 1}","{citizen 15}","[213 0 42 100]","""""","9.9","false","{breed social-friends}","0","""default""","""none""","0"
"{citizen 1}","{citizen 16}","[141 141 141 100]","""""","9.9","false","{breed social-friends}","0","""default""","""none""","0"
"{citizen 1}","{citizen 17}","[141 141 141 100]","""""","9.9","false","{breed social-friends}","0","""default""","""none""","0"
"{citizen 1}","{citizen 19}","[213 0 42 100]","""""","9.9","false","{breed social-friends}","0","""default""","""none""","0"
"{citizen 1}","{citizen 20}","[141 141 141 100]","""""","9.9","false","{breed social-friends}","0","""default""","""none""","0"
"{citizen 1}","{citizen 21}","[213 0 42 100]","""""","9.9","false","{breed social-friends}","0","""default""","""none""","0"
"{citizen 1}","{citizen 22}","[213 0 42 100]","""""","9.9","false","{breed social-friends}","0","""default""","""none""","0"
"{citizen 1}","{citizen 23}","[141 141 141 100]","""""","9.9","false","{breed social-friends}","0","""default""","""none""","0"
"{citizen 1}","{citizen 24}","[213 0 42 100]","""""","9.9","false","{breed social-friends}","0","""default""","""none""","0"
"{citizen 1}","{citizen 25}","[213 0 42 100]","""""","9.9","false","{breed social-friends}","0","""default""","""none""","0"
"{citizen 1}","{citizen 26}","[213 0 42 100]","""""","9.9","false","{breed social-friends}","0","""default""","""none""","0"
"{citizen 1}","{citizen 27}","[213 0 42 100]","""""","9.9","false","{breed social-friends}","0","""default""","""none""","0"
"{citizen 1}","{citizen 28}","[141 141 141 100]","""""","9.9","false","{breed social-friends}","0","""default""","""none""","0"
"{citizen 1}","{citizen 29}","[213 0 42 100]","""""","9.9","false","{breed social-friends}","0","""default""","""none""","0"
"{citizen 1}","{citizen 30}","[213 0 42 100]","""""","9.9","false","{breed social-friends}","0","""default""","""none""","0"
"{citizen 1}","{citizen 31}","[213 0 42 100]","""""","9.9","false","{breed social-friends}","0","""default""","""none""","0"
"{citizen 1}","{citizen 32}","[213 0 42 100]","""""","9.9","false","{breed social-friends}","0","""default""","""none""","0"
"{citizen 1}","{citizen 33}","[213 0 42 100]","""""","9.9","false","{breed social-friends}","0","""default""","""none""","0"
"{citizen 1}","{citizen 34}","[141 141 141 100]","""""","9.9","false","{breed social-friends}","0","""default""","""none""","0"
"{citizen 1}","{citizen 35}","[141 141 141 100]","""""","9.9","false","{breed social-friends}","0","""default""","""none""","0"
"{citizen 1}","{citizen 36}","[213 0 42 100]","""""","9.9","false","{breed social-friends}","0","""default""","""none""","0"
"{citizen 1}","{citizen 37}","[213 0 42 100]","""""","9.9","false","{breed social-friends}","0","""default""","""none""","0"
"{citizen 1}","{citizen 38}","[213 0 42 100]","""""","9.9","false","{breed social-friends}","0","""default""","""none""","0"
"{citizen 1}","{citizen 39}","[213 0 42 100]","""""","9.9","false","{breed social-friends}","0","""default""","""none""","0"
"{citizen 1}","{citizen 40}","[213 0 42 100]","""""","9.9","false","{breed social-friends}","0","""default""","""none""","0"
"{citizen 1}","{citizen 41}","[141 141 141 100]","""""","9.9","false","{breed social-friends}","0","""default""","""none""","0"
"{citizen 1}","{citizen 42}","[213 0 42 100]","""""","9.9","false","{breed social-friends}","0","""default""","""none""","0"
"{citizen 1}","{citizen 43}","[141 141 141 100]","""""","9.9","false","{breed social-friends}","0","""default""","""none""","0"
"{citizen 1}","{citizen 44}","[141 141 141 100]","""""","9.9","false","{breed social-friends}","0","""default""","""none""","0"
"{citizen 1}","{citizen 45}","[213 0 42 100]","""""","9.9","false","{breed social-friends}","0","""default""","""none""","0"
"{citizen 1}","{citizen 46}","[141 141 141 100]","""""","9.9","false","{breed social-friends}","0","""default""","""none""","0"
"{citizen 1}","{citizen 47}","[213 0 42 100]","""""","9.9","false","{breed social-friends}","0","""default""","""none""","0"
"{citizen 1}","{citizen 48}","[213 0 42 100]","""""","9.9","false","{breed social-friends}","0","""default""","""none""","0"
"{citizen 1}","{citizen 49}","[213 0 42 100]","""""","9.9","false","{breed social-friends}","0","""default""","""none""","0"
"{citizen 2}","{citizen 0}","[213 0 42 100]","""""","9.9","false","{breed social-friends}","0","""default""","""none""","0"
"{citizen 2}","{citizen 1}","[213 0 42 100]","""""","9.9","false","{breed social-friends}","0","""default""","""none""","0"
"{citizen 2}","{citizen 3}","[141 141 141 100]","""""","9.9","false","{breed social-friends}","0","""default""","""none""","0"
"{citizen 2}","{citizen 4}","[213 0 42 100]","""""","9.9","false","{breed social-friends}","0","""default""","""none""","0"
"{citizen 2}","{citizen 5}","[213 0 42 100]","""""","9.9","false","{breed social-friends}","0","""default""","""none""","0"
"{citizen 2}","{citizen 6}","[213 0 42 100]","""""","9.9","false","{breed social-friends}","0","""default""","""none""","0"
"{citizen 2}","{citizen 7}","[213 0 42 100]","""""","9.9","false","{breed social-friends}","0","""default""","""none""","0"
"{citizen 2}","{citizen 8}","[213 0 42 100]","""""","9.9","false","{breed social-friends}","0","""default""","""none""","0"
"{citizen 2}","{citizen 9}","[213 0 42 100]","""""","9.9","false","{breed social-friends}","0","""default""","""none""","0"
"{citizen 2}","{citizen 10}","[213 0 42 100]","""""","9.9","false","{breed social-friends}","0","""default""","""none""","0"
"{citizen 2}","{citizen 11}","[213 0 42 100]","""""","9.9","false","{breed social-friends}","0","""default""","""none""","0"
"{citizen 2}","{citizen 12}","[141 141 141 100]","""""","9.9","false","{breed social-friends}","0","""default""","""none""","0"
"{citizen 2}","{citizen 13}","[213 0 42 100]","""""","9.9","false","{breed social-friends}","0","""default""","""none""","0"
"{citizen 2}","{citizen 15}","[213 0 42 100]","""""","9.9","false","{breed social-friends}","0","""default""","""none""","0"
"{citizen 2}","{citizen 16}","[141 141 141 100]","""""","9.9","false","{breed social-friends}","0","""default""","""none""","0"
"{citizen 2}","{citizen 17}","[141 141 141 100]","""""","9.9","false","{breed social-friends}","0","""default""","""none""","0"
"{citizen 2}","{citizen 19}","[213 0 42 100]","""""","9.9","false","{breed social-friends}","0","""default""","""none""","0"
"{citizen 2}","{citizen 20}","[141 141 141 100]","""""","9.9","false","{breed social-friends}","0","""default""","""none""","0"
"{citizen 2}","{citizen 21}","[213 0 42 100]","""""","9.9","false","{breed social-friends}","0","""default""","""none""","0"
"{citizen 2}","{citizen 22}","[213 0 42 100]","""""","9.9","false","{breed social-friends}","0","""default""","""none""","0"
"{citizen 2}","{citizen 24}","[213 0 42 100]","""""","9.9","false","{breed social-friends}","0","""default""","""none""","0"
"{citizen 2}","{citizen 25}","[213 0 42 100]","""""","9.9","false","{breed social-friends}","0","""default""","""none""","0"
"{citizen 2}","{citizen 26}","[213 0 42 100]","""""","9.9","false","{breed social-friends}","0","""default""","""none""","0"
"{citizen 2}","{citizen 27}","[213 0 42 100]","""""","9.9","false","{breed social-friends}","0","""default""","""none""","0"
"{citizen 2}","{citizen 29}","[213 0 42 100]","""""","9.9","false","{breed social-friends}","0","""default""","""none""","0"
"{citizen 2}","{citizen 30}","[213 0 42 100]","""""","9.9","false","{breed social-friends}","0","""default""","""none""","0"
"{citizen 2}","{citizen 31}","[213 0 42 100]","""""","9.9","false","{breed social-friends}","0","""default""","""none""","0"
"{citizen 2}","{citizen 32}","[213 0 42 100]","""""","9.9","false","{breed social-friends}","0","""default""","""none""","0"
"{citizen 2}","{citizen 33}","[213 0 42 100]","""""","9.9","false","{breed social-friends}","0","""default""","""none""","0"
"{citizen 2}","{citizen 36}","[213 0 42 100]","""""","9.9","false","{breed social-friends}","0","""default""","""none""","0"
"{citizen 2}","{citizen 37}","[213 0 42 100]","""""","9.9","false","{breed social-friends}","0","""default""","""none""","0"
"{citizen 2}","{citizen 38}","[213 0 42 100]","""""","9.9","false","{breed social-friends}","0","""default""","""none""","0"
"{citizen 2}","{citizen 39}","[213 0 42 100]","""""","9.9","false","{breed social-friends}","0","""default""","""none""","0"
"{citizen 2}","{citizen 40}","[213 0 42 100]","""""","9.9","false","{breed social-friends}","0","""default""","""none""","0"
"{citizen 2}","{citizen 41}","[141 141 141 100]","""""","9.9","false","{breed social-friends}","0","""default""","""none""","0"
"{citizen 2}","{citizen 42}","[213 0 42 100]","""""","9.9","false","{breed social-friends}","0","""default""","""none""","0"
"{citizen 2}","{citizen 44}","[141 141 141 100]","""""","9.9","false","{breed social-friends}","0","""default""","""none""","0"
"{citizen 2}","{citizen 45}","[213 0 42 100]","""""","9.9","false","{breed social-friends}","0","""default""","""none""","0"
"{citizen 2}","{citizen 46}","[141 141 141 100]","""""","9.9","false","{breed social-friends}","0","""default""","""none""","0"
"{citizen 2}","{citizen 47}","[213 0 42 100]","""""","9.9","false","{breed social-friends}","0","""default""","""none""","0"
"{citizen 2}","{citizen 48}","[213 0 42 100]","""""","9.9","false","{breed social-friends}","0","""default""","""none""","0"
"{citizen 2}","{citizen 49}","[213 0 42 100]","""""","9.9","false","{breed social-friends}","0","""default""","""none""","0"
"{citizen 3}","{citizen 0}","[141 141 141 100]","""""","9.9","false","{breed social-friends}","0","""default""","""none""","0"
"{citizen 3}","{citizen 1}","[141 141 141 100]","""""","9.9","false","{breed social-friends}","0","""default""","""none""","0"
"{citizen 3}","{citizen 2}","[141 141 141 100]","""""","9.9","false","{breed social-friends}","0","""default""","""none""","0"
"{citizen 3}","{citizen 4}","[141 141 141 100]","""""","9.9","false","{breed social-friends}","0","""default""","""none""","0"
"{citizen 3}","{citizen 5}","[141 141 141 100]","""""","9.9","false","{breed social-friends}","0","""default""","""none""","0"
"{citizen 3}","{citizen 6}","[141 141 141 100]","""""","9.9","false","{breed social-friends}","0","""default""","""none""","0"
"{citizen 3}","{citizen 8}","[141 141 141 100]","""""","9.9","false","{breed social-friends}","0","""default""","""none""","0"
"{citizen 3}","{citizen 9}","[141 141 141 100]","""""","9.9","false","{breed social-friends}","0","""default""","""none""","0"
"{citizen 3}","{citizen 10}","[141 141 141 100]","""""","9.9","false","{breed social-friends}","0","""default""","""none""","0"
"{citizen 3}","{citizen 12}","[43 0 212 100]","""""","9.9","false","{breed social-friends}","0","""default""","""none""","0"
"{citizen 3}","{citizen 13}","[141 141 141 100]","""""","9.9","false","{breed social-friends}","0","""default""","""none""","0"
"{citizen 3}","{citizen 15}","[141 141 141 100]","""""","9.9","false","{breed social-friends}","0","""default""","""none""","0"
"{citizen 3}","{citizen 16}","[43 0 212 100]","""""","9.9","false","{breed social-friends}","0","""default""","""none""","0"
"{citizen 3}","{citizen 18}","[43 0 212 100]","""""","9.9","false","{breed social-friends}","0","""default""","""none""","0"
"{citizen 3}","{citizen 20}","[43 0 212 100]","""""","9.9","false","{breed social-friends}","0","""default""","""none""","0"
"{citizen 3}","{citizen 21}","[141 141 141 100]","""""","9.9","false","{breed social-friends}","0","""default""","""none""","0"
"{citizen 3}","{citizen 22}","[141 141 141 100]","""""","9.9","false","{breed social-friends}","0","""default""","""none""","0"
"{citizen 3}","{citizen 23}","[43 0 212 100]","""""","9.9","false","{breed social-friends}","0","""default""","""none""","0"
"{citizen 3}","{citizen 24}","[141 141 141 100]","""""","9.9","false","{breed social-friends}","0","""default""","""none""","0"
"{citizen 3}","{citizen 25}","[141 141 141 100]","""""","9.9","false","{breed social-friends}","0","""default""","""none""","0"
"{citizen 3}","{citizen 26}","[141 141 141 100]","""""","9.9","false","{breed social-friends}","0","""default""","""none""","0"
"{citizen 3}","{citizen 27}","[141 141 141 100]","""""","9.9","false","{breed social-friends}","0","""default""","""none""","0"
"{citizen 3}","{citizen 28}","[43 0 212 100]","""""","9.9","false","{breed social-friends}","0","""default""","""none""","0"
"{citizen 3}","{citizen 29}","[141 141 141 100]","""""","9.9","false","{breed social-friends}","0","""default""","""none""","0"
"{citizen 3}","{citizen 30}","[141 141 141 100]","""""","9.9","false","{breed social-friends}","0","""default""","""none""","0"
"{citizen 3}","{citizen 32}","[141 141 141 100]","""""","9.9","false","{breed social-friends}","0","""default""","""none""","0"
"{citizen 3}","{citizen 33}","[141 141 141 100]","""""","9.9","false","{breed social-friends}","0","""default""","""none""","0"
"{citizen 3}","{citizen 35}","[43 0 212 100]","""""","9.9","false","{breed social-friends}","0","""default""","""none""","0"
"{citizen 3}","{citizen 36}","[141 141 141 100]","""""","9.9","false","{breed social-friends}","0","""default""","""none""","0"
"{citizen 3}","{citizen 37}","[141 141 141 100]","""""","9.9","false","{breed social-friends}","0","""default""","""none""","0"
"{citizen 3}","{citizen 38}","[141 141 141 100]","""""","9.9","false","{breed social-friends}","0","""default""","""none""","0"
"{citizen 3}","{citizen 40}","[141 141 141 100]","""""","9.9","false","{breed social-friends}","0","""default""","""none""","0"
"{citizen 3}","{citizen 45}","[141 141 141 100]","""""","9.9","false","{breed social-friends}","0","""default""","""none""","0"
"{citizen 3}","{citizen 47}","[141 141 141 100]","""""","9.9","false","{breed social-friends}","0","""default""","""none""","0"
"{citizen 3}","{citizen 48}","[141 141 141 100]","""""","9.9","false","{breed social-friends}","0","""default""","""none""","0"
"{citizen 3}","{citizen 49}","[141 141 141 100]","""""","9.9","false","{breed social-friends}","0","""default""","""none""","0"
"{citizen 4}","{citizen 0}","[213 0 42 100]","""""","9.9","false","{breed social-friends}","0","""default""","""none""","0"
"{citizen 4}","{citizen 1}","[213 0 42 100]","""""","9.9","false","{breed social-friends}","0","""default""","""none""","0"
"{citizen 4}","{citizen 2}","[213 0 42 100]","""""","9.9","false","{breed social-friends}","0","""default""","""none""","0"
"{citizen 4}","{citizen 3}","[141 141 141 100]","""""","9.9","false","{breed social-friends}","0","""default""","""none""","0"
"{citizen 4}","{citizen 5}","[213 0 42 100]","""""","9.9","false","{breed social-friends}","0","""default""","""none""","0"
"{citizen 4}","{citizen 6}","[213 0 42 100]","""""","9.9","false","{breed social-friends}","0","""default""","""none""","0"
"{citizen 4}","{citizen 7}","[213 0 42 100]","""""","9.9","false","{breed social-friends}","0","""default""","""none""","0"
"{citizen 4}","{citizen 8}","[213 0 42 100]","""""","9.9","false","{breed social-friends}","0","""default""","""none""","0"
"{citizen 4}","{citizen 9}","[213 0 42 100]","""""","9.9","false","{breed social-friends}","0","""default""","""none""","0"
"{citizen 4}","{citizen 10}","[213 0 42 100]","""""","9.9","false","{breed social-friends}","0","""default""","""none""","0"
"{citizen 4}","{citizen 11}","[213 0 42 100]","""""","9.9","false","{breed social-friends}","0","""default""","""none""","0"
"{citizen 4}","{citizen 12}","[141 141 141 100]","""""","9.9","false","{breed social-friends}","0","""default""","""none""","0"
"{citizen 4}","{citizen 13}","[213 0 42 100]","""""","9.9","false","{breed social-friends}","0","""default""","""none""","0"
"{citizen 4}","{citizen 14}","[141 141 141 100]","""""","9.9","false","{breed social-friends}","0","""default""","""none""","0"
"{citizen 4}","{citizen 15}","[213 0 42 100]","""""","9.9","false","{breed social-friends}","0","""default""","""none""","0"
"{citizen 4}","{citizen 16}","[141 141 141 100]","""""","9.9","false","{breed social-friends}","0","""default""","""none""","0"
"{citizen 4}","{citizen 17}","[141 141 141 100]","""""","9.9","false","{breed social-friends}","0","""default""","""none""","0"
"{citizen 4}","{citizen 19}","[213 0 42 100]","""""","9.9","false","{breed social-friends}","0","""default""","""none""","0"
"{citizen 4}","{citizen 20}","[141 141 141 100]","""""","9.9","false","{breed social-friends}","0","""default""","""none""","0"
"{citizen 4}","{citizen 21}","[213 0 42 100]","""""","9.9","false","{breed social-friends}","0","""default""","""none""","0"
"{citizen 4}","{citizen 22}","[213 0 42 100]","""""","9.9","false","{breed social-friends}","0","""default""","""none""","0"
"{citizen 4}","{citizen 23}","[141 141 141 100]","""""","9.9","false","{breed social-friends}","0","""default""","""none""","0"
"{citizen 4}","{citizen 24}","[213 0 42 100]","""""","9.9","false","{breed social-friends}","0","""default""","""none""","0"
"{citizen 4}","{citizen 25}","[213 0 42 100]","""""","9.9","false","{breed social-friends}","0","""default""","""none""","0"
"{citizen 4}","{citizen 26}","[213 0 42 100]","""""","9.9","false","{breed social-friends}","0","""default""","""none""","0"
"{citizen 4}","{citizen 27}","[213 0 42 100]","""""","9.9","false","{breed social-friends}","0","""default""","""none""","0"
"{citizen 4}","{citizen 28}","[141 141 141 100]","""""","9.9","false","{breed social-friends}","0","""default""","""none""","0"
"{citizen 4}","{citizen 29}","[213 0 42 100]","""""","9.9","false","{breed social-friends}","0","""default""","""none""","0"
"{citizen 4}","{citizen 30}","[213 0 42 100]","""""","9.9","false","{breed social-friends}","0","""default""","""none""","0"
"{citizen 4}","{citizen 31}","[213 0 42 100]","""""","9.9","false","{breed social-friends}","0","""default""","""none""","0"
"{citizen 4}","{citizen 32}","[213 0 42 100]","""""","9.9","false","{breed social-friends}","0","""default""","""none""","0"
"{citizen 4}","{citizen 33}","[213 0 42 100]","""""","9.9","false","{breed social-friends}","0","""default""","""none""","0"
"{citizen 4}","{citizen 34}","[141 141 141 100]","""""","9.9","false","{breed social-friends}","0","""default""","""none""","0"
"{citizen 4}","{citizen 36}","[213 0 42 100]","""""","9.9","false","{breed social-friends}","0","""default""","""none""","0"
"{citizen 4}","{citizen 37}","[213 0 42 100]","""""","9.9","false","{breed social-friends}","0","""default""","""none""","0"
"{citizen 4}","{citizen 38}","[213 0 42 100]","""""","9.9","false","{breed social-friends}","0","""default""","""none""","0"
"{citizen 4}","{citizen 39}","[213 0 42 100]","""""","9.9","false","{breed social-friends}","0","""default""","""none""","0"
"{citizen 4}","{citizen 40}","[213 0 42 100]","""""","9.9","false","{breed social-friends}","0","""default""","""none""","0"
"{citizen 4}","{citizen 41}","[141 141 141 100]","""""","9.9","false","{breed social-friends}","0","""default""","""none""","0"
"{citizen 4}","{citizen 42}","[213 0 42 100]","""""","9.9","false","{breed social-friends}","0","""default""","""none""","0"
"{citizen 4}","{citizen 43}","[141 141 141 100]","""""","9.9","false","{breed social-friends}","0","""default""","""none""","0"
"{citizen 4}","{citizen 44}","[141 141 141 100]","""""","9.9","false","{breed social-friends}","0","""default""","""none""","0"
"{citizen 4}","{citizen 45}","[213 0 42 100]","""""","9.9","false","{breed social-friends}","0","""default""","""none""","0"
"{citizen 4}","{citizen 46}","[141 141 141 100]","""""","9.9","false","{breed social-friends}","0","""default""","""none""","0"
"{citizen 4}","{citizen 47}","[213 0 42 100]","""""","9.9","false","{breed social-friends}","0","""default""","""none""","0"
"{citizen 4}","{citizen 48}","[213 0 42 100]","""""","9.9","false","{breed social-friends}","0","""default""","""none""","0"
"{citizen 4}","{citizen 49}","[213 0 42 100]","""""","9.9","false","{breed social-friends}","0","""default""","""none""","0"
"{citizen 5}","{citizen 0}","[213 0 42 100]","""""","9.9","false","{breed social-friends}","0","""default""","""none""","0"
"{citizen 5}","{citizen 1}","[213 0 42 100]","""""","9.9","false","{breed social-friends}","0","""default""","""none""","0"
"{citizen 5}","{citizen 2}","[213 0 42 100]","""""","9.9","false","{breed social-friends}","0","""default""","""none""","0"
"{citizen 5}","{citizen 3}","[141 141 141 100]","""""","9.9","false","{breed social-friends}","0","""default""","""none""","0"
"{citizen 5}","{citizen 4}","[213 0 42 100]","""""","9.9","false","{breed social-friends}","0","""default""","""none""","0"
"{citizen 5}","{citizen 6}","[213 0 42 100]","""""","9.9","false","{breed social-friends}","0","""default""","""none""","0"
"{citizen 5}","{citizen 7}","[213 0 42 100]","""""","9.9","false","{breed social-friends}","0","""default""","""none""","0"
"{citizen 5}","{citizen 8}","[213 0 42 100]","""""","9.9","false","{breed social-friends}","0","""default""","""none""","0"
"{citizen 5}","{citizen 9}","[213 0 42 100]","""""","9.9","false","{breed social-friends}","0","""default""","""none""","0"
"{citizen 5}","{citizen 10}","[213 0 42 100]","""""","9.9","false","{breed social-friends}","0","""default""","""none""","0"
"{citizen 5}","{citizen 11}","[213 0 42 100]","""""","9.9","false","{breed social-friends}","0","""default""","""none""","0"
"{citizen 5}","{citizen 12}","[141 141 141 100]","""""","9.9","false","{breed social-friends}","0","""default""","""none""","0"
"{citizen 5}","{citizen 13}","[213 0 42 100]","""""","9.9","false","{breed social-friends}","0","""default""","""none""","0"
"{citizen 5}","{citizen 14}","[141 141 141 100]","""""","9.9","false","{breed social-friends}","0","""default""","""none""","0"
"{citizen 5}","{citizen 15}","[213 0 42 100]","""""","9.9","false","{breed social-friends}","0","""default""","""none""","0"
"{citizen 5}","{citizen 16}","[141 141 141 100]","""""","9.9","false","{breed social-friends}","0","""default""","""none""","0"
"{citizen 5}","{citizen 17}","[141 141 141 100]","""""","9.9","false","{breed social-friends}","0","""default""","""none""","0"
"{citizen 5}","{citizen 19}","[213 0 42 100]","""""","9.9","false","{breed social-friends}","0","""default""","""none""","0"
"{citizen 5}","{citizen 21}","[213 0 42 100]","""""","9.9","false","{breed social-friends}","0","""default""","""none""","0"
"{citizen 5}","{citizen 22}","[213 0 42 100]","""""","9.9","false","{breed social-friends}","0","""default""","""none""","0"
"{citizen 5}","{citizen 23}","[141 141 141 100]","""""","9.9","false","{breed social-friends}","0","""default""","""none""","0"
"{citizen 5}","{citizen 24}","[213 0 42 100]","""""","9.9","false","{breed social-friends}","0","""default""","""none""","0"
"{citizen 5}","{citizen 25}","[213 0 42 100]","""""","9.9","false","{breed social-friends}","0","""default""","""none""","0"
"{citizen 5}","{citizen 26}","[213 0 42 100]","""""","9.9","false","{breed social-friends}","0","""default""","""none""","0"
"{citizen 5}","{citizen 27}","[213 0 42 100]","""""","9.9","false","{breed social-friends}","0","""default""","""none""","0"
"{citizen 5}","{citizen 29}","[213 0 42 100]","""""","9.9","false","{breed social-friends}","0","""default""","""none""","0"
"{citizen 5}","{citizen 30}","[213 0 42 100]","""""","9.9","false","{breed social-friends}","0","""default""","""none""","0"
"{citizen 5}","{citizen 31}","[213 0 42 100]","""""","9.9","false","{breed social-friends}","0","""default""","""none""","0"
"{citizen 5}","{citizen 32}","[213 0 42 100]","""""","9.9","false","{breed social-friends}","0","""default""","""none""","0"
"{citizen 5}","{citizen 33}","[213 0 42 100]","""""","9.9","false","{breed social-friends}","0","""default""","""none""","0"
"{citizen 5}","{citizen 34}","[141 141 141 100]","""""","9.9","false","{breed social-friends}","0","""default""","""none""","0"
"{citizen 5}","{citizen 36}","[213 0 42 100]","""""","9.9","false","{breed social-friends}","0","""default""","""none""","0"
"{citizen 5}","{citizen 37}","[213 0 42 100]","""""","9.9","false","{breed social-friends}","0","""default""","""none""","0"
"{citizen 5}","{citizen 38}","[213 0 42 100]","""""","9.9","false","{breed social-friends}","0","""default""","""none""","0"
"{citizen 5}","{citizen 39}","[213 0 42 100]","""""","9.9","false","{breed social-friends}","0","""default""","""none""","0"
"{citizen 5}","{citizen 40}","[213 0 42 100]","""""","9.9","false","{breed social-friends}","0","""default""","""none""","0"
"{citizen 5}","{citizen 41}","[141 141 141 100]","""""","9.9","false","{breed social-friends}","0","""default""","""none""","0"
"{citizen 5}","{citizen 42}","[213 0 42 100]","""""","9.9","false","{breed social-friends}","0","""default""","""none""","0"
"{citizen 5}","{citizen 43}","[141 141 141 100]","""""","9.9","false","{breed social-friends}","0","""default""","""none""","0"
"{citizen 5}","{citizen 44}","[141 141 141 100]","""""","9.9","false","{breed social-friends}","0","""default""","""none""","0"
"{citizen 5}","{citizen 45}","[213 0 42 100]","""""","9.9","false","{breed social-friends}","0","""default""","""none""","0"
"{citizen 5}","{citizen 46}","[141 141 141 100]","""""","9.9","false","{breed social-friends}","0","""default""","""none""","0"
"{citizen 5}","{citizen 47}","[213 0 42 100]","""""","9.9","false","{breed social-friends}","0","""default""","""none""","0"
"{citizen 5}","{citizen 48}","[213 0 42 100]","""""","9.9","false","{breed social-friends}","0","""default""","""none""","0"
"{citizen 5}","{citizen 49}","[213 0 42 100]","""""","9.9","false","{breed social-friends}","0","""default""","""none""","0"
"{citizen 6}","{citizen 0}","[213 0 42 100]","""""","9.9","false","{breed social-friends}","0","""default""","""none""","0"
"{citizen 6}","{citizen 1}","[213 0 42 100]","""""","9.9","false","{breed social-friends}","0","""default""","""none""","0"
"{citizen 6}","{citizen 2}","[213 0 42 100]","""""","9.9","false","{breed social-friends}","0","""default""","""none""","0"
"{citizen 6}","{citizen 3}","[141 141 141 100]","""""","9.9","false","{breed social-friends}","0","""default""","""none""","0"
"{citizen 6}","{citizen 4}","[213 0 42 100]","""""","9.9","false","{breed social-friends}","0","""default""","""none""","0"
"{citizen 6}","{citizen 5}","[213 0 42 100]","""""","9.9","false","{breed social-friends}","0","""default""","""none""","0"
"{citizen 6}","{citizen 7}","[213 0 42 100]","""""","9.9","false","{breed social-friends}","0","""default""","""none""","0"
"{citizen 6}","{citizen 8}","[213 0 42 100]","""""","9.9","false","{breed social-friends}","0","""default""","""none""","0"
"{citizen 6}","{citizen 9}","[213 0 42 100]","""""","9.9","false","{breed social-friends}","0","""default""","""none""","0"
"{citizen 6}","{citizen 10}","[213 0 42 100]","""""","9.9","false","{breed social-friends}","0","""default""","""none""","0"
"{citizen 6}","{citizen 11}","[213 0 42 100]","""""","9.9","false","{breed social-friends}","0","""default""","""none""","0"
"{citizen 6}","{citizen 12}","[141 141 141 100]","""""","9.9","false","{breed social-friends}","0","""default""","""none""","0"
"{citizen 6}","{citizen 13}","[213 0 42 100]","""""","9.9","false","{breed social-friends}","0","""default""","""none""","0"
"{citizen 6}","{citizen 14}","[141 141 141 100]","""""","9.9","false","{breed social-friends}","0","""default""","""none""","0"
"{citizen 6}","{citizen 15}","[213 0 42 100]","""""","9.9","false","{breed social-friends}","0","""default""","""none""","0"
"{citizen 6}","{citizen 16}","[141 141 141 100]","""""","9.9","false","{breed social-friends}","0","""default""","""none""","0"
"{citizen 6}","{citizen 17}","[141 141 141 100]","""""","9.9","false","{breed social-friends}","0","""default""","""none""","0"
"{citizen 6}","{citizen 19}","[213 0 42 100]","""""","9.9","false","{breed social-friends}","0","""default""","""none""","0"
"{citizen 6}","{citizen 20}","[141 141 141 100]","""""","9.9","false","{breed social-friends}","0","""default""","""none""","0"
"{citizen 6}","{citizen 21}","[213 0 42 100]","""""","9.9","false","{breed social-friends}","0","""default""","""none""","0"
"{citizen 6}","{citizen 22}","[213 0 42 100]","""""","9.9","false","{breed social-friends}","0","""default""","""none""","0"
"{citizen 6}","{citizen 23}","[141 141 141 100]","""""","9.9","false","{breed social-friends}","0","""default""","""none""","0"
"{citizen 6}","{citizen 24}","[213 0 42 100]","""""","9.9","false","{breed social-friends}","0","""default""","""none""","0"
"{citizen 6}","{citizen 25}","[213 0 42 100]","""""","9.9","false","{breed social-friends}","0","""default""","""none""","0"
"{citizen 6}","{citizen 26}","[213 0 42 100]","""""","9.9","false","{breed social-friends}","0","""default""","""none""","0"
"{citizen 6}","{citizen 27}","[213 0 42 100]","""""","9.9","false","{breed social-friends}","0","""default""","""none""","0"
"{citizen 6}","{citizen 28}","[141 141 141 100]","""""","9.9","false","{breed social-friends}","0","""default""","""none""","0"
"{citizen 6}","{citizen 29}","[213 0 42 100]","""""","9.9","false","{breed social-friends}","0","""default""","""none""","0"
"{citizen 6}","{citizen 30}","[213 0 42 100]","""""","9.9","false","{breed social-friends}","0","""default""","""none""","0"
"{citizen 6}","{citizen 31}","[213 0 42 100]","""""","9.9","false","{breed social-friends}","0","""default""","""none""","0"
"{citizen 6}","{citizen 32}","[213 0 42 100]","""""","9.9","false","{breed social-friends}","0","""default""","""none""","0"
"{citizen 6}","{citizen 33}","[213 0 42 100]","""""","9.9","false","{breed social-friends}","0","""default""","""none""","0"
"{citizen 6}","{citizen 36}","[213 0 42 100]","""""","9.9","false","{breed social-friends}","0","""default""","""none""","0"
"{citizen 6}","{citizen 37}","[213 0 42 100]","""""","9.9","false","{breed social-friends}","0","""default""","""none""","0"
"{citizen 6}","{citizen 38}","[213 0 42 100]","""""","9.9","false","{breed social-friends}","0","""default""","""none""","0"
"{citizen 6}","{citizen 39}","[213 0 42 100]","""""","9.9","false","{breed social-friends}","0","""default""","""none""","0"
"{citizen 6}","{citizen 40}","[213 0 42 100]","""""","9.9","false","{breed social-friends}","0","""default""","""none""","0"
"{citizen 6}","{citizen 41}","[141 141 141 100]","""""","9.9","false","{breed social-friends}","0","""default""","""none""","0"
"{citizen 6}","{citizen 42}","[213 0 42 100]","""""","9.9","false","{breed social-friends}","0","""default""","""none""","0"
"{citizen 6}","{citizen 43}","[141 141 141 100]","""""","9.9","false","{breed social-friends}","0","""default""","""none""","0"
"{citizen 6}","{citizen 44}","[141 141 141 100]","""""","9.9","false","{breed social-friends}","0","""default""","""none""","0"
"{citizen 6}","{citizen 45}","[213 0 42 100]","""""","9.9","false","{breed social-friends}","0","""default""","""none""","0"
"{citizen 6}","{citizen 46}","[141 141 141 100]","""""","9.9","false","{breed social-friends}","0","""default""","""none""","0"
"{citizen 6}","{citizen 47}","[213 0 42 100]","""""","9.9","false","{breed social-friends}","0","""default""","""none""","0"
"{citizen 6}","{citizen 48}","[213 0 42 100]","""""","9.9","false","{breed social-friends}","0","""default""","""none""","0"
"{citizen 6}","{citizen 49}","[213 0 42 100]","""""","9.9","false","{breed social-friends}","0","""default""","""none""","0"
"{citizen 7}","{citizen 0}","[213 0 42 100]","""""","9.9","false","{breed social-friends}","0","""default""","""none""","0"
"{citizen 7}","{citizen 1}","[213 0 42 100]","""""","9.9","false","{breed social-friends}","0","""default""","""none""","0"
"{citizen 7}","{citizen 2}","[213 0 42 100]","""""","9.9","false","{breed social-friends}","0","""default""","""none""","0"
"{citizen 7}","{citizen 4}","[213 0 42 100]","""""","9.9","false","{breed social-friends}","0","""default""","""none""","0"
"{citizen 7}","{citizen 5}","[213 0 42 100]","""""","9.9","false","{breed social-friends}","0","""default""","""none""","0"
"{citizen 7}","{citizen 6}","[213 0 42 100]","""""","9.9","false","{breed social-friends}","0","""default""","""none""","0"
"{citizen 7}","{citizen 8}","[213 0 42 100]","""""","9.9","false","{breed social-friends}","0","""default""","""none""","0"
"{citizen 7}","{citizen 9}","[213 0 42 100]","""""","9.9","false","{breed social-friends}","0","""default""","""none""","0"
"{citizen 7}","{citizen 10}","[213 0 42 100]","""""","9.9","false","{breed social-friends}","0","""default""","""none""","0"
"{citizen 7}","{citizen 11}","[213 0 42 100]","""""","9.9","false","{breed social-friends}","0","""default""","""none""","0"
"{citizen 7}","{citizen 12}","[141 141 141 100]","""""","9.9","false","{breed social-friends}","0","""default""","""none""","0"
"{citizen 7}","{citizen 13}","[213 0 42 100]","""""","9.9","false","{breed social-friends}","0","""default""","""none""","0"
"{citizen 7}","{citizen 14}","[141 141 141 100]","""""","9.9","false","{breed social-friends}","0","""default""","""none""","0"
"{citizen 7}","{citizen 15}","[213 0 42 100]","""""","9.9","false","{breed social-friends}","0","""default""","""none""","0"
"{citizen 7}","{citizen 16}","[141 141 141 100]","""""","9.9","false","{breed social-friends}","0","""default""","""none""","0"
"{citizen 7}","{citizen 17}","[141 141 141 100]","""""","9.9","false","{breed social-friends}","0","""default""","""none""","0"
"{citizen 7}","{citizen 19}","[213 0 42 100]","""""","9.9","false","{breed social-friends}","0","""default""","""none""","0"
"{citizen 7}","{citizen 20}","[141 141 141 100]","""""","9.9","false","{breed social-friends}","0","""default""","""none""","0"
"{citizen 7}","{citizen 21}","[213 0 42 100]","""""","9.9","false","{breed social-friends}","0","""default""","""none""","0"
"{citizen 7}","{citizen 22}","[213 0 42 100]","""""","9.9","false","{breed social-friends}","0","""default""","""none""","0"
"{citizen 7}","{citizen 23}","[141 141 141 100]","""""","9.9","false","{breed social-friends}","0","""default""","""none""","0"
"{citizen 7}","{citizen 24}","[213 0 42 100]","""""","9.9","false","{breed social-friends}","0","""default""","""none""","0"
"{citizen 7}","{citizen 25}","[213 0 42 100]","""""","9.9","false","{breed social-friends}","0","""default""","""none""","0"
"{citizen 7}","{citizen 26}","[213 0 42 100]","""""","9.9","false","{breed social-friends}","0","""default""","""none""","0"
"{citizen 7}","{citizen 27}","[213 0 42 100]","""""","9.9","false","{breed social-friends}","0","""default""","""none""","0"
"{citizen 7}","{citizen 28}","[141 141 141 100]","""""","9.9","false","{breed social-friends}","0","""default""","""none""","0"
"{citizen 7}","{citizen 29}","[213 0 42 100]","""""","9.9","false","{breed social-friends}","0","""default""","""none""","0"
"{citizen 7}","{citizen 30}","[213 0 42 100]","""""","9.9","false","{breed social-friends}","0","""default""","""none""","0"
"{citizen 7}","{citizen 31}","[213 0 42 100]","""""","9.9","false","{breed social-friends}","0","""default""","""none""","0"
"{citizen 7}","{citizen 32}","[213 0 42 100]","""""","9.9","false","{breed social-friends}","0","""default""","""none""","0"
"{citizen 7}","{citizen 33}","[213 0 42 100]","""""","9.9","false","{breed social-friends}","0","""default""","""none""","0"
"{citizen 7}","{citizen 34}","[141 141 141 100]","""""","9.9","false","{breed social-friends}","0","""default""","""none""","0"
"{citizen 7}","{citizen 35}","[141 141 141 100]","""""","9.9","false","{breed social-friends}","0","""default""","""none""","0"
"{citizen 7}","{citizen 36}","[213 0 42 100]","""""","9.9","false","{breed social-friends}","0","""default""","""none""","0"
"{citizen 7}","{citizen 37}","[213 0 42 100]","""""","9.9","false","{breed social-friends}","0","""default""","""none""","0"
"{citizen 7}","{citizen 38}","[213 0 42 100]","""""","9.9","false","{breed social-friends}","0","""default""","""none""","0"
"{citizen 7}","{citizen 39}","[213 0 42 100]","""""","9.9","false","{breed social-friends}","0","""default""","""none""","0"
"{citizen 7}","{citizen 40}","[213 0 42 100]","""""","9.9","false","{breed social-friends}","0","""default""","""none""","0"
"{citizen 7}","{citizen 41}","[141 141 141 100]","""""","9.9","false","{breed social-friends}","0","""default""","""none""","0"
"{citizen 7}","{citizen 42}","[213 0 42 100]","""""","9.9","false","{breed social-friends}","0","""default""","""none""","0"
"{citizen 7}","{citizen 43}","[141 141 141 100]","""""","9.9","false","{breed social-friends}","0","""default""","""none""","0"
"{citizen 7}","{citizen 44}","[141 141 141 100]","""""","9.9","false","{breed social-friends}","0","""default""","""none""","0"
"{citizen 7}","{citizen 45}","[213 0 42 100]","""""","9.9","false","{breed social-friends}","0","""default""","""none""","0"
"{citizen 7}","{citizen 46}","[141 141 141 100]","""""","9.9","false","{breed social-friends}","0","""default""","""none""","0"
"{citizen 7}","{citizen 47}","[213 0 42 100]","""""","9.9","false","{breed social-friends}","0","""default""","""none""","0"
"{citizen 7}","{citizen 48}","[213 0 42 100]","""""","9.9","false","{breed social-friends}","0","""default""","""none""","0"
"{citizen 7}","{citizen 49}","[213 0 42 100]","""""","9.9","false","{breed social-friends}","0","""default""","""none""","0"
"{citizen 8}","{citizen 0}","[213 0 42 100]","""""","9.9","false","{breed social-friends}","0","""default""","""none""","0"
"{citizen 8}","{citizen 1}","[213 0 42 100]","""""","9.9","false","{breed social-friends}","0","""default""","""none""","0"
"{citizen 8}","{citizen 2}","[213 0 42 100]","""""","9.9","false","{breed social-friends}","0","""default""","""none""","0"
"{citizen 8}","{citizen 3}","[141 141 141 100]","""""","9.9","false","{breed social-friends}","0","""default""","""none""","0"
"{citizen 8}","{citizen 4}","[213 0 42 100]","""""","9.9","false","{breed social-friends}","0","""default""","""none""","0"
"{citizen 8}","{citizen 5}","[213 0 42 100]","""""","9.9","false","{breed social-friends}","0","""default""","""none""","0"
"{citizen 8}","{citizen 6}","[213 0 42 100]","""""","9.9","false","{breed social-friends}","0","""default""","""none""","0"
"{citizen 8}","{citizen 7}","[213 0 42 100]","""""","9.9","false","{breed social-friends}","0","""default""","""none""","0"
"{citizen 8}","{citizen 9}","[213 0 42 100]","""""","9.9","false","{breed social-friends}","0","""default""","""none""","0"
"{citizen 8}","{citizen 10}","[213 0 42 100]","""""","9.9","false","{breed social-friends}","0","""default""","""none""","0"
"{citizen 8}","{citizen 11}","[213 0 42 100]","""""","9.9","false","{breed social-friends}","0","""default""","""none""","0"
"{citizen 8}","{citizen 12}","[141 141 141 100]","""""","9.9","false","{breed social-friends}","0","""default""","""none""","0"
"{citizen 8}","{citizen 13}","[213 0 42 100]","""""","9.9","false","{breed social-friends}","0","""default""","""none""","0"
"{citizen 8}","{citizen 14}","[141 141 141 100]","""""","9.9","false","{breed social-friends}","0","""default""","""none""","0"
"{citizen 8}","{citizen 15}","[213 0 42 100]","""""","9.9","false","{breed social-friends}","0","""default""","""none""","0"
"{citizen 8}","{citizen 16}","[141 141 141 100]","""""","9.9","false","{breed social-friends}","0","""default""","""none""","0"
"{citizen 8}","{citizen 17}","[141 141 141 100]","""""","9.9","false","{breed social-friends}","0","""default""","""none""","0"
"{citizen 8}","{citizen 19}","[213 0 42 100]","""""","9.9","false","{breed social-friends}","0","""default""","""none""","0"
"{citizen 8}","{citizen 20}","[141 141 141 100]","""""","9.9","false","{breed social-friends}","0","""default""","""none""","0"
"{citizen 8}","{citizen 21}","[213 0 42 100]","""""","9.9","false","{breed social-friends}","0","""default""","""none""","0"
"{citizen 8}","{citizen 22}","[213 0 42 100]","""""","9.9","false","{breed social-friends}","0","""default""","""none""","0"
"{citizen 8}","{citizen 23}","[141 141 141 100]","""""","9.9","false","{breed social-friends}","0","""default""","""none""","0"
"{citizen 8}","{citizen 24}","[213 0 42 100]","""""","9.9","false","{breed social-friends}","0","""default""","""none""","0"
"{citizen 8}","{citizen 25}","[213 0 42 100]","""""","9.9","false","{breed social-friends}","0","""default""","""none""","0"
"{citizen 8}","{citizen 26}","[213 0 42 100]","""""","9.9","false","{breed social-friends}","0","""default""","""none""","0"
"{citizen 8}","{citizen 27}","[213 0 42 100]","""""","9.9","false","{breed social-friends}","0","""default""","""none""","0"
"{citizen 8}","{citizen 28}","[141 141 141 100]","""""","9.9","false","{breed social-friends}","0","""default""","""none""","0"
"{citizen 8}","{citizen 29}","[213 0 42 100]","""""","9.9","false","{breed social-friends}","0","""default""","""none""","0"
"{citizen 8}","{citizen 30}","[213 0 42 100]","""""","9.9","false","{breed social-friends}","0","""default""","""none""","0"
"{citizen 8}","{citizen 31}","[213 0 42 100]","""""","9.9","false","{breed social-friends}","0","""default""","""none""","0"
"{citizen 8}","{citizen 32}","[213 0 42 100]","""""","9.9","false","{breed social-friends}","0","""default""","""none""","0"
"{citizen 8}","{citizen 33}","[213 0 42 100]","""""","9.9","false","{breed social-friends}","0","""default""","""none""","0"
"{citizen 8}","{citizen 34}","[141 141 141 100]","""""","9.9","false","{breed social-friends}","0","""default""","""none""","0"
"{citizen 8}","{citizen 35}","[141 141 141 100]","""""","9.9","false","{breed social-friends}","0","""default""","""none""","0"
"{citizen 8}","{citizen 36}","[213 0 42 100]","""""","9.9","false","{breed social-friends}","0","""default""","""none""","0"
"{citizen 8}","{citizen 37}","[213 0 42 100]","""""","9.9","false","{breed social-friends}","0","""default""","""none""","0"
"{citizen 8}","{citizen 38}","[213 0 42 100]","""""","9.9","false","{breed social-friends}","0","""default""","""none""","0"
"{citizen 8}","{citizen 39}","[213 0 42 100]","""""","9.9","false","{breed social-friends}","0","""default""","""none""","0"
"{citizen 8}","{citizen 40}","[213 0 42 100]","""""","9.9","false","{breed social-friends}","0","""default""","""none""","0"
"{citizen 8}","{citizen 41}","[141 141 141 100]","""""","9.9","false","{breed social-friends}","0","""default""","""none""","0"
"{citizen 8}","{citizen 42}","[213 0 42 100]","""""","9.9","false","{breed social-friends}","0","""default""","""none""","0"
"{citizen 8}","{citizen 43}","[141 141 141 100]","""""","9.9","false","{breed social-friends}","0","""default""","""none""","0"
"{citizen 8}","{citizen 44}","[141 141 141 100]","""""","9.9","false","{breed social-friends}","0","""default""","""none""","0"
"{citizen 8}","{citizen 45}","[213 0 42 100]","""""","9.9","false","{breed social-friends}","0","""default""","""none""","0"
"{citizen 8}","{citizen 46}","[141 141 141 100]","""""","9.9","false","{breed social-friends}","0","""default""","""none""","0"
"{citizen 8}","{citizen 47}","[213 0 42 100]","""""","9.9","false","{breed social-friends}","0","""default""","""none""","0"
"{citizen 8}","{citizen 48}","[213 0 42 100]","""""","9.9","false","{breed social-friends}","0","""default""","""none""","0"
"{citizen 8}","{citizen 49}","[213 0 42 100]","""""","9.9","false","{breed social-friends}","0","""default""","""none""","0"
"{citizen 9}","{citizen 0}","[213 0 42 100]","""""","9.9","false","{breed social-friends}","0","""default""","""none""","0"
"{citizen 9}","{citizen 1}","[213 0 42 100]","""""","9.9","false","{breed social-friends}","0","""default""","""none""","0"
"{citizen 9}","{citizen 2}","[213 0 42 100]","""""","9.9","false","{breed social-friends}","0","""default""","""none""","0"
"{citizen 9}","{citizen 3}","[141 141 141 100]","""""","9.9","false","{breed social-friends}","0","""default""","""none""","0"
"{citizen 9}","{citizen 4}","[213 0 42 100]","""""","9.9","false","{breed social-friends}","0","""default""","""none""","0"
"{citizen 9}","{citizen 5}","[213 0 42 100]","""""","9.9","false","{breed social-friends}","0","""default""","""none""","0"
"{citizen 9}","{citizen 6}","[213 0 42 100]","""""","9.9","false","{breed social-friends}","0","""default""","""none""","0"
"{citizen 9}","{citizen 7}","[213 0 42 100]","""""","9.9","false","{breed social-friends}","0","""default""","""none""","0"
"{citizen 9}","{citizen 8}","[213 0 42 100]","""""","9.9","false","{breed social-friends}","0","""default""","""none""","0"
"{citizen 9}","{citizen 10}","[213 0 42 100]","""""","9.9","false","{breed social-friends}","0","""default""","""none""","0"
"{citizen 9}","{citizen 11}","[213 0 42 100]","""""","9.9","false","{breed social-friends}","0","""default""","""none""","0"
"{citizen 9}","{citizen 12}","[141 141 141 100]","""""","9.9","false","{breed social-friends}","0","""default""","""none""","0"
"{citizen 9}","{citizen 13}","[213 0 42 100]","""""","9.9","false","{breed social-friends}","0","""default""","""none""","0"
"{citizen 9}","{citizen 14}","[141 141 141 100]","""""","9.9","false","{breed social-friends}","0","""default""","""none""","0"
"{citizen 9}","{citizen 15}","[213 0 42 100]","""""","9.9","false","{breed social-friends}","0","""default""","""none""","0"
"{citizen 9}","{citizen 16}","[141 141 141 100]","""""","9.9","false","{breed social-friends}","0","""default""","""none""","0"
"{citizen 9}","{citizen 17}","[141 141 141 100]","""""","9.9","false","{breed social-friends}","0","""default""","""none""","0"
"{citizen 9}","{citizen 19}","[213 0 42 100]","""""","9.9","false","{breed social-friends}","0","""default""","""none""","0"
"{citizen 9}","{citizen 20}","[141 141 141 100]","""""","9.9","false","{breed social-friends}","0","""default""","""none""","0"
"{citizen 9}","{citizen 21}","[213 0 42 100]","""""","9.9","false","{breed social-friends}","0","""default""","""none""","0"
"{citizen 9}","{citizen 22}","[213 0 42 100]","""""","9.9","false","{breed social-friends}","0","""default""","""none""","0"
"{citizen 9}","{citizen 23}","[141 141 141 100]","""""","9.9","false","{breed social-friends}","0","""default""","""none""","0"
"{citizen 9}","{citizen 24}","[213 0 42 100]","""""","9.9","false","{breed social-friends}","0","""default""","""none""","0"
"{citizen 9}","{citizen 25}","[213 0 42 100]","""""","9.9","false","{breed social-friends}","0","""default""","""none""","0"
"{citizen 9}","{citizen 26}","[213 0 42 100]","""""","9.9","false","{breed social-friends}","0","""default""","""none""","0"
"{citizen 9}","{citizen 27}","[213 0 42 100]","""""","9.9","false","{breed social-friends}","0","""default""","""none""","0"
"{citizen 9}","{citizen 28}","[141 141 141 100]","""""","9.9","false","{breed social-friends}","0","""default""","""none""","0"
"{citizen 9}","{citizen 29}","[213 0 42 100]","""""","9.9","false","{breed social-friends}","0","""default""","""none""","0"
"{citizen 9}","{citizen 30}","[213 0 42 100]","""""","9.9","false","{breed social-friends}","0","""default""","""none""","0"
"{citizen 9}","{citizen 31}","[213 0 42 100]","""""","9.9","false","{breed social-friends}","0","""default""","""none""","0"
"{citizen 9}","{citizen 32}","[213 0 42 100]","""""","9.9","false","{breed social-friends}","0","""default""","""none""","0"
"{citizen 9}","{citizen 33}","[213 0 42 100]","""""","9.9","false","{breed social-friends}","0","""default""","""none""","0"
"{citizen 9}","{citizen 34}","[141 141 141 100]","""""","9.9","false","{breed social-friends}","0","""default""","""none""","0"
"{citizen 9}","{citizen 35}","[141 141 141 100]","""""","9.9","false","{breed social-friends}","0","""default""","""none""","0"
"{citizen 9}","{citizen 36}","[213 0 42 100]","""""","9.9","false","{breed social-friends}","0","""default""","""none""","0"
"{citizen 9}","{citizen 37}","[213 0 42 100]","""""","9.9","false","{breed social-friends}","0","""default""","""none""","0"
"{citizen 9}","{citizen 38}","[213 0 42 100]","""""","9.9","false","{breed social-friends}","0","""default""","""none""","0"
"{citizen 9}","{citizen 39}","[213 0 42 100]","""""","9.9","false","{breed social-friends}","0","""default""","""none""","0"
"{citizen 9}","{citizen 40}","[213 0 42 100]","""""","9.9","false","{breed social-friends}","0","""default""","""none""","0"
"{citizen 9}","{citizen 41}","[141 141 141 100]","""""","9.9","false","{breed social-friends}","0","""default""","""none""","0"
"{citizen 9}","{citizen 42}","[213 0 42 100]","""""","9.9","false","{breed social-friends}","0","""default""","""none""","0"
"{citizen 9}","{citizen 43}","[141 141 141 100]","""""","9.9","false","{breed social-friends}","0","""default""","""none""","0"
"{citizen 9}","{citizen 44}","[141 141 141 100]","""""","9.9","false","{breed social-friends}","0","""default""","""none""","0"
"{citizen 9}","{citizen 45}","[213 0 42 100]","""""","9.9","false","{breed social-friends}","0","""default""","""none""","0"
"{citizen 9}","{citizen 46}","[141 141 141 100]","""""","9.9","false","{breed social-friends}","0","""default""","""none""","0"
"{citizen 9}","{citizen 47}","[213 0 42 100]","""""","9.9","false","{breed social-friends}","0","""default""","""none""","0"
"{citizen 9}","{citizen 48}","[213 0 42 100]","""""","9.9","false","{breed social-friends}","0","""default""","""none""","0"
"{citizen 9}","{citizen 49}","[213 0 42 100]","""""","9.9","false","{breed social-friends}","0","""default""","""none""","0"
"{citizen 10}","{citizen 0}","[213 0 42 100]","""""","9.9","false","{breed social-friends}","0","""default""","""none""","0"
"{citizen 10}","{citizen 1}","[213 0 42 100]","""""","9.9","false","{breed social-friends}","0","""default""","""none""","0"
"{citizen 10}","{citizen 2}","[213 0 42 100]","""""","9.9","false","{breed social-friends}","0","""default""","""none""","0"
"{citizen 10}","{citizen 3}","[141 141 141 100]","""""","9.9","false","{breed social-friends}","0","""default""","""none""","0"
"{citizen 10}","{citizen 4}","[213 0 42 100]","""""","9.9","false","{breed social-friends}","0","""default""","""none""","0"
"{citizen 10}","{citizen 5}","[213 0 42 100]","""""","9.9","false","{breed social-friends}","0","""default""","""none""","0"
"{citizen 10}","{citizen 6}","[213 0 42 100]","""""","9.9","false","{breed social-friends}","0","""default""","""none""","0"
"{citizen 10}","{citizen 7}","[213 0 42 100]","""""","9.9","false","{breed social-friends}","0","""default""","""none""","0"
"{citizen 10}","{citizen 8}","[213 0 42 100]","""""","9.9","false","{breed social-friends}","0","""default""","""none""","0"
"{citizen 10}","{citizen 9}","[213 0 42 100]","""""","9.9","false","{breed social-friends}","0","""default""","""none""","0"
"{citizen 10}","{citizen 11}","[213 0 42 100]","""""","9.9","false","{breed social-friends}","0","""default""","""none""","0"
"{citizen 10}","{citizen 12}","[141 141 141 100]","""""","9.9","false","{breed social-friends}","0","""default""","""none""","0"
"{citizen 10}","{citizen 13}","[213 0 42 100]","""""","9.9","false","{breed social-friends}","0","""default""","""none""","0"
"{citizen 10}","{citizen 14}","[141 141 141 100]","""""","9.9","false","{breed social-friends}","0","""default""","""none""","0"
"{citizen 10}","{citizen 15}","[213 0 42 100]","""""","9.9","false","{breed social-friends}","0","""default""","""none""","0"
"{citizen 10}","{citizen 16}","[141 141 141 100]","""""","9.9","false","{breed social-friends}","0","""default""","""none""","0"
"{citizen 10}","{citizen 17}","[141 141 141 100]","""""","9.9","false","{breed social-friends}","0","""default""","""none""","0"
"{citizen 10}","{citizen 19}","[213 0 42 100]","""""","9.9","false","{breed social-friends}","0","""default""","""none""","0"
"{citizen 10}","{citizen 21}","[213 0 42 100]","""""","9.9","false","{breed social-friends}","0","""default""","""none""","0"
"{citizen 10}","{citizen 22}","[213 0 42 100]","""""","9.9","false","{breed social-friends}","0","""default""","""none""","0"
"{citizen 10}","{citizen 23}","[141 141 141 100]","""""","9.9","false","{breed social-friends}","0","""default""","""none""","0"
"{citizen 10}","{citizen 24}","[213 0 42 100]","""""","9.9","false","{breed social-friends}","0","""default""","""none""","0"
"{citizen 10}","{citizen 25}","[213 0 42 100]","""""","9.9","false","{breed social-friends}","0","""default""","""none""","0"
"{citizen 10}","{citizen 26}","[213 0 42 100]","""""","9.9","false","{breed social-friends}","0","""default""","""none""","0"
"{citizen 10}","{citizen 27}","[213 0 42 100]","""""","9.9","false","{breed social-friends}","0","""default""","""none""","0"
"{citizen 10}","{citizen 29}","[213 0 42 100]","""""","9.9","false","{breed social-friends}","0","""default""","""none""","0"
"{citizen 10}","{citizen 30}","[213 0 42 100]","""""","9.9","false","{breed social-friends}","0","""default""","""none""","0"
"{citizen 10}","{citizen 31}","[213 0 42 100]","""""","9.9","false","{breed social-friends}","0","""default""","""none""","0"
"{citizen 10}","{citizen 32}","[213 0 42 100]","""""","9.9","false","{breed social-friends}","0","""default""","""none""","0"
"{citizen 10}","{citizen 33}","[213 0 42 100]","""""","9.9","false","{breed social-friends}","0","""default""","""none""","0"
"{citizen 10}","{citizen 34}","[141 141 141 100]","""""","9.9","false","{breed social-friends}","0","""default""","""none""","0"
"{citizen 10}","{citizen 36}","[213 0 42 100]","""""","9.9","false","{breed social-friends}","0","""default""","""none""","0"
"{citizen 10}","{citizen 37}","[213 0 42 100]","""""","9.9","false","{breed social-friends}","0","""default""","""none""","0"
"{citizen 10}","{citizen 38}","[213 0 42 100]","""""","9.9","false","{breed social-friends}","0","""default""","""none""","0"
"{citizen 10}","{citizen 39}","[213 0 42 100]","""""","9.9","false","{breed social-friends}","0","""default""","""none""","0"
"{citizen 10}","{citizen 40}","[213 0 42 100]","""""","9.9","false","{breed social-friends}","0","""default""","""none""","0"
"{citizen 10}","{citizen 41}","[141 141 141 100]","""""","9.9","false","{breed social-friends}","0","""default""","""none""","0"
"{citizen 10}","{citizen 42}","[213 0 42 100]","""""","9.9","false","{breed social-friends}","0","""default""","""none""","0"
"{citizen 10}","{citizen 43}","[141 141 141 100]","""""","9.9","false","{breed social-friends}","0","""default""","""none""","0"
"{citizen 10}","{citizen 44}","[141 141 141 100]","""""","9.9","false","{breed social-friends}","0","""default""","""none""","0"
"{citizen 10}","{citizen 45}","[213 0 42 100]","""""","9.9","false","{breed social-friends}","0","""default""","""none""","0"
"{citizen 10}","{citizen 46}","[141 141 141 100]","""""","9.9","false","{breed social-friends}","0","""default""","""none""","0"
"{citizen 10}","{citizen 47}","[213 0 42 100]","""""","9.9","false","{breed social-friends}","0","""default""","""none""","0"
"{citizen 10}","{citizen 48}","[213 0 42 100]","""""","9.9","false","{breed social-friends}","0","""default""","""none""","0"
"{citizen 10}","{citizen 49}","[213 0 42 100]","""""","9.9","false","{breed social-friends}","0","""default""","""none""","0"
"{citizen 11}","{citizen 0}","[213 0 42 100]","""""","9.9","false","{breed social-friends}","0","""default""","""none""","0"
"{citizen 11}","{citizen 1}","[213 0 42 100]","""""","9.9","false","{breed social-friends}","0","""default""","""none""","0"
"{citizen 11}","{citizen 2}","[213 0 42 100]","""""","9.9","false","{breed social-friends}","0","""default""","""none""","0"
"{citizen 11}","{citizen 4}","[213 0 42 100]","""""","9.9","false","{breed social-friends}","0","""default""","""none""","0"
"{citizen 11}","{citizen 5}","[213 0 42 100]","""""","9.9","false","{breed social-friends}","0","""default""","""none""","0"
"{citizen 11}","{citizen 6}","[213 0 42 100]","""""","9.9","false","{breed social-friends}","0","""default""","""none""","0"
"{citizen 11}","{citizen 7}","[213 0 42 100]","""""","9.9","false","{breed social-friends}","0","""default""","""none""","0"
"{citizen 11}","{citizen 8}","[213 0 42 100]","""""","9.9","false","{breed social-friends}","0","""default""","""none""","0"
"{citizen 11}","{citizen 9}","[213 0 42 100]","""""","9.9","false","{breed social-friends}","0","""default""","""none""","0"
"{citizen 11}","{citizen 10}","[213 0 42 100]","""""","9.9","false","{breed social-friends}","0","""default""","""none""","0"
"{citizen 11}","{citizen 12}","[141 141 141 100]","""""","9.9","false","{breed social-friends}","0","""default""","""none""","0"
"{citizen 11}","{citizen 13}","[213 0 42 100]","""""","9.9","false","{breed social-friends}","0","""default""","""none""","0"
"{citizen 11}","{citizen 14}","[141 141 141 100]","""""","9.9","false","{breed social-friends}","0","""default""","""none""","0"
"{citizen 11}","{citizen 15}","[213 0 42 100]","""""","9.9","false","{breed social-friends}","0","""default""","""none""","0"
"{citizen 11}","{citizen 16}","[141 141 141 100]","""""","9.9","false","{breed social-friends}","0","""default""","""none""","0"
"{citizen 11}","{citizen 17}","[141 141 141 100]","""""","9.9","false","{breed social-friends}","0","""default""","""none""","0"
"{citizen 11}","{citizen 19}","[213 0 42 100]","""""","9.9","false","{breed social-friends}","0","""default""","""none""","0"
"{citizen 11}","{citizen 21}","[213 0 42 100]","""""","9.9","false","{breed social-friends}","0","""default""","""none""","0"
"{citizen 11}","{citizen 22}","[213 0 42 100]","""""","9.9","false","{breed social-friends}","0","""default""","""none""","0"
"{citizen 11}","{citizen 23}","[141 141 141 100]","""""","9.9","false","{breed social-friends}","0","""default""","""none""","0"
"{citizen 11}","{citizen 24}","[213 0 42 100]","""""","9.9","false","{breed social-friends}","0","""default""","""none""","0"
"{citizen 11}","{citizen 25}","[213 0 42 100]","""""","9.9","false","{breed social-friends}","0","""default""","""none""","0"
"{citizen 11}","{citizen 26}","[213 0 42 100]","""""","9.9","false","{breed social-friends}","0","""default""","""none""","0"
"{citizen 11}","{citizen 27}","[213 0 42 100]","""""","9.9","false","{breed social-friends}","0","""default""","""none""","0"
"{citizen 11}","{citizen 29}","[213 0 42 100]","""""","9.9","false","{breed social-friends}","0","""default""","""none""","0"
"{citizen 11}","{citizen 30}","[213 0 42 100]","""""","9.9","false","{breed social-friends}","0","""default""","""none""","0"
"{citizen 11}","{citizen 31}","[213 0 42 100]","""""","9.9","false","{breed social-friends}","0","""default""","""none""","0"
"{citizen 11}","{citizen 32}","[213 0 42 100]","""""","9.9","false","{breed social-friends}","0","""default""","""none""","0"
"{citizen 11}","{citizen 33}","[213 0 42 100]","""""","9.9","false","{breed social-friends}","0","""default""","""none""","0"
"{citizen 11}","{citizen 34}","[141 141 141 100]","""""","9.9","false","{breed social-friends}","0","""default""","""none""","0"
"{citizen 11}","{citizen 36}","[213 0 42 100]","""""","9.9","false","{breed social-friends}","0","""default""","""none""","0"
"{citizen 11}","{citizen 37}","[213 0 42 100]","""""","9.9","false","{breed social-friends}","0","""default""","""none""","0"
"{citizen 11}","{citizen 38}","[213 0 42 100]","""""","9.9","false","{breed social-friends}","0","""default""","""none""","0"
"{citizen 11}","{citizen 39}","[213 0 42 100]","""""","9.9","false","{breed social-friends}","0","""default""","""none""","0"
"{citizen 11}","{citizen 40}","[213 0 42 100]","""""","9.9","false","{breed social-friends}","0","""default""","""none""","0"
"{citizen 11}","{citizen 41}","[141 141 141 100]","""""","9.9","false","{breed social-friends}","0","""default""","""none""","0"
"{citizen 11}","{citizen 42}","[213 0 42 100]","""""","9.9","false","{breed social-friends}","0","""default""","""none""","0"
"{citizen 11}","{citizen 44}","[141 141 141 100]","""""","9.9","false","{breed social-friends}","0","""default""","""none""","0"
"{citizen 11}","{citizen 45}","[213 0 42 100]","""""","9.9","false","{breed social-friends}","0","""default""","""none""","0"
"{citizen 11}","{citizen 46}","[141 141 141 100]","""""","9.9","false","{breed social-friends}","0","""default""","""none""","0"
"{citizen 11}","{citizen 47}","[213 0 42 100]","""""","9.9","false","{breed social-friends}","0","""default""","""none""","0"
"{citizen 11}","{citizen 48}","[213 0 42 100]","""""","9.9","false","{breed social-friends}","0","""default""","""none""","0"
"{citizen 11}","{citizen 49}","[213 0 42 100]","""""","9.9","false","{breed social-friends}","0","""default""","""none""","0"
"{citizen 12}","{citizen 0}","[141 141 141 100]","""""","9.9","false","{breed social-friends}","0","""default""","""none""","0"
"{citizen 12}","{citizen 1}","[141 141 141 100]","""""","9.9","false","{breed social-friends}","0","""default""","""none""","0"
"{citizen 12}","{citizen 2}","[141 141 141 100]","""""","9.9","false","{breed social-friends}","0","""default""","""none""","0"
"{citizen 12}","{citizen 3}","[43 0 212 100]","""""","9.9","false","{breed social-friends}","0","""default""","""none""","0"
"{citizen 12}","{citizen 4}","[141 141 141 100]","""""","9.9","false","{breed social-friends}","0","""default""","""none""","0"
"{citizen 12}","{citizen 5}","[141 141 141 100]","""""","9.9","false","{breed social-friends}","0","""default""","""none""","0"
"{citizen 12}","{citizen 6}","[141 141 141 100]","""""","9.9","false","{breed social-friends}","0","""default""","""none""","0"
"{citizen 12}","{citizen 7}","[141 141 141 100]","""""","9.9","false","{breed social-friends}","0","""default""","""none""","0"
"{citizen 12}","{citizen 8}","[141 141 141 100]","""""","9.9","false","{breed social-friends}","0","""default""","""none""","0"
"{citizen 12}","{citizen 9}","[141 141 141 100]","""""","9.9","false","{breed social-friends}","0","""default""","""none""","0"
"{citizen 12}","{citizen 10}","[141 141 141 100]","""""","9.9","false","{breed social-friends}","0","""default""","""none""","0"
"{citizen 12}","{citizen 11}","[141 141 141 100]","""""","9.9","false","{breed social-friends}","0","""default""","""none""","0"
"{citizen 12}","{citizen 13}","[141 141 141 100]","""""","9.9","false","{breed social-friends}","0","""default""","""none""","0"
"{citizen 12}","{citizen 14}","[43 0 212 100]","""""","9.9","false","{breed social-friends}","0","""default""","""none""","0"
"{citizen 12}","{citizen 15}","[141 141 141 100]","""""","9.9","false","{breed social-friends}","0","""default""","""none""","0"
"{citizen 12}","{citizen 18}","[43 0 212 100]","""""","9.9","false","{breed social-friends}","0","""default""","""none""","0"
"{citizen 12}","{citizen 19}","[141 141 141 100]","""""","9.9","false","{breed social-friends}","0","""default""","""none""","0"
"{citizen 12}","{citizen 20}","[43 0 212 100]","""""","9.9","false","{breed social-friends}","0","""default""","""none""","0"
"{citizen 12}","{citizen 21}","[141 141 141 100]","""""","9.9","false","{breed social-friends}","0","""default""","""none""","0"
"{citizen 12}","{citizen 22}","[141 141 141 100]","""""","9.9","false","{breed social-friends}","0","""default""","""none""","0"
"{citizen 12}","{citizen 23}","[43 0 212 100]","""""","9.9","false","{breed social-friends}","0","""default""","""none""","0"
"{citizen 12}","{citizen 24}","[141 141 141 100]","""""","9.9","false","{breed social-friends}","0","""default""","""none""","0"
"{citizen 12}","{citizen 25}","[141 141 141 100]","""""","9.9","false","{breed social-friends}","0","""default""","""none""","0"
"{citizen 12}","{citizen 26}","[141 141 141 100]","""""","9.9","false","{breed social-friends}","0","""default""","""none""","0"
"{citizen 12}","{citizen 27}","[141 141 141 100]","""""","9.9","false","{breed social-friends}","0","""default""","""none""","0"
"{citizen 12}","{citizen 28}","[43 0 212 100]","""""","9.9","false","{breed social-friends}","0","""default""","""none""","0"
"{citizen 12}","{citizen 29}","[141 141 141 100]","""""","9.9","false","{breed social-friends}","0","""default""","""none""","0"
"{citizen 12}","{citizen 30}","[141 141 141 100]","""""","9.9","false","{breed social-friends}","0","""default""","""none""","0"
"{citizen 12}","{citizen 31}","[141 141 141 100]","""""","9.9","false","{breed social-friends}","0","""default""","""none""","0"
"{citizen 12}","{citizen 32}","[141 141 141 100]","""""","9.9","false","{breed social-friends}","0","""default""","""none""","0"
"{citizen 12}","{citizen 33}","[141 141 141 100]","""""","9.9","false","{breed social-friends}","0","""default""","""none""","0"
"{citizen 12}","{citizen 35}","[43 0 212 100]","""""","9.9","false","{breed social-friends}","0","""default""","""none""","0"
"{citizen 12}","{citizen 36}","[141 141 141 100]","""""","9.9","false","{breed social-friends}","0","""default""","""none""","0"
"{citizen 12}","{citizen 37}","[141 141 141 100]","""""","9.9","false","{breed social-friends}","0","""default""","""none""","0"
"{citizen 12}","{citizen 38}","[141 141 141 100]","""""","9.9","false","{breed social-friends}","0","""default""","""none""","0"
"{citizen 12}","{citizen 39}","[141 141 141 100]","""""","9.9","false","{breed social-friends}","0","""default""","""none""","0"
"{citizen 12}","{citizen 40}","[141 141 141 100]","""""","9.9","false","{breed social-friends}","0","""default""","""none""","0"
"{citizen 12}","{citizen 42}","[141 141 141 100]","""""","9.9","false","{breed social-friends}","0","""default""","""none""","0"
"{citizen 12}","{citizen 43}","[43 0 212 100]","""""","9.9","false","{breed social-friends}","0","""default""","""none""","0"
"{citizen 12}","{citizen 45}","[141 141 141 100]","""""","9.9","false","{breed social-friends}","0","""default""","""none""","0"
"{citizen 12}","{citizen 47}","[141 141 141 100]","""""","9.9","false","{breed social-friends}","0","""default""","""none""","0"
"{citizen 12}","{citizen 48}","[141 141 141 100]","""""","9.9","false","{breed social-friends}","0","""default""","""none""","0"
"{citizen 12}","{citizen 49}","[141 141 141 100]","""""","9.9","false","{breed social-friends}","0","""default""","""none""","0"
"{citizen 13}","{citizen 0}","[213 0 42 100]","""""","9.9","false","{breed social-friends}","0","""default""","""none""","0"
"{citizen 13}","{citizen 1}","[213 0 42 100]","""""","9.9","false","{breed social-friends}","0","""default""","""none""","0"
"{citizen 13}","{citizen 2}","[213 0 42 100]","""""","9.9","false","{breed social-friends}","0","""default""","""none""","0"
"{citizen 13}","{citizen 3}","[141 141 141 100]","""""","9.9","false","{breed social-friends}","0","""default""","""none""","0"
"{citizen 13}","{citizen 4}","[213 0 42 100]","""""","9.9","false","{breed social-friends}","0","""default""","""none""","0"
"{citizen 13}","{citizen 5}","[213 0 42 100]","""""","9.9","false","{breed social-friends}","0","""default""","""none""","0"
"{citizen 13}","{citizen 6}","[213 0 42 100]","""""","9.9","false","{breed social-friends}","0","""default""","""none""","0"
"{citizen 13}","{citizen 7}","[213 0 42 100]","""""","9.9","false","{breed social-friends}","0","""default""","""none""","0"
"{citizen 13}","{citizen 8}","[213 0 42 100]","""""","9.9","false","{breed social-friends}","0","""default""","""none""","0"
"{citizen 13}","{citizen 9}","[213 0 42 100]","""""","9.9","false","{breed social-friends}","0","""default""","""none""","0"
"{citizen 13}","{citizen 10}","[213 0 42 100]","""""","9.9","false","{breed social-friends}","0","""default""","""none""","0"
"{citizen 13}","{citizen 11}","[213 0 42 100]","""""","9.9","false","{breed social-friends}","0","""default""","""none""","0"
"{citizen 13}","{citizen 12}","[141 141 141 100]","""""","9.9","false","{breed social-friends}","0","""default""","""none""","0"
"{citizen 13}","{citizen 14}","[141 141 141 100]","""""","9.9","false","{breed social-friends}","0","""default""","""none""","0"
"{citizen 13}","{citizen 15}","[213 0 42 100]","""""","9.9","false","{breed social-friends}","0","""default""","""none""","0"
"{citizen 13}","{citizen 16}","[141 141 141 100]","""""","9.9","false","{breed social-friends}","0","""default""","""none""","0"
"{citizen 13}","{citizen 17}","[141 141 141 100]","""""","9.9","false","{breed social-friends}","0","""default""","""none""","0"
"{citizen 13}","{citizen 19}","[213 0 42 100]","""""","9.9","false","{breed social-friends}","0","""default""","""none""","0"
"{citizen 13}","{citizen 20}","[141 141 141 100]","""""","9.9","false","{breed social-friends}","0","""default""","""none""","0"
"{citizen 13}","{citizen 21}","[213 0 42 100]","""""","9.9","false","{breed social-friends}","0","""default""","""none""","0"
"{citizen 13}","{citizen 22}","[213 0 42 100]","""""","9.9","false","{breed social-friends}","0","""default""","""none""","0"
"{citizen 13}","{citizen 24}","[213 0 42 100]","""""","9.9","false","{breed social-friends}","0","""default""","""none""","0"
"{citizen 13}","{citizen 25}","[213 0 42 100]","""""","9.9","false","{breed social-friends}","0","""default""","""none""","0"
"{citizen 13}","{citizen 26}","[213 0 42 100]","""""","9.9","false","{breed social-friends}","0","""default""","""none""","0"
"{citizen 13}","{citizen 27}","[213 0 42 100]","""""","9.9","false","{breed social-friends}","0","""default""","""none""","0"
"{citizen 13}","{citizen 29}","[213 0 42 100]","""""","9.9","false","{breed social-friends}","0","""default""","""none""","0"
"{citizen 13}","{citizen 30}","[213 0 42 100]","""""","9.9","false","{breed social-friends}","0","""default""","""none""","0"
"{citizen 13}","{citizen 31}","[213 0 42 100]","""""","9.9","false","{breed social-friends}","0","""default""","""none""","0"
"{citizen 13}","{citizen 32}","[213 0 42 100]","""""","9.9","false","{breed social-friends}","0","""default""","""none""","0"
"{citizen 13}","{citizen 33}","[213 0 42 100]","""""","9.9","false","{breed social-friends}","0","""default""","""none""","0"
"{citizen 13}","{citizen 34}","[141 141 141 100]","""""","9.9","false","{breed social-friends}","0","""default""","""none""","0"
"{citizen 13}","{citizen 35}","[141 141 141 100]","""""","9.9","false","{breed social-friends}","0","""default""","""none""","0"
"{citizen 13}","{citizen 36}","[213 0 42 100]","""""","9.9","false","{breed social-friends}","0","""default""","""none""","0"
"{citizen 13}","{citizen 37}","[213 0 42 100]","""""","9.9","false","{breed social-friends}","0","""default""","""none""","0"
"{citizen 13}","{citizen 38}","[213 0 42 100]","""""","9.9","false","{breed social-friends}","0","""default""","""none""","0"
"{citizen 13}","{citizen 39}","[213 0 42 100]","""""","9.9","false","{breed social-friends}","0","""default""","""none""","0"
"{citizen 13}","{citizen 40}","[213 0 42 100]","""""","9.9","false","{breed social-friends}","0","""default""","""none""","0"
"{citizen 13}","{citizen 41}","[141 141 141 100]","""""","9.9","false","{breed social-friends}","0","""default""","""none""","0"
"{citizen 13}","{citizen 42}","[213 0 42 100]","""""","9.9","false","{breed social-friends}","0","""default""","""none""","0"
"{citizen 13}","{citizen 44}","[141 141 141 100]","""""","9.9","false","{breed social-friends}","0","""default""","""none""","0"
"{citizen 13}","{citizen 45}","[213 0 42 100]","""""","9.9","false","{breed social-friends}","0","""default""","""none""","0"
"{citizen 13}","{citizen 46}","[141 141 141 100]","""""","9.9","false","{breed social-friends}","0","""default""","""none""","0"
"{citizen 13}","{citizen 47}","[213 0 42 100]","""""","9.9","false","{breed social-friends}","0","""default""","""none""","0"
"{citizen 13}","{citizen 48}","[213 0 42 100]","""""","9.9","false","{breed social-friends}","0","""default""","""none""","0"
"{citizen 13}","{citizen 49}","[213 0 42 100]","""""","9.9","false","{breed social-friends}","0","""default""","""none""","0"
"{citizen 14}","{citizen 0}","[141 141 141 100]","""""","9.9","false","{breed social-friends}","0","""default""","""none""","0"
"{citizen 14}","{citizen 1}","[141 141 141 100]","""""","9.9","false","{breed social-friends}","0","""default""","""none""","0"
"{citizen 14}","{citizen 4}","[141 141 141 100]","""""","9.9","false","{breed social-friends}","0","""default""","""none""","0"
"{citizen 14}","{citizen 5}","[141 141 141 100]","""""","9.9","false","{breed social-friends}","0","""default""","""none""","0"
"{citizen 14}","{citizen 6}","[141 141 141 100]","""""","9.9","false","{breed social-friends}","0","""default""","""none""","0"
"{citizen 14}","{citizen 7}","[141 141 141 100]","""""","9.9","false","{breed social-friends}","0","""default""","""none""","0"
"{citizen 14}","{citizen 8}","[141 141 141 100]","""""","9.9","false","{breed social-friends}","0","""default""","""none""","0"
"{citizen 14}","{citizen 9}","[141 141 141 100]","""""","9.9","false","{breed social-friends}","0","""default""","""none""","0"
"{citizen 14}","{citizen 10}","[141 141 141 100]","""""","9.9","false","{breed social-friends}","0","""default""","""none""","0"
"{citizen 14}","{citizen 11}","[141 141 141 100]","""""","9.9","false","{breed social-friends}","0","""default""","""none""","0"
"{citizen 14}","{citizen 12}","[43 0 212 100]","""""","9.9","false","{breed social-friends}","0","""default""","""none""","0"
"{citizen 14}","{citizen 13}","[141 141 141 100]","""""","9.9","false","{breed social-friends}","0","""default""","""none""","0"
"{citizen 14}","{citizen 15}","[141 141 141 100]","""""","9.9","false","{breed social-friends}","0","""default""","""none""","0"
"{citizen 14}","{citizen 18}","[43 0 212 100]","""""","9.9","false","{breed social-friends}","0","""default""","""none""","0"
"{citizen 14}","{citizen 19}","[141 141 141 100]","""""","9.9","false","{breed social-friends}","0","""default""","""none""","0"
"{citizen 14}","{citizen 20}","[43 0 212 100]","""""","9.9","false","{breed social-friends}","0","""default""","""none""","0"
"{citizen 14}","{citizen 21}","[141 141 141 100]","""""","9.9","false","{breed social-friends}","0","""default""","""none""","0"
"{citizen 14}","{citizen 22}","[141 141 141 100]","""""","9.9","false","{breed social-friends}","0","""default""","""none""","0"
"{citizen 14}","{citizen 24}","[141 141 141 100]","""""","9.9","false","{breed social-friends}","0","""default""","""none""","0"
"{citizen 14}","{citizen 25}","[141 141 141 100]","""""","9.9","false","{breed social-friends}","0","""default""","""none""","0"
"{citizen 14}","{citizen 27}","[141 141 141 100]","""""","9.9","false","{breed social-friends}","0","""default""","""none""","0"
"{citizen 14}","{citizen 28}","[43 0 212 100]","""""","9.9","false","{breed social-friends}","0","""default""","""none""","0"
"{citizen 14}","{citizen 29}","[141 141 141 100]","""""","9.9","false","{breed social-friends}","0","""default""","""none""","0"
"{citizen 14}","{citizen 30}","[141 141 141 100]","""""","9.9","false","{breed social-friends}","0","""default""","""none""","0"
"{citizen 14}","{citizen 31}","[141 141 141 100]","""""","9.9","false","{breed social-friends}","0","""default""","""none""","0"
"{citizen 14}","{citizen 32}","[141 141 141 100]","""""","9.9","false","{breed social-friends}","0","""default""","""none""","0"
"{citizen 14}","{citizen 33}","[141 141 141 100]","""""","9.9","false","{breed social-friends}","0","""default""","""none""","0"
"{citizen 14}","{citizen 34}","[43 0 212 100]","""""","9.9","false","{breed social-friends}","0","""default""","""none""","0"
"{citizen 14}","{citizen 35}","[43 0 212 100]","""""","9.9","false","{breed social-friends}","0","""default""","""none""","0"
"{citizen 14}","{citizen 36}","[141 141 141 100]","""""","9.9","false","{breed social-friends}","0","""default""","""none""","0"
"{citizen 14}","{citizen 37}","[141 141 141 100]","""""","9.9","false","{breed social-friends}","0","""default""","""none""","0"
"{citizen 14}","{citizen 38}","[141 141 141 100]","""""","9.9","false","{breed social-friends}","0","""default""","""none""","0"
"{citizen 14}","{citizen 39}","[141 141 141 100]","""""","9.9","false","{breed social-friends}","0","""default""","""none""","0"
"{citizen 14}","{citizen 40}","[141 141 141 100]","""""","9.9","false","{breed social-friends}","0","""default""","""none""","0"
"{citizen 14}","{citizen 42}","[141 141 141 100]","""""","9.9","false","{breed social-friends}","0","""default""","""none""","0"
"{citizen 14}","{citizen 43}","[43 0 212 100]","""""","9.9","false","{breed social-friends}","0","""default""","""none""","0"
"{citizen 14}","{citizen 46}","[43 0 212 100]","""""","9.9","false","{breed social-friends}","0","""default""","""none""","0"
"{citizen 14}","{citizen 48}","[141 141 141 100]","""""","9.9","false","{breed social-friends}","0","""default""","""none""","0"
"{citizen 14}","{citizen 49}","[141 141 141 100]","""""","9.9","false","{breed social-friends}","0","""default""","""none""","0"
"{citizen 15}","{citizen 0}","[213 0 42 100]","""""","9.9","false","{breed social-friends}","0","""default""","""none""","0"
"{citizen 15}","{citizen 1}","[213 0 42 100]","""""","9.9","false","{breed social-friends}","0","""default""","""none""","0"
"{citizen 15}","{citizen 2}","[213 0 42 100]","""""","9.9","false","{breed social-friends}","0","""default""","""none""","0"
"{citizen 15}","{citizen 3}","[141 141 141 100]","""""","9.9","false","{breed social-friends}","0","""default""","""none""","0"
"{citizen 15}","{citizen 4}","[213 0 42 100]","""""","9.9","false","{breed social-friends}","0","""default""","""none""","0"
"{citizen 15}","{citizen 5}","[213 0 42 100]","""""","9.9","false","{breed social-friends}","0","""default""","""none""","0"
"{citizen 15}","{citizen 6}","[213 0 42 100]","""""","9.9","false","{breed social-friends}","0","""default""","""none""","0"
"{citizen 15}","{citizen 7}","[213 0 42 100]","""""","9.9","false","{breed social-friends}","0","""default""","""none""","0"
"{citizen 15}","{citizen 8}","[213 0 42 100]","""""","9.9","false","{breed social-friends}","0","""default""","""none""","0"
"{citizen 15}","{citizen 9}","[213 0 42 100]","""""","9.9","false","{breed social-friends}","0","""default""","""none""","0"
"{citizen 15}","{citizen 10}","[213 0 42 100]","""""","9.9","false","{breed social-friends}","0","""default""","""none""","0"
"{citizen 15}","{citizen 11}","[213 0 42 100]","""""","9.9","false","{breed social-friends}","0","""default""","""none""","0"
"{citizen 15}","{citizen 12}","[141 141 141 100]","""""","9.9","false","{breed social-friends}","0","""default""","""none""","0"
"{citizen 15}","{citizen 13}","[213 0 42 100]","""""","9.9","false","{breed social-friends}","0","""default""","""none""","0"
"{citizen 15}","{citizen 14}","[141 141 141 100]","""""","9.9","false","{breed social-friends}","0","""default""","""none""","0"
"{citizen 15}","{citizen 16}","[141 141 141 100]","""""","9.9","false","{breed social-friends}","0","""default""","""none""","0"
"{citizen 15}","{citizen 17}","[141 141 141 100]","""""","9.9","false","{breed social-friends}","0","""default""","""none""","0"
"{citizen 15}","{citizen 19}","[213 0 42 100]","""""","9.9","false","{breed social-friends}","0","""default""","""none""","0"
"{citizen 15}","{citizen 20}","[141 141 141 100]","""""","9.9","false","{breed social-friends}","0","""default""","""none""","0"
"{citizen 15}","{citizen 21}","[213 0 42 100]","""""","9.9","false","{breed social-friends}","0","""default""","""none""","0"
"{citizen 15}","{citizen 22}","[213 0 42 100]","""""","9.9","false","{breed social-friends}","0","""default""","""none""","0"
"{citizen 15}","{citizen 23}","[141 141 141 100]","""""","9.9","false","{breed social-friends}","0","""default""","""none""","0"
"{citizen 15}","{citizen 24}","[213 0 42 100]","""""","9.9","false","{breed social-friends}","0","""default""","""none""","0"
"{citizen 15}","{citizen 25}","[213 0 42 100]","""""","9.9","false","{breed social-friends}","0","""default""","""none""","0"
"{citizen 15}","{citizen 26}","[213 0 42 100]","""""","9.9","false","{breed social-friends}","0","""default""","""none""","0"
"{citizen 15}","{citizen 27}","[213 0 42 100]","""""","9.9","false","{breed social-friends}","0","""default""","""none""","0"
"{citizen 15}","{citizen 28}","[141 141 141 100]","""""","9.9","false","{breed social-friends}","0","""default""","""none""","0"
"{citizen 15}","{citizen 29}","[213 0 42 100]","""""","9.9","false","{breed social-friends}","0","""default""","""none""","0"
"{citizen 15}","{citizen 30}","[213 0 42 100]","""""","9.9","false","{breed social-friends}","0","""default""","""none""","0"
"{citizen 15}","{citizen 31}","[213 0 42 100]","""""","9.9","false","{breed social-friends}","0","""default""","""none""","0"
"{citizen 15}","{citizen 32}","[213 0 42 100]","""""","9.9","false","{breed social-friends}","0","""default""","""none""","0"
"{citizen 15}","{citizen 33}","[213 0 42 100]","""""","9.9","false","{breed social-friends}","0","""default""","""none""","0"
"{citizen 15}","{citizen 34}","[141 141 141 100]","""""","9.9","false","{breed social-friends}","0","""default""","""none""","0"
"{citizen 15}","{citizen 36}","[213 0 42 100]","""""","9.9","false","{breed social-friends}","0","""default""","""none""","0"
"{citizen 15}","{citizen 37}","[213 0 42 100]","""""","9.9","false","{breed social-friends}","0","""default""","""none""","0"
"{citizen 15}","{citizen 38}","[213 0 42 100]","""""","9.9","false","{breed social-friends}","0","""default""","""none""","0"
"{citizen 15}","{citizen 39}","[213 0 42 100]","""""","9.9","false","{breed social-friends}","0","""default""","""none""","0"
"{citizen 15}","{citizen 40}","[213 0 42 100]","""""","9.9","false","{breed social-friends}","0","""default""","""none""","0"
"{citizen 15}","{citizen 41}","[141 141 141 100]","""""","9.9","false","{breed social-friends}","0","""default""","""none""","0"
"{citizen 15}","{citizen 42}","[213 0 42 100]","""""","9.9","false","{breed social-friends}","0","""default""","""none""","0"
"{citizen 15}","{citizen 43}","[141 141 141 100]","""""","9.9","false","{breed social-friends}","0","""default""","""none""","0"
"{citizen 15}","{citizen 44}","[141 141 141 100]","""""","9.9","false","{breed social-friends}","0","""default""","""none""","0"
"{citizen 15}","{citizen 45}","[213 0 42 100]","""""","9.9","false","{breed social-friends}","0","""default""","""none""","0"
"{citizen 15}","{citizen 46}","[141 141 141 100]","""""","9.9","false","{breed social-friends}","0","""default""","""none""","0"
"{citizen 15}","{citizen 47}","[213 0 42 100]","""""","9.9","false","{breed social-friends}","0","""default""","""none""","0"
"{citizen 15}","{citizen 48}","[213 0 42 100]","""""","9.9","false","{breed social-friends}","0","""default""","""none""","0"
"{citizen 15}","{citizen 49}","[213 0 42 100]","""""","9.9","false","{breed social-friends}","0","""default""","""none""","0"
"{citizen 16}","{citizen 0}","[141 141 141 100]","""""","9.9","false","{breed social-friends}","0","""default""","""none""","0"
"{citizen 16}","{citizen 1}","[141 141 141 100]","""""","9.9","false","{breed social-friends}","0","""default""","""none""","0"
"{citizen 16}","{citizen 2}","[141 141 141 100]","""""","9.9","false","{breed social-friends}","0","""default""","""none""","0"
"{citizen 16}","{citizen 3}","[43 0 212 100]","""""","9.9","false","{breed social-friends}","0","""default""","""none""","0"
"{citizen 16}","{citizen 4}","[141 141 141 100]","""""","9.9","false","{breed social-friends}","0","""default""","""none""","0"
"{citizen 16}","{citizen 5}","[141 141 141 100]","""""","9.9","false","{breed social-friends}","0","""default""","""none""","0"
"{citizen 16}","{citizen 6}","[141 141 141 100]","""""","9.9","false","{breed social-friends}","0","""default""","""none""","0"
"{citizen 16}","{citizen 7}","[141 141 141 100]","""""","9.9","false","{breed social-friends}","0","""default""","""none""","0"
"{citizen 16}","{citizen 8}","[141 141 141 100]","""""","9.9","false","{breed social-friends}","0","""default""","""none""","0"
"{citizen 16}","{citizen 9}","[141 141 141 100]","""""","9.9","false","{breed social-friends}","0","""default""","""none""","0"
"{citizen 16}","{citizen 10}","[141 141 141 100]","""""","9.9","false","{breed social-friends}","0","""default""","""none""","0"
"{citizen 16}","{citizen 11}","[141 141 141 100]","""""","9.9","false","{breed social-friends}","0","""default""","""none""","0"
"{citizen 16}","{citizen 13}","[141 141 141 100]","""""","9.9","false","{breed social-friends}","0","""default""","""none""","0"
"{citizen 16}","{citizen 15}","[141 141 141 100]","""""","9.9","false","{breed social-friends}","0","""default""","""none""","0"
"{citizen 16}","{citizen 18}","[43 0 212 100]","""""","9.9","false","{breed social-friends}","0","""default""","""none""","0"
"{citizen 16}","{citizen 19}","[141 141 141 100]","""""","9.9","false","{breed social-friends}","0","""default""","""none""","0"
"{citizen 16}","{citizen 20}","[43 0 212 100]","""""","9.9","false","{breed social-friends}","0","""default""","""none""","0"
"{citizen 16}","{citizen 21}","[141 141 141 100]","""""","9.9","false","{breed social-friends}","0","""default""","""none""","0"
"{citizen 16}","{citizen 22}","[141 141 141 100]","""""","9.9","false","{breed social-friends}","0","""default""","""none""","0"
"{citizen 16}","{citizen 23}","[43 0 212 100]","""""","9.9","false","{breed social-friends}","0","""default""","""none""","0"
"{citizen 16}","{citizen 24}","[141 141 141 100]","""""","9.9","false","{breed social-friends}","0","""default""","""none""","0"
"{citizen 16}","{citizen 25}","[141 141 141 100]","""""","9.9","false","{breed social-friends}","0","""default""","""none""","0"
"{citizen 16}","{citizen 26}","[141 141 141 100]","""""","9.9","false","{breed social-friends}","0","""default""","""none""","0"
"{citizen 16}","{citizen 27}","[141 141 141 100]","""""","9.9","false","{breed social-friends}","0","""default""","""none""","0"
"{citizen 16}","{citizen 28}","[43 0 212 100]","""""","9.9","false","{breed social-friends}","0","""default""","""none""","0"
"{citizen 16}","{citizen 29}","[141 141 141 100]","""""","9.9","false","{breed social-friends}","0","""default""","""none""","0"
"{citizen 16}","{citizen 30}","[141 141 141 100]","""""","9.9","false","{breed social-friends}","0","""default""","""none""","0"
"{citizen 16}","{citizen 31}","[141 141 141 100]","""""","9.9","false","{breed social-friends}","0","""default""","""none""","0"
"{citizen 16}","{citizen 32}","[141 141 141 100]","""""","9.9","false","{breed social-friends}","0","""default""","""none""","0"
"{citizen 16}","{citizen 33}","[141 141 141 100]","""""","9.9","false","{breed social-friends}","0","""default""","""none""","0"
"{citizen 16}","{citizen 35}","[43 0 212 100]","""""","9.9","false","{breed social-friends}","0","""default""","""none""","0"
"{citizen 16}","{citizen 36}","[141 141 141 100]","""""","9.9","false","{breed social-friends}","0","""default""","""none""","0"
"{citizen 16}","{citizen 37}","[141 141 141 100]","""""","9.9","false","{breed social-friends}","0","""default""","""none""","0"
"{citizen 16}","{citizen 38}","[141 141 141 100]","""""","9.9","false","{breed social-friends}","0","""default""","""none""","0"
"{citizen 16}","{citizen 39}","[141 141 141 100]","""""","9.9","false","{breed social-friends}","0","""default""","""none""","0"
"{citizen 16}","{citizen 40}","[141 141 141 100]","""""","9.9","false","{breed social-friends}","0","""default""","""none""","0"
"{citizen 16}","{citizen 42}","[141 141 141 100]","""""","9.9","false","{breed social-friends}","0","""default""","""none""","0"
"{citizen 16}","{citizen 44}","[43 0 212 100]","""""","9.9","false","{breed social-friends}","0","""default""","""none""","0"
"{citizen 16}","{citizen 45}","[141 141 141 100]","""""","9.9","false","{breed social-friends}","0","""default""","""none""","0"
"{citizen 16}","{citizen 47}","[141 141 141 100]","""""","9.9","false","{breed social-friends}","0","""default""","""none""","0"
"{citizen 16}","{citizen 48}","[141 141 141 100]","""""","9.9","false","{breed social-friends}","0","""default""","""none""","0"
"{citizen 16}","{citizen 49}","[141 141 141 100]","""""","9.9","false","{breed social-friends}","0","""default""","""none""","0"
"{citizen 17}","{citizen 0}","[141 141 141 100]","""""","9.9","false","{breed social-friends}","0","""default""","""none""","0"
"{citizen 17}","{citizen 1}","[141 141 141 100]","""""","9.9","false","{breed social-friends}","0","""default""","""none""","0"
"{citizen 17}","{citizen 2}","[141 141 141 100]","""""","9.9","false","{breed social-friends}","0","""default""","""none""","0"
"{citizen 17}","{citizen 4}","[141 141 141 100]","""""","9.9","false","{breed social-friends}","0","""default""","""none""","0"
"{citizen 17}","{citizen 5}","[141 141 141 100]","""""","9.9","false","{breed social-friends}","0","""default""","""none""","0"
"{citizen 17}","{citizen 6}","[141 141 141 100]","""""","9.9","false","{breed social-friends}","0","""default""","""none""","0"
"{citizen 17}","{citizen 7}","[141 141 141 100]","""""","9.9","false","{breed social-friends}","0","""default""","""none""","0"
"{citizen 17}","{citizen 8}","[141 141 141 100]","""""","9.9","false","{breed social-friends}","0","""default""","""none""","0"
"{citizen 17}","{citizen 9}","[141 141 141 100]","""""","9.9","false","{breed social-friends}","0","""default""","""none""","0"
"{citizen 17}","{citizen 10}","[141 141 141 100]","""""","9.9","false","{breed social-friends}","0","""default""","""none""","0"
"{citizen 17}","{citizen 11}","[141 141 141 100]","""""","9.9","false","{breed social-friends}","0","""default""","""none""","0"
"{citizen 17}","{citizen 13}","[141 141 141 100]","""""","9.9","false","{breed social-friends}","0","""default""","""none""","0"
"{citizen 17}","{citizen 15}","[141 141 141 100]","""""","9.9","false","{breed social-friends}","0","""default""","""none""","0"
"{citizen 17}","{citizen 18}","[43 0 212 100]","""""","9.9","false","{breed social-friends}","0","""default""","""none""","0"
"{citizen 17}","{citizen 19}","[141 141 141 100]","""""","9.9","false","{breed social-friends}","0","""default""","""none""","0"
"{citizen 17}","{citizen 21}","[141 141 141 100]","""""","9.9","false","{breed social-friends}","0","""default""","""none""","0"
"{citizen 17}","{citizen 22}","[141 141 141 100]","""""","9.9","false","{breed social-friends}","0","""default""","""none""","0"
"{citizen 17}","{citizen 24}","[141 141 141 100]","""""","9.9","false","{breed social-friends}","0","""default""","""none""","0"
"{citizen 17}","{citizen 25}","[141 141 141 100]","""""","9.9","false","{breed social-friends}","0","""default""","""none""","0"
"{citizen 17}","{citizen 26}","[141 141 141 100]","""""","9.9","false","{breed social-friends}","0","""default""","""none""","0"
"{citizen 17}","{citizen 27}","[141 141 141 100]","""""","9.9","false","{breed social-friends}","0","""default""","""none""","0"
"{citizen 17}","{citizen 29}","[141 141 141 100]","""""","9.9","false","{breed social-friends}","0","""default""","""none""","0"
"{citizen 17}","{citizen 30}","[141 141 141 100]","""""","9.9","false","{breed social-friends}","0","""default""","""none""","0"
"{citizen 17}","{citizen 31}","[141 141 141 100]","""""","9.9","false","{breed social-friends}","0","""default""","""none""","0"
"{citizen 17}","{citizen 32}","[141 141 141 100]","""""","9.9","false","{breed social-friends}","0","""default""","""none""","0"
"{citizen 17}","{citizen 33}","[141 141 141 100]","""""","9.9","false","{breed social-friends}","0","""default""","""none""","0"
"{citizen 17}","{citizen 35}","[43 0 212 100]","""""","9.9","false","{breed social-friends}","0","""default""","""none""","0"
"{citizen 17}","{citizen 36}","[141 141 141 100]","""""","9.9","false","{breed social-friends}","0","""default""","""none""","0"
"{citizen 17}","{citizen 37}","[141 141 141 100]","""""","9.9","false","{breed social-friends}","0","""default""","""none""","0"
"{citizen 17}","{citizen 38}","[141 141 141 100]","""""","9.9","false","{breed social-friends}","0","""default""","""none""","0"
"{citizen 17}","{citizen 39}","[141 141 141 100]","""""","9.9","false","{breed social-friends}","0","""default""","""none""","0"
"{citizen 17}","{citizen 40}","[141 141 141 100]","""""","9.9","false","{breed social-friends}","0","""default""","""none""","0"
"{citizen 17}","{citizen 42}","[141 141 141 100]","""""","9.9","false","{breed social-friends}","0","""default""","""none""","0"
"{citizen 17}","{citizen 43}","[43 0 212 100]","""""","9.9","false","{breed social-friends}","0","""default""","""none""","0"
"{citizen 17}","{citizen 45}","[141 141 141 100]","""""","9.9","false","{breed social-friends}","0","""default""","""none""","0"
"{citizen 17}","{citizen 46}","[43 0 212 100]","""""","9.9","false","{breed social-friends}","0","""default""","""none""","0"
"{citizen 17}","{citizen 47}","[141 141 141 100]","""""","9.9","false","{breed social-friends}","0","""default""","""none""","0"
"{citizen 17}","{citizen 48}","[141 141 141 100]","""""","9.9","false","{breed social-friends}","0","""default""","""none""","0"
"{citizen 17}","{citizen 49}","[141 141 141 100]","""""","9.9","false","{breed social-friends}","0","""default""","""none""","0"
"{citizen 18}","{citizen 3}","[43 0 212 100]","""""","9.9","false","{breed social-friends}","0","""default""","""none""","0"
"{citizen 18}","{citizen 12}","[43 0 212 100]","""""","9.9","false","{breed social-friends}","0","""default""","""none""","0"
"{citizen 18}","{citizen 14}","[43 0 212 100]","""""","9.9","false","{breed social-friends}","0","""default""","""none""","0"
"{citizen 18}","{citizen 16}","[43 0 212 100]","""""","9.9","false","{breed social-friends}","0","""default""","""none""","0"
"{citizen 18}","{citizen 17}","[43 0 212 100]","""""","9.9","false","{breed social-friends}","0","""default""","""none""","0"
"{citizen 18}","{citizen 20}","[43 0 212 100]","""""","9.9","false","{breed social-friends}","0","""default""","""none""","0"
"{citizen 18}","{citizen 23}","[43 0 212 100]","""""","9.9","false","{breed social-friends}","0","""default""","""none""","0"
"{citizen 18}","{citizen 28}","[43 0 212 100]","""""","9.9","false","{breed social-friends}","0","""default""","""none""","0"
"{citizen 18}","{citizen 32}","[141 141 141 100]","""""","9.9","false","{breed social-friends}","0","""default""","""none""","0"
"{citizen 18}","{citizen 34}","[43 0 212 100]","""""","9.9","false","{breed social-friends}","0","""default""","""none""","0"
"{citizen 18}","{citizen 35}","[43 0 212 100]","""""","9.9","false","{breed social-friends}","0","""default""","""none""","0"
"{citizen 18}","{citizen 41}","[43 0 212 100]","""""","9.9","false","{breed social-friends}","0","""default""","""none""","0"
"{citizen 18}","{citizen 43}","[43 0 212 100]","""""","9.9","false","{breed social-friends}","0","""default""","""none""","0"
"{citizen 18}","{citizen 44}","[43 0 212 100]","""""","9.9","false","{breed social-friends}","0","""default""","""none""","0"
"{citizen 18}","{citizen 46}","[43 0 212 100]","""""","9.9","false","{breed social-friends}","0","""default""","""none""","0"
"{citizen 19}","{citizen 0}","[213 0 42 100]","""""","9.9","false","{breed social-friends}","0","""default""","""none""","0"
"{citizen 19}","{citizen 1}","[213 0 42 100]","""""","9.9","false","{breed social-friends}","0","""default""","""none""","0"
"{citizen 19}","{citizen 2}","[213 0 42 100]","""""","9.9","false","{breed social-friends}","0","""default""","""none""","0"
"{citizen 19}","{citizen 4}","[213 0 42 100]","""""","9.9","false","{breed social-friends}","0","""default""","""none""","0"
"{citizen 19}","{citizen 5}","[213 0 42 100]","""""","9.9","false","{breed social-friends}","0","""default""","""none""","0"
"{citizen 19}","{citizen 6}","[213 0 42 100]","""""","9.9","false","{breed social-friends}","0","""default""","""none""","0"
"{citizen 19}","{citizen 7}","[213 0 42 100]","""""","9.9","false","{breed social-friends}","0","""default""","""none""","0"
"{citizen 19}","{citizen 8}","[213 0 42 100]","""""","9.9","false","{breed social-friends}","0","""default""","""none""","0"
"{citizen 19}","{citizen 9}","[213 0 42 100]","""""","9.9","false","{breed social-friends}","0","""default""","""none""","0"
"{citizen 19}","{citizen 10}","[213 0 42 100]","""""","9.9","false","{breed social-friends}","0","""default""","""none""","0"
"{citizen 19}","{citizen 11}","[213 0 42 100]","""""","9.9","false","{breed social-friends}","0","""default""","""none""","0"
"{citizen 19}","{citizen 12}","[141 141 141 100]","""""","9.9","false","{breed social-friends}","0","""default""","""none""","0"
"{citizen 19}","{citizen 13}","[213 0 42 100]","""""","9.9","false","{breed social-friends}","0","""default""","""none""","0"
"{citizen 19}","{citizen 14}","[141 141 141 100]","""""","9.9","false","{breed social-friends}","0","""default""","""none""","0"
"{citizen 19}","{citizen 15}","[213 0 42 100]","""""","9.9","false","{breed social-friends}","0","""default""","""none""","0"
"{citizen 19}","{citizen 16}","[141 141 141 100]","""""","9.9","false","{breed social-friends}","0","""default""","""none""","0"
"{citizen 19}","{citizen 17}","[141 141 141 100]","""""","9.9","false","{breed social-friends}","0","""default""","""none""","0"
"{citizen 19}","{citizen 20}","[141 141 141 100]","""""","9.9","false","{breed social-friends}","0","""default""","""none""","0"
"{citizen 19}","{citizen 21}","[213 0 42 100]","""""","9.9","false","{breed social-friends}","0","""default""","""none""","0"
"{citizen 19}","{citizen 22}","[213 0 42 100]","""""","9.9","false","{breed social-friends}","0","""default""","""none""","0"
"{citizen 19}","{citizen 23}","[141 141 141 100]","""""","9.9","false","{breed social-friends}","0","""default""","""none""","0"
"{citizen 19}","{citizen 24}","[213 0 42 100]","""""","9.9","false","{breed social-friends}","0","""default""","""none""","0"
"{citizen 19}","{citizen 25}","[213 0 42 100]","""""","9.9","false","{breed social-friends}","0","""default""","""none""","0"
"{citizen 19}","{citizen 26}","[213 0 42 100]","""""","9.9","false","{breed social-friends}","0","""default""","""none""","0"
"{citizen 19}","{citizen 27}","[213 0 42 100]","""""","9.9","false","{breed social-friends}","0","""default""","""none""","0"
"{citizen 19}","{citizen 29}","[213 0 42 100]","""""","9.9","false","{breed social-friends}","0","""default""","""none""","0"
"{citizen 19}","{citizen 30}","[213 0 42 100]","""""","9.9","false","{breed social-friends}","0","""default""","""none""","0"
"{citizen 19}","{citizen 31}","[213 0 42 100]","""""","9.9","false","{breed social-friends}","0","""default""","""none""","0"
"{citizen 19}","{citizen 32}","[213 0 42 100]","""""","9.9","false","{breed social-friends}","0","""default""","""none""","0"
"{citizen 19}","{citizen 33}","[213 0 42 100]","""""","9.9","false","{breed social-friends}","0","""default""","""none""","0"
"{citizen 19}","{citizen 36}","[213 0 42 100]","""""","9.9","false","{breed social-friends}","0","""default""","""none""","0"
"{citizen 19}","{citizen 37}","[213 0 42 100]","""""","9.9","false","{breed social-friends}","0","""default""","""none""","0"
"{citizen 19}","{citizen 38}","[213 0 42 100]","""""","9.9","false","{breed social-friends}","0","""default""","""none""","0"
"{citizen 19}","{citizen 39}","[213 0 42 100]","""""","9.9","false","{breed social-friends}","0","""default""","""none""","0"
"{citizen 19}","{citizen 40}","[213 0 42 100]","""""","9.9","false","{breed social-friends}","0","""default""","""none""","0"
"{citizen 19}","{citizen 42}","[213 0 42 100]","""""","9.9","false","{breed social-friends}","0","""default""","""none""","0"
"{citizen 19}","{citizen 44}","[141 141 141 100]","""""","9.9","false","{breed social-friends}","0","""default""","""none""","0"
"{citizen 19}","{citizen 45}","[213 0 42 100]","""""","9.9","false","{breed social-friends}","0","""default""","""none""","0"
"{citizen 19}","{citizen 46}","[141 141 141 100]","""""","9.9","false","{breed social-friends}","0","""default""","""none""","0"
"{citizen 19}","{citizen 47}","[213 0 42 100]","""""","9.9","false","{breed social-friends}","0","""default""","""none""","0"
"{citizen 19}","{citizen 48}","[213 0 42 100]","""""","9.9","false","{breed social-friends}","0","""default""","""none""","0"
"{citizen 19}","{citizen 49}","[213 0 42 100]","""""","9.9","false","{breed social-friends}","0","""default""","""none""","0"
"{citizen 20}","{citizen 1}","[141 141 141 100]","""""","9.9","false","{breed social-friends}","0","""default""","""none""","0"
"{citizen 20}","{citizen 2}","[141 141 141 100]","""""","9.9","false","{breed social-friends}","0","""default""","""none""","0"
"{citizen 20}","{citizen 3}","[43 0 212 100]","""""","9.9","false","{breed social-friends}","0","""default""","""none""","0"
"{citizen 20}","{citizen 4}","[141 141 141 100]","""""","9.9","false","{breed social-friends}","0","""default""","""none""","0"
"{citizen 20}","{citizen 6}","[141 141 141 100]","""""","9.9","false","{breed social-friends}","0","""default""","""none""","0"
"{citizen 20}","{citizen 7}","[141 141 141 100]","""""","9.9","false","{breed social-friends}","0","""default""","""none""","0"
"{citizen 20}","{citizen 8}","[141 141 141 100]","""""","9.9","false","{breed social-friends}","0","""default""","""none""","0"
"{citizen 20}","{citizen 9}","[141 141 141 100]","""""","9.9","false","{breed social-friends}","0","""default""","""none""","0"
"{citizen 20}","{citizen 12}","[43 0 212 100]","""""","9.9","false","{breed social-friends}","0","""default""","""none""","0"
"{citizen 20}","{citizen 13}","[141 141 141 100]","""""","9.9","false","{breed social-friends}","0","""default""","""none""","0"
"{citizen 20}","{citizen 14}","[43 0 212 100]","""""","9.9","false","{breed social-friends}","0","""default""","""none""","0"
"{citizen 20}","{citizen 15}","[141 141 141 100]","""""","9.9","false","{breed social-friends}","0","""default""","""none""","0"
"{citizen 20}","{citizen 16}","[43 0 212 100]","""""","9.9","false","{breed social-friends}","0","""default""","""none""","0"
"{citizen 20}","{citizen 18}","[43 0 212 100]","""""","9.9","false","{breed social-friends}","0","""default""","""none""","0"
"{citizen 20}","{citizen 19}","[141 141 141 100]","""""","9.9","false","{breed social-friends}","0","""default""","""none""","0"
"{citizen 20}","{citizen 22}","[141 141 141 100]","""""","9.9","false","{breed social-friends}","0","""default""","""none""","0"
"{citizen 20}","{citizen 24}","[141 141 141 100]","""""","9.9","false","{breed social-friends}","0","""default""","""none""","0"
"{citizen 20}","{citizen 25}","[141 141 141 100]","""""","9.9","false","{breed social-friends}","0","""default""","""none""","0"
"{citizen 20}","{citizen 27}","[141 141 141 100]","""""","9.9","false","{breed social-friends}","0","""default""","""none""","0"
"{citizen 20}","{citizen 28}","[43 0 212 100]","""""","9.9","false","{breed social-friends}","0","""default""","""none""","0"
"{citizen 20}","{citizen 30}","[141 141 141 100]","""""","9.9","false","{breed social-friends}","0","""default""","""none""","0"
"{citizen 20}","{citizen 32}","[141 141 141 100]","""""","9.9","false","{breed social-friends}","0","""default""","""none""","0"
"{citizen 20}","{citizen 33}","[141 141 141 100]","""""","9.9","false","{breed social-friends}","0","""default""","""none""","0"
"{citizen 20}","{citizen 36}","[141 141 141 100]","""""","9.9","false","{breed social-friends}","0","""default""","""none""","0"
"{citizen 20}","{citizen 37}","[141 141 141 100]","""""","9.9","false","{breed social-friends}","0","""default""","""none""","0"
"{citizen 20}","{citizen 40}","[141 141 141 100]","""""","9.9","false","{breed social-friends}","0","""default""","""none""","0"
"{citizen 20}","{citizen 43}","[43 0 212 100]","""""","9.9","false","{breed social-friends}","0","""default""","""none""","0"
"{citizen 20}","{citizen 44}","[43 0 212 100]","""""","9.9","false","{breed social-friends}","0","""default""","""none""","0"
"{citizen 20}","{citizen 46}","[43 0 212 100]","""""","9.9","false","{breed social-friends}","0","""default""","""none""","0"
"{citizen 20}","{citizen 47}","[141 141 141 100]","""""","9.9","false","{breed social-friends}","0","""default""","""none""","0"
"{citizen 20}","{citizen 49}","[141 141 141 100]","""""","9.9","false","{breed social-friends}","0","""default""","""none""","0"
"{citizen 21}","{citizen 0}","[213 0 42 100]","""""","9.9","false","{breed social-friends}","0","""default""","""none""","0"
"{citizen 21}","{citizen 1}","[213 0 42 100]","""""","9.9","false","{breed social-friends}","0","""default""","""none""","0"
"{citizen 21}","{citizen 2}","[213 0 42 100]","""""","9.9","false","{breed social-friends}","0","""default""","""none""","0"
"{citizen 21}","{citizen 3}","[141 141 141 100]","""""","9.9","false","{breed social-friends}","0","""default""","""none""","0"
"{citizen 21}","{citizen 4}","[213 0 42 100]","""""","9.9","false","{breed social-friends}","0","""default""","""none""","0"
"{citizen 21}","{citizen 5}","[213 0 42 100]","""""","9.9","false","{breed social-friends}","0","""default""","""none""","0"
"{citizen 21}","{citizen 6}","[213 0 42 100]","""""","9.9","false","{breed social-friends}","0","""default""","""none""","0"
"{citizen 21}","{citizen 7}","[213 0 42 100]","""""","9.9","false","{breed social-friends}","0","""default""","""none""","0"
"{citizen 21}","{citizen 8}","[213 0 42 100]","""""","9.9","false","{breed social-friends}","0","""default""","""none""","0"
"{citizen 21}","{citizen 9}","[213 0 42 100]","""""","9.9","false","{breed social-friends}","0","""default""","""none""","0"
"{citizen 21}","{citizen 10}","[213 0 42 100]","""""","9.9","false","{breed social-friends}","0","""default""","""none""","0"
"{citizen 21}","{citizen 11}","[213 0 42 100]","""""","9.9","false","{breed social-friends}","0","""default""","""none""","0"
"{citizen 21}","{citizen 12}","[141 141 141 100]","""""","9.9","false","{breed social-friends}","0","""default""","""none""","0"
"{citizen 21}","{citizen 13}","[213 0 42 100]","""""","9.9","false","{breed social-friends}","0","""default""","""none""","0"
"{citizen 21}","{citizen 14}","[141 141 141 100]","""""","9.9","false","{breed social-friends}","0","""default""","""none""","0"
"{citizen 21}","{citizen 15}","[213 0 42 100]","""""","9.9","false","{breed social-friends}","0","""default""","""none""","0"
"{citizen 21}","{citizen 16}","[141 141 141 100]","""""","9.9","false","{breed social-friends}","0","""default""","""none""","0"
"{citizen 21}","{citizen 17}","[141 141 141 100]","""""","9.9","false","{breed social-friends}","0","""default""","""none""","0"
"{citizen 21}","{citizen 19}","[213 0 42 100]","""""","9.9","false","{breed social-friends}","0","""default""","""none""","0"
"{citizen 21}","{citizen 22}","[213 0 42 100]","""""","9.9","false","{breed social-friends}","0","""default""","""none""","0"
"{citizen 21}","{citizen 24}","[213 0 42 100]","""""","9.9","false","{breed social-friends}","0","""default""","""none""","0"
"{citizen 21}","{citizen 25}","[213 0 42 100]","""""","9.9","false","{breed social-friends}","0","""default""","""none""","0"
"{citizen 21}","{citizen 26}","[213 0 42 100]","""""","9.9","false","{breed social-friends}","0","""default""","""none""","0"
"{citizen 21}","{citizen 27}","[213 0 42 100]","""""","9.9","false","{breed social-friends}","0","""default""","""none""","0"
"{citizen 21}","{citizen 28}","[141 141 141 100]","""""","9.9","false","{breed social-friends}","0","""default""","""none""","0"
"{citizen 21}","{citizen 29}","[213 0 42 100]","""""","9.9","false","{breed social-friends}","0","""default""","""none""","0"
"{citizen 21}","{citizen 30}","[213 0 42 100]","""""","9.9","false","{breed social-friends}","0","""default""","""none""","0"
"{citizen 21}","{citizen 31}","[213 0 42 100]","""""","9.9","false","{breed social-friends}","0","""default""","""none""","0"
"{citizen 21}","{citizen 32}","[213 0 42 100]","""""","9.9","false","{breed social-friends}","0","""default""","""none""","0"
"{citizen 21}","{citizen 33}","[213 0 42 100]","""""","9.9","false","{breed social-friends}","0","""default""","""none""","0"
"{citizen 21}","{citizen 34}","[141 141 141 100]","""""","9.9","false","{breed social-friends}","0","""default""","""none""","0"
"{citizen 21}","{citizen 35}","[141 141 141 100]","""""","9.9","false","{breed social-friends}","0","""default""","""none""","0"
"{citizen 21}","{citizen 36}","[213 0 42 100]","""""","9.9","false","{breed social-friends}","0","""default""","""none""","0"
"{citizen 21}","{citizen 37}","[213 0 42 100]","""""","9.9","false","{breed social-friends}","0","""default""","""none""","0"
"{citizen 21}","{citizen 38}","[213 0 42 100]","""""","9.9","false","{breed social-friends}","0","""default""","""none""","0"
"{citizen 21}","{citizen 39}","[213 0 42 100]","""""","9.9","false","{breed social-friends}","0","""default""","""none""","0"
"{citizen 21}","{citizen 40}","[213 0 42 100]","""""","9.9","false","{breed social-friends}","0","""default""","""none""","0"
"{citizen 21}","{citizen 41}","[141 141 141 100]","""""","9.9","false","{breed social-friends}","0","""default""","""none""","0"
"{citizen 21}","{citizen 42}","[213 0 42 100]","""""","9.9","false","{breed social-friends}","0","""default""","""none""","0"
"{citizen 21}","{citizen 43}","[141 141 141 100]","""""","9.9","false","{breed social-friends}","0","""default""","""none""","0"
"{citizen 21}","{citizen 44}","[141 141 141 100]","""""","9.9","false","{breed social-friends}","0","""default""","""none""","0"
"{citizen 21}","{citizen 45}","[213 0 42 100]","""""","9.9","false","{breed social-friends}","0","""default""","""none""","0"
"{citizen 21}","{citizen 46}","[141 141 141 100]","""""","9.9","false","{breed social-friends}","0","""default""","""none""","0"
"{citizen 21}","{citizen 47}","[213 0 42 100]","""""","9.9","false","{breed social-friends}","0","""default""","""none""","0"
"{citizen 21}","{citizen 48}","[213 0 42 100]","""""","9.9","false","{breed social-friends}","0","""default""","""none""","0"
"{citizen 21}","{citizen 49}","[213 0 42 100]","""""","9.9","false","{breed social-friends}","0","""default""","""none""","0"
"{citizen 22}","{citizen 0}","[213 0 42 100]","""""","9.9","false","{breed social-friends}","0","""default""","""none""","0"
"{citizen 22}","{citizen 1}","[213 0 42 100]","""""","9.9","false","{breed social-friends}","0","""default""","""none""","0"
"{citizen 22}","{citizen 2}","[213 0 42 100]","""""","9.9","false","{breed social-friends}","0","""default""","""none""","0"
"{citizen 22}","{citizen 3}","[141 141 141 100]","""""","9.9","false","{breed social-friends}","0","""default""","""none""","0"
"{citizen 22}","{citizen 4}","[213 0 42 100]","""""","9.9","false","{breed social-friends}","0","""default""","""none""","0"
"{citizen 22}","{citizen 5}","[213 0 42 100]","""""","9.9","false","{breed social-friends}","0","""default""","""none""","0"
"{citizen 22}","{citizen 6}","[213 0 42 100]","""""","9.9","false","{breed social-friends}","0","""default""","""none""","0"
"{citizen 22}","{citizen 7}","[213 0 42 100]","""""","9.9","false","{breed social-friends}","0","""default""","""none""","0"
"{citizen 22}","{citizen 8}","[213 0 42 100]","""""","9.9","false","{breed social-friends}","0","""default""","""none""","0"
"{citizen 22}","{citizen 9}","[213 0 42 100]","""""","9.9","false","{breed social-friends}","0","""default""","""none""","0"
"{citizen 22}","{citizen 10}","[213 0 42 100]","""""","9.9","false","{breed social-friends}","0","""default""","""none""","0"
"{citizen 22}","{citizen 11}","[213 0 42 100]","""""","9.9","false","{breed social-friends}","0","""default""","""none""","0"
"{citizen 22}","{citizen 12}","[141 141 141 100]","""""","9.9","false","{breed social-friends}","0","""default""","""none""","0"
"{citizen 22}","{citizen 13}","[213 0 42 100]","""""","9.9","false","{breed social-friends}","0","""default""","""none""","0"
"{citizen 22}","{citizen 14}","[141 141 141 100]","""""","9.9","false","{breed social-friends}","0","""default""","""none""","0"
"{citizen 22}","{citizen 15}","[213 0 42 100]","""""","9.9","false","{breed social-friends}","0","""default""","""none""","0"
"{citizen 22}","{citizen 16}","[141 141 141 100]","""""","9.9","false","{breed social-friends}","0","""default""","""none""","0"
"{citizen 22}","{citizen 17}","[141 141 141 100]","""""","9.9","false","{breed social-friends}","0","""default""","""none""","0"
"{citizen 22}","{citizen 19}","[213 0 42 100]","""""","9.9","false","{breed social-friends}","0","""default""","""none""","0"
"{citizen 22}","{citizen 20}","[141 141 141 100]","""""","9.9","false","{breed social-friends}","0","""default""","""none""","0"
"{citizen 22}","{citizen 21}","[213 0 42 100]","""""","9.9","false","{breed social-friends}","0","""default""","""none""","0"
"{citizen 22}","{citizen 23}","[141 141 141 100]","""""","9.9","false","{breed social-friends}","0","""default""","""none""","0"
"{citizen 22}","{citizen 24}","[213 0 42 100]","""""","9.9","false","{breed social-friends}","0","""default""","""none""","0"
"{citizen 22}","{citizen 25}","[213 0 42 100]","""""","9.9","false","{breed social-friends}","0","""default""","""none""","0"
"{citizen 22}","{citizen 26}","[213 0 42 100]","""""","9.9","false","{breed social-friends}","0","""default""","""none""","0"
"{citizen 22}","{citizen 27}","[213 0 42 100]","""""","9.9","false","{breed social-friends}","0","""default""","""none""","0"
"{citizen 22}","{citizen 28}","[141 141 141 100]","""""","9.9","false","{breed social-friends}","0","""default""","""none""","0"
"{citizen 22}","{citizen 29}","[213 0 42 100]","""""","9.9","false","{breed social-friends}","0","""default""","""none""","0"
"{citizen 22}","{citizen 30}","[213 0 42 100]","""""","9.9","false","{breed social-friends}","0","""default""","""none""","0"
"{citizen 22}","{citizen 31}","[213 0 42 100]","""""","9.9","false","{breed social-friends}","0","""default""","""none""","0"
"{citizen 22}","{citizen 32}","[213 0 42 100]","""""","9.9","false","{breed social-friends}","0","""default""","""none""","0"
"{citizen 22}","{citizen 33}","[213 0 42 100]","""""","9.9","false","{breed social-friends}","0","""default""","""none""","0"
"{citizen 22}","{citizen 34}","[141 141 141 100]","""""","9.9","false","{breed social-friends}","0","""default""","""none""","0"
"{citizen 22}","{citizen 35}","[141 141 141 100]","""""","9.9","false","{breed social-friends}","0","""default""","""none""","0"
"{citizen 22}","{citizen 36}","[213 0 42 100]","""""","9.9","false","{breed social-friends}","0","""default""","""none""","0"
"{citizen 22}","{citizen 37}","[213 0 42 100]","""""","9.9","false","{breed social-friends}","0","""default""","""none""","0"
"{citizen 22}","{citizen 38}","[213 0 42 100]","""""","9.9","false","{breed social-friends}","0","""default""","""none""","0"
"{citizen 22}","{citizen 39}","[213 0 42 100]","""""","9.9","false","{breed social-friends}","0","""default""","""none""","0"
"{citizen 22}","{citizen 40}","[213 0 42 100]","""""","9.9","false","{breed social-friends}","0","""default""","""none""","0"
"{citizen 22}","{citizen 41}","[141 141 141 100]","""""","9.9","false","{breed social-friends}","0","""default""","""none""","0"
"{citizen 22}","{citizen 42}","[213 0 42 100]","""""","9.9","false","{breed social-friends}","0","""default""","""none""","0"
"{citizen 22}","{citizen 43}","[141 141 141 100]","""""","9.9","false","{breed social-friends}","0","""default""","""none""","0"
"{citizen 22}","{citizen 44}","[141 141 141 100]","""""","9.9","false","{breed social-friends}","0","""default""","""none""","0"
"{citizen 22}","{citizen 45}","[213 0 42 100]","""""","9.9","false","{breed social-friends}","0","""default""","""none""","0"
"{citizen 22}","{citizen 46}","[141 141 141 100]","""""","9.9","false","{breed social-friends}","0","""default""","""none""","0"
"{citizen 22}","{citizen 47}","[213 0 42 100]","""""","9.9","false","{breed social-friends}","0","""default""","""none""","0"
"{citizen 22}","{citizen 48}","[213 0 42 100]","""""","9.9","false","{breed social-friends}","0","""default""","""none""","0"
"{citizen 22}","{citizen 49}","[213 0 42 100]","""""","9.9","false","{breed social-friends}","0","""default""","""none""","0"
"{citizen 23}","{citizen 1}","[141 141 141 100]","""""","9.9","false","{breed social-friends}","0","""default""","""none""","0"
"{citizen 23}","{citizen 3}","[43 0 212 100]","""""","9.9","false","{breed social-friends}","0","""default""","""none""","0"
"{citizen 23}","{citizen 4}","[141 141 141 100]","""""","9.9","false","{breed social-friends}","0","""default""","""none""","0"
"{citizen 23}","{citizen 5}","[141 141 141 100]","""""","9.9","false","{breed social-friends}","0","""default""","""none""","0"
"{citizen 23}","{citizen 6}","[141 141 141 100]","""""","9.9","false","{breed social-friends}","0","""default""","""none""","0"
"{citizen 23}","{citizen 7}","[141 141 141 100]","""""","9.9","false","{breed social-friends}","0","""default""","""none""","0"
"{citizen 23}","{citizen 8}","[141 141 141 100]","""""","9.9","false","{breed social-friends}","0","""default""","""none""","0"
"{citizen 23}","{citizen 9}","[141 141 141 100]","""""","9.9","false","{breed social-friends}","0","""default""","""none""","0"
"{citizen 23}","{citizen 10}","[141 141 141 100]","""""","9.9","false","{breed social-friends}","0","""default""","""none""","0"
"{citizen 23}","{citizen 11}","[141 141 141 100]","""""","9.9","false","{breed social-friends}","0","""default""","""none""","0"
"{citizen 23}","{citizen 12}","[43 0 212 100]","""""","9.9","false","{breed social-friends}","0","""default""","""none""","0"
"{citizen 23}","{citizen 15}","[141 141 141 100]","""""","9.9","false","{breed social-friends}","0","""default""","""none""","0"
"{citizen 23}","{citizen 16}","[43 0 212 100]","""""","9.9","false","{breed social-friends}","0","""default""","""none""","0"
"{citizen 23}","{citizen 18}","[43 0 212 100]","""""","9.9","false","{breed social-friends}","0","""default""","""none""","0"
"{citizen 23}","{citizen 19}","[141 141 141 100]","""""","9.9","false","{breed social-friends}","0","""default""","""none""","0"
"{citizen 23}","{citizen 22}","[141 141 141 100]","""""","9.9","false","{breed social-friends}","0","""default""","""none""","0"
"{citizen 23}","{citizen 24}","[141 141 141 100]","""""","9.9","false","{breed social-friends}","0","""default""","""none""","0"
"{citizen 23}","{citizen 27}","[141 141 141 100]","""""","9.9","false","{breed social-friends}","0","""default""","""none""","0"
"{citizen 23}","{citizen 29}","[141 141 141 100]","""""","9.9","false","{breed social-friends}","0","""default""","""none""","0"
"{citizen 23}","{citizen 30}","[141 141 141 100]","""""","9.9","false","{breed social-friends}","0","""default""","""none""","0"
"{citizen 23}","{citizen 31}","[141 141 141 100]","""""","9.9","false","{breed social-friends}","0","""default""","""none""","0"
"{citizen 23}","{citizen 32}","[141 141 141 100]","""""","9.9","false","{breed social-friends}","0","""default""","""none""","0"
"{citizen 23}","{citizen 33}","[141 141 141 100]","""""","9.9","false","{breed social-friends}","0","""default""","""none""","0"
"{citizen 23}","{citizen 36}","[141 141 141 100]","""""","9.9","false","{breed social-friends}","0","""default""","""none""","0"
"{citizen 23}","{citizen 37}","[141 141 141 100]","""""","9.9","false","{breed social-friends}","0","""default""","""none""","0"
"{citizen 23}","{citizen 38}","[141 141 141 100]","""""","9.9","false","{breed social-friends}","0","""default""","""none""","0"
"{citizen 23}","{citizen 40}","[141 141 141 100]","""""","9.9","false","{breed social-friends}","0","""default""","""none""","0"
"{citizen 23}","{citizen 43}","[43 0 212 100]","""""","9.9","false","{breed social-friends}","0","""default""","""none""","0"
"{citizen 23}","{citizen 45}","[141 141 141 100]","""""","9.9","false","{breed social-friends}","0","""default""","""none""","0"
"{citizen 23}","{citizen 46}","[43 0 212 100]","""""","9.9","false","{breed social-friends}","0","""default""","""none""","0"
"{citizen 23}","{citizen 48}","[141 141 141 100]","""""","9.9","false","{breed social-friends}","0","""default""","""none""","0"
"{citizen 23}","{citizen 49}","[141 141 141 100]","""""","9.9","false","{breed social-friends}","0","""default""","""none""","0"
"{citizen 24}","{citizen 0}","[213 0 42 100]","""""","9.9","false","{breed social-friends}","0","""default""","""none""","0"
"{citizen 24}","{citizen 1}","[213 0 42 100]","""""","9.9","false","{breed social-friends}","0","""default""","""none""","0"
"{citizen 24}","{citizen 2}","[213 0 42 100]","""""","9.9","false","{breed social-friends}","0","""default""","""none""","0"
"{citizen 24}","{citizen 3}","[141 141 141 100]","""""","9.9","false","{breed social-friends}","0","""default""","""none""","0"
"{citizen 24}","{citizen 4}","[213 0 42 100]","""""","9.9","false","{breed social-friends}","0","""default""","""none""","0"
"{citizen 24}","{citizen 5}","[213 0 42 100]","""""","9.9","false","{breed social-friends}","0","""default""","""none""","0"
"{citizen 24}","{citizen 6}","[213 0 42 100]","""""","9.9","false","{breed social-friends}","0","""default""","""none""","0"
"{citizen 24}","{citizen 7}","[213 0 42 100]","""""","9.9","false","{breed social-friends}","0","""default""","""none""","0"
"{citizen 24}","{citizen 8}","[213 0 42 100]","""""","9.9","false","{breed social-friends}","0","""default""","""none""","0"
"{citizen 24}","{citizen 9}","[213 0 42 100]","""""","9.9","false","{breed social-friends}","0","""default""","""none""","0"
"{citizen 24}","{citizen 10}","[213 0 42 100]","""""","9.9","false","{breed social-friends}","0","""default""","""none""","0"
"{citizen 24}","{citizen 11}","[213 0 42 100]","""""","9.9","false","{breed social-friends}","0","""default""","""none""","0"
"{citizen 24}","{citizen 12}","[141 141 141 100]","""""","9.9","false","{breed social-friends}","0","""default""","""none""","0"
"{citizen 24}","{citizen 13}","[213 0 42 100]","""""","9.9","false","{breed social-friends}","0","""default""","""none""","0"
"{citizen 24}","{citizen 14}","[141 141 141 100]","""""","9.9","false","{breed social-friends}","0","""default""","""none""","0"
"{citizen 24}","{citizen 15}","[213 0 42 100]","""""","9.9","false","{breed social-friends}","0","""default""","""none""","0"
"{citizen 24}","{citizen 16}","[141 141 141 100]","""""","9.9","false","{breed social-friends}","0","""default""","""none""","0"
"{citizen 24}","{citizen 17}","[141 141 141 100]","""""","9.9","false","{breed social-friends}","0","""default""","""none""","0"
"{citizen 24}","{citizen 19}","[213 0 42 100]","""""","9.9","false","{breed social-friends}","0","""default""","""none""","0"
"{citizen 24}","{citizen 20}","[141 141 141 100]","""""","9.9","false","{breed social-friends}","0","""default""","""none""","0"
"{citizen 24}","{citizen 21}","[213 0 42 100]","""""","9.9","false","{breed social-friends}","0","""default""","""none""","0"
"{citizen 24}","{citizen 22}","[213 0 42 100]","""""","9.9","false","{breed social-friends}","0","""default""","""none""","0"
"{citizen 24}","{citizen 23}","[141 141 141 100]","""""","9.9","false","{breed social-friends}","0","""default""","""none""","0"
"{citizen 24}","{citizen 25}","[213 0 42 100]","""""","9.9","false","{breed social-friends}","0","""default""","""none""","0"
"{citizen 24}","{citizen 26}","[213 0 42 100]","""""","9.9","false","{breed social-friends}","0","""default""","""none""","0"
"{citizen 24}","{citizen 27}","[213 0 42 100]","""""","9.9","false","{breed social-friends}","0","""default""","""none""","0"
"{citizen 24}","{citizen 28}","[141 141 141 100]","""""","9.9","false","{breed social-friends}","0","""default""","""none""","0"
"{citizen 24}","{citizen 29}","[213 0 42 100]","""""","9.9","false","{breed social-friends}","0","""default""","""none""","0"
"{citizen 24}","{citizen 30}","[213 0 42 100]","""""","9.9","false","{breed social-friends}","0","""default""","""none""","0"
"{citizen 24}","{citizen 31}","[213 0 42 100]","""""","9.9","false","{breed social-friends}","0","""default""","""none""","0"
"{citizen 24}","{citizen 32}","[213 0 42 100]","""""","9.9","false","{breed social-friends}","0","""default""","""none""","0"
"{citizen 24}","{citizen 33}","[213 0 42 100]","""""","9.9","false","{breed social-friends}","0","""default""","""none""","0"
"{citizen 24}","{citizen 34}","[141 141 141 100]","""""","9.9","false","{breed social-friends}","0","""default""","""none""","0"
"{citizen 24}","{citizen 35}","[141 141 141 100]","""""","9.9","false","{breed social-friends}","0","""default""","""none""","0"
"{citizen 24}","{citizen 36}","[213 0 42 100]","""""","9.9","false","{breed social-friends}","0","""default""","""none""","0"
"{citizen 24}","{citizen 37}","[213 0 42 100]","""""","9.9","false","{breed social-friends}","0","""default""","""none""","0"
"{citizen 24}","{citizen 38}","[213 0 42 100]","""""","9.9","false","{breed social-friends}","0","""default""","""none""","0"
"{citizen 24}","{citizen 39}","[213 0 42 100]","""""","9.9","false","{breed social-friends}","0","""default""","""none""","0"
"{citizen 24}","{citizen 40}","[213 0 42 100]","""""","9.9","false","{breed social-friends}","0","""default""","""none""","0"
"{citizen 24}","{citizen 41}","[141 141 141 100]","""""","9.9","false","{breed social-friends}","0","""default""","""none""","0"
"{citizen 24}","{citizen 42}","[213 0 42 100]","""""","9.9","false","{breed social-friends}","0","""default""","""none""","0"
"{citizen 24}","{citizen 43}","[141 141 141 100]","""""","9.9","false","{breed social-friends}","0","""default""","""none""","0"
"{citizen 24}","{citizen 44}","[141 141 141 100]","""""","9.9","false","{breed social-friends}","0","""default""","""none""","0"
"{citizen 24}","{citizen 45}","[213 0 42 100]","""""","9.9","false","{breed social-friends}","0","""default""","""none""","0"
"{citizen 24}","{citizen 46}","[141 141 141 100]","""""","9.9","false","{breed social-friends}","0","""default""","""none""","0"
"{citizen 24}","{citizen 47}","[213 0 42 100]","""""","9.9","false","{breed social-friends}","0","""default""","""none""","0"
"{citizen 24}","{citizen 48}","[213 0 42 100]","""""","9.9","false","{breed social-friends}","0","""default""","""none""","0"
"{citizen 24}","{citizen 49}","[213 0 42 100]","""""","9.9","false","{breed social-friends}","0","""default""","""none""","0"
"{citizen 25}","{citizen 0}","[213 0 42 100]","""""","9.9","false","{breed social-friends}","0","""default""","""none""","0"
"{citizen 25}","{citizen 1}","[213 0 42 100]","""""","9.9","false","{breed social-friends}","0","""default""","""none""","0"
"{citizen 25}","{citizen 2}","[213 0 42 100]","""""","9.9","false","{breed social-friends}","0","""default""","""none""","0"
"{citizen 25}","{citizen 3}","[141 141 141 100]","""""","9.9","false","{breed social-friends}","0","""default""","""none""","0"
"{citizen 25}","{citizen 4}","[213 0 42 100]","""""","9.9","false","{breed social-friends}","0","""default""","""none""","0"
"{citizen 25}","{citizen 5}","[213 0 42 100]","""""","9.9","false","{breed social-friends}","0","""default""","""none""","0"
"{citizen 25}","{citizen 6}","[213 0 42 100]","""""","9.9","false","{breed social-friends}","0","""default""","""none""","0"
"{citizen 25}","{citizen 7}","[213 0 42 100]","""""","9.9","false","{breed social-friends}","0","""default""","""none""","0"
"{citizen 25}","{citizen 8}","[213 0 42 100]","""""","9.9","false","{breed social-friends}","0","""default""","""none""","0"
"{citizen 25}","{citizen 9}","[213 0 42 100]","""""","9.9","false","{breed social-friends}","0","""default""","""none""","0"
"{citizen 25}","{citizen 10}","[213 0 42 100]","""""","9.9","false","{breed social-friends}","0","""default""","""none""","0"
"{citizen 25}","{citizen 11}","[213 0 42 100]","""""","9.9","false","{breed social-friends}","0","""default""","""none""","0"
"{citizen 25}","{citizen 12}","[141 141 141 100]","""""","9.9","false","{breed social-friends}","0","""default""","""none""","0"
"{citizen 25}","{citizen 13}","[213 0 42 100]","""""","9.9","false","{breed social-friends}","0","""default""","""none""","0"
"{citizen 25}","{citizen 14}","[141 141 141 100]","""""","9.9","false","{breed social-friends}","0","""default""","""none""","0"
"{citizen 25}","{citizen 15}","[213 0 42 100]","""""","9.9","false","{breed social-friends}","0","""default""","""none""","0"
"{citizen 25}","{citizen 16}","[141 141 141 100]","""""","9.9","false","{breed social-friends}","0","""default""","""none""","0"
"{citizen 25}","{citizen 17}","[141 141 141 100]","""""","9.9","false","{breed social-friends}","0","""default""","""none""","0"
"{citizen 25}","{citizen 19}","[213 0 42 100]","""""","9.9","false","{breed social-friends}","0","""default""","""none""","0"
"{citizen 25}","{citizen 20}","[141 141 141 100]","""""","9.9","false","{breed social-friends}","0","""default""","""none""","0"
"{citizen 25}","{citizen 21}","[213 0 42 100]","""""","9.9","false","{breed social-friends}","0","""default""","""none""","0"
"{citizen 25}","{citizen 22}","[213 0 42 100]","""""","9.9","false","{breed social-friends}","0","""default""","""none""","0"
"{citizen 25}","{citizen 24}","[213 0 42 100]","""""","9.9","false","{breed social-friends}","0","""default""","""none""","0"
"{citizen 25}","{citizen 26}","[213 0 42 100]","""""","9.9","false","{breed social-friends}","0","""default""","""none""","0"
"{citizen 25}","{citizen 27}","[213 0 42 100]","""""","9.9","false","{breed social-friends}","0","""default""","""none""","0"
"{citizen 25}","{citizen 28}","[141 141 141 100]","""""","9.9","false","{breed social-friends}","0","""default""","""none""","0"
"{citizen 25}","{citizen 29}","[213 0 42 100]","""""","9.9","false","{breed social-friends}","0","""default""","""none""","0"
"{citizen 25}","{citizen 30}","[213 0 42 100]","""""","9.9","false","{breed social-friends}","0","""default""","""none""","0"
"{citizen 25}","{citizen 31}","[213 0 42 100]","""""","9.9","false","{breed social-friends}","0","""default""","""none""","0"
"{citizen 25}","{citizen 32}","[213 0 42 100]","""""","9.9","false","{breed social-friends}","0","""default""","""none""","0"
"{citizen 25}","{citizen 33}","[213 0 42 100]","""""","9.9","false","{breed social-friends}","0","""default""","""none""","0"
"{citizen 25}","{citizen 34}","[141 141 141 100]","""""","9.9","false","{breed social-friends}","0","""default""","""none""","0"
"{citizen 25}","{citizen 35}","[141 141 141 100]","""""","9.9","false","{breed social-friends}","0","""default""","""none""","0"
"{citizen 25}","{citizen 36}","[213 0 42 100]","""""","9.9","false","{breed social-friends}","0","""default""","""none""","0"
"{citizen 25}","{citizen 37}","[213 0 42 100]","""""","9.9","false","{breed social-friends}","0","""default""","""none""","0"
"{citizen 25}","{citizen 38}","[213 0 42 100]","""""","9.9","false","{breed social-friends}","0","""default""","""none""","0"
"{citizen 25}","{citizen 39}","[213 0 42 100]","""""","9.9","false","{breed social-friends}","0","""default""","""none""","0"
"{citizen 25}","{citizen 40}","[213 0 42 100]","""""","9.9","false","{breed social-friends}","0","""default""","""none""","0"
"{citizen 25}","{citizen 41}","[141 141 141 100]","""""","9.9","false","{breed social-friends}","0","""default""","""none""","0"
"{citizen 25}","{citizen 42}","[213 0 42 100]","""""","9.9","false","{breed social-friends}","0","""default""","""none""","0"
"{citizen 25}","{citizen 43}","[141 141 141 100]","""""","9.9","false","{breed social-friends}","0","""default""","""none""","0"
"{citizen 25}","{citizen 44}","[141 141 141 100]","""""","9.9","false","{breed social-friends}","0","""default""","""none""","0"
"{citizen 25}","{citizen 45}","[213 0 42 100]","""""","9.9","false","{breed social-friends}","0","""default""","""none""","0"
"{citizen 25}","{citizen 46}","[141 141 141 100]","""""","9.9","false","{breed social-friends}","0","""default""","""none""","0"
"{citizen 25}","{citizen 47}","[213 0 42 100]","""""","9.9","false","{breed social-friends}","0","""default""","""none""","0"
"{citizen 25}","{citizen 48}","[213 0 42 100]","""""","9.9","false","{breed social-friends}","0","""default""","""none""","0"
"{citizen 25}","{citizen 49}","[213 0 42 100]","""""","9.9","false","{breed social-friends}","0","""default""","""none""","0"
"{citizen 26}","{citizen 0}","[213 0 42 100]","""""","9.9","false","{breed social-friends}","0","""default""","""none""","0"
"{citizen 26}","{citizen 1}","[213 0 42 100]","""""","9.9","false","{breed social-friends}","0","""default""","""none""","0"
"{citizen 26}","{citizen 2}","[213 0 42 100]","""""","9.9","false","{breed social-friends}","0","""default""","""none""","0"
"{citizen 26}","{citizen 3}","[141 141 141 100]","""""","9.9","false","{breed social-friends}","0","""default""","""none""","0"
"{citizen 26}","{citizen 4}","[213 0 42 100]","""""","9.9","false","{breed social-friends}","0","""default""","""none""","0"
"{citizen 26}","{citizen 5}","[213 0 42 100]","""""","9.9","false","{breed social-friends}","0","""default""","""none""","0"
"{citizen 26}","{citizen 6}","[213 0 42 100]","""""","9.9","false","{breed social-friends}","0","""default""","""none""","0"
"{citizen 26}","{citizen 7}","[213 0 42 100]","""""","9.9","false","{breed social-friends}","0","""default""","""none""","0"
"{citizen 26}","{citizen 8}","[213 0 42 100]","""""","9.9","false","{breed social-friends}","0","""default""","""none""","0"
"{citizen 26}","{citizen 9}","[213 0 42 100]","""""","9.9","false","{breed social-friends}","0","""default""","""none""","0"
"{citizen 26}","{citizen 10}","[213 0 42 100]","""""","9.9","false","{breed social-friends}","0","""default""","""none""","0"
"{citizen 26}","{citizen 11}","[213 0 42 100]","""""","9.9","false","{breed social-friends}","0","""default""","""none""","0"
"{citizen 26}","{citizen 12}","[141 141 141 100]","""""","9.9","false","{breed social-friends}","0","""default""","""none""","0"
"{citizen 26}","{citizen 13}","[213 0 42 100]","""""","9.9","false","{breed social-friends}","0","""default""","""none""","0"
"{citizen 26}","{citizen 15}","[213 0 42 100]","""""","9.9","false","{breed social-friends}","0","""default""","""none""","0"
"{citizen 26}","{citizen 16}","[141 141 141 100]","""""","9.9","false","{breed social-friends}","0","""default""","""none""","0"
"{citizen 26}","{citizen 17}","[141 141 141 100]","""""","9.9","false","{breed social-friends}","0","""default""","""none""","0"
"{citizen 26}","{citizen 19}","[213 0 42 100]","""""","9.9","false","{breed social-friends}","0","""default""","""none""","0"
"{citizen 26}","{citizen 21}","[213 0 42 100]","""""","9.9","false","{breed social-friends}","0","""default""","""none""","0"
"{citizen 26}","{citizen 22}","[213 0 42 100]","""""","9.9","false","{breed social-friends}","0","""default""","""none""","0"
"{citizen 26}","{citizen 24}","[213 0 42 100]","""""","9.9","false","{breed social-friends}","0","""default""","""none""","0"
"{citizen 26}","{citizen 25}","[213 0 42 100]","""""","9.9","false","{breed social-friends}","0","""default""","""none""","0"
"{citizen 26}","{citizen 27}","[213 0 42 100]","""""","9.9","false","{breed social-friends}","0","""default""","""none""","0"
"{citizen 26}","{citizen 29}","[213 0 42 100]","""""","9.9","false","{breed social-friends}","0","""default""","""none""","0"
"{citizen 26}","{citizen 30}","[213 0 42 100]","""""","9.9","false","{breed social-friends}","0","""default""","""none""","0"
"{citizen 26}","{citizen 31}","[213 0 42 100]","""""","9.9","false","{breed social-friends}","0","""default""","""none""","0"
"{citizen 26}","{citizen 32}","[213 0 42 100]","""""","9.9","false","{breed social-friends}","0","""default""","""none""","0"
"{citizen 26}","{citizen 33}","[213 0 42 100]","""""","9.9","false","{breed social-friends}","0","""default""","""none""","0"
"{citizen 26}","{citizen 36}","[213 0 42 100]","""""","9.9","false","{breed social-friends}","0","""default""","""none""","0"
"{citizen 26}","{citizen 37}","[213 0 42 100]","""""","9.9","false","{breed social-friends}","0","""default""","""none""","0"
"{citizen 26}","{citizen 38}","[213 0 42 100]","""""","9.9","false","{breed social-friends}","0","""default""","""none""","0"
"{citizen 26}","{citizen 39}","[213 0 42 100]","""""","9.9","false","{breed social-friends}","0","""default""","""none""","0"
"{citizen 26}","{citizen 40}","[213 0 42 100]","""""","9.9","false","{breed social-friends}","0","""default""","""none""","0"
"{citizen 26}","{citizen 41}","[141 141 141 100]","""""","9.9","false","{breed social-friends}","0","""default""","""none""","0"
"{citizen 26}","{citizen 42}","[213 0 42 100]","""""","9.9","false","{breed social-friends}","0","""default""","""none""","0"
"{citizen 26}","{citizen 44}","[141 141 141 100]","""""","9.9","false","{breed social-friends}","0","""default""","""none""","0"
"{citizen 26}","{citizen 45}","[213 0 42 100]","""""","9.9","false","{breed social-friends}","0","""default""","""none""","0"
"{citizen 26}","{citizen 46}","[141 141 141 100]","""""","9.9","false","{breed social-friends}","0","""default""","""none""","0"
"{citizen 26}","{citizen 47}","[213 0 42 100]","""""","9.9","false","{breed social-friends}","0","""default""","""none""","0"
"{citizen 26}","{citizen 48}","[213 0 42 100]","""""","9.9","false","{breed social-friends}","0","""default""","""none""","0"
"{citizen 26}","{citizen 49}","[213 0 42 100]","""""","9.9","false","{breed social-friends}","0","""default""","""none""","0"
"{citizen 27}","{citizen 0}","[213 0 42 100]","""""","9.9","false","{breed social-friends}","0","""default""","""none""","0"
"{citizen 27}","{citizen 1}","[213 0 42 100]","""""","9.9","false","{breed social-friends}","0","""default""","""none""","0"
"{citizen 27}","{citizen 2}","[213 0 42 100]","""""","9.9","false","{breed social-friends}","0","""default""","""none""","0"
"{citizen 27}","{citizen 3}","[141 141 141 100]","""""","9.9","false","{breed social-friends}","0","""default""","""none""","0"
"{citizen 27}","{citizen 4}","[213 0 42 100]","""""","9.9","false","{breed social-friends}","0","""default""","""none""","0"
"{citizen 27}","{citizen 5}","[213 0 42 100]","""""","9.9","false","{breed social-friends}","0","""default""","""none""","0"
"{citizen 27}","{citizen 6}","[213 0 42 100]","""""","9.9","false","{breed social-friends}","0","""default""","""none""","0"
"{citizen 27}","{citizen 7}","[213 0 42 100]","""""","9.9","false","{breed social-friends}","0","""default""","""none""","0"
"{citizen 27}","{citizen 8}","[213 0 42 100]","""""","9.9","false","{breed social-friends}","0","""default""","""none""","0"
"{citizen 27}","{citizen 9}","[213 0 42 100]","""""","9.9","false","{breed social-friends}","0","""default""","""none""","0"
"{citizen 27}","{citizen 10}","[213 0 42 100]","""""","9.9","false","{breed social-friends}","0","""default""","""none""","0"
"{citizen 27}","{citizen 11}","[213 0 42 100]","""""","9.9","false","{breed social-friends}","0","""default""","""none""","0"
"{citizen 27}","{citizen 12}","[141 141 141 100]","""""","9.9","false","{breed social-friends}","0","""default""","""none""","0"
"{citizen 27}","{citizen 13}","[213 0 42 100]","""""","9.9","false","{breed social-friends}","0","""default""","""none""","0"
"{citizen 27}","{citizen 14}","[141 141 141 100]","""""","9.9","false","{breed social-friends}","0","""default""","""none""","0"
"{citizen 27}","{citizen 15}","[213 0 42 100]","""""","9.9","false","{breed social-friends}","0","""default""","""none""","0"
"{citizen 27}","{citizen 16}","[141 141 141 100]","""""","9.9","false","{breed social-friends}","0","""default""","""none""","0"
"{citizen 27}","{citizen 17}","[141 141 141 100]","""""","9.9","false","{breed social-friends}","0","""default""","""none""","0"
"{citizen 27}","{citizen 19}","[213 0 42 100]","""""","9.9","false","{breed social-friends}","0","""default""","""none""","0"
"{citizen 27}","{citizen 20}","[141 141 141 100]","""""","9.9","false","{breed social-friends}","0","""default""","""none""","0"
"{citizen 27}","{citizen 21}","[213 0 42 100]","""""","9.9","false","{breed social-friends}","0","""default""","""none""","0"
"{citizen 27}","{citizen 22}","[213 0 42 100]","""""","9.9","false","{breed social-friends}","0","""default""","""none""","0"
"{citizen 27}","{citizen 23}","[141 141 141 100]","""""","9.9","false","{breed social-friends}","0","""default""","""none""","0"
"{citizen 27}","{citizen 24}","[213 0 42 100]","""""","9.9","false","{breed social-friends}","0","""default""","""none""","0"
"{citizen 27}","{citizen 25}","[213 0 42 100]","""""","9.9","false","{breed social-friends}","0","""default""","""none""","0"
"{citizen 27}","{citizen 26}","[213 0 42 100]","""""","9.9","false","{breed social-friends}","0","""default""","""none""","0"
"{citizen 27}","{citizen 28}","[141 141 141 100]","""""","9.9","false","{breed social-friends}","0","""default""","""none""","0"
"{citizen 27}","{citizen 29}","[213 0 42 100]","""""","9.9","false","{breed social-friends}","0","""default""","""none""","0"
"{citizen 27}","{citizen 30}","[213 0 42 100]","""""","9.9","false","{breed social-friends}","0","""default""","""none""","0"
"{citizen 27}","{citizen 31}","[213 0 42 100]","""""","9.9","false","{breed social-friends}","0","""default""","""none""","0"
"{citizen 27}","{citizen 32}","[213 0 42 100]","""""","9.9","false","{breed social-friends}","0","""default""","""none""","0"
"{citizen 27}","{citizen 33}","[213 0 42 100]","""""","9.9","false","{breed social-friends}","0","""default""","""none""","0"
"{citizen 27}","{citizen 34}","[141 141 141 100]","""""","9.9","false","{breed social-friends}","0","""default""","""none""","0"
"{citizen 27}","{citizen 36}","[213 0 42 100]","""""","9.9","false","{breed social-friends}","0","""default""","""none""","0"
"{citizen 27}","{citizen 37}","[213 0 42 100]","""""","9.9","false","{breed social-friends}","0","""default""","""none""","0"
"{citizen 27}","{citizen 38}","[213 0 42 100]","""""","9.9","false","{breed social-friends}","0","""default""","""none""","0"
"{citizen 27}","{citizen 39}","[213 0 42 100]","""""","9.9","false","{breed social-friends}","0","""default""","""none""","0"
"{citizen 27}","{citizen 40}","[213 0 42 100]","""""","9.9","false","{breed social-friends}","0","""default""","""none""","0"
"{citizen 27}","{citizen 41}","[141 141 141 100]","""""","9.9","false","{breed social-friends}","0","""default""","""none""","0"
"{citizen 27}","{citizen 42}","[213 0 42 100]","""""","9.9","false","{breed social-friends}","0","""default""","""none""","0"
"{citizen 27}","{citizen 43}","[141 141 141 100]","""""","9.9","false","{breed social-friends}","0","""default""","""none""","0"
"{citizen 27}","{citizen 44}","[141 141 141 100]","""""","9.9","false","{breed social-friends}","0","""default""","""none""","0"
"{citizen 27}","{citizen 45}","[213 0 42 100]","""""","9.9","false","{breed social-friends}","0","""default""","""none""","0"
"{citizen 27}","{citizen 46}","[141 141 141 100]","""""","9.9","false","{breed social-friends}","0","""default""","""none""","0"
"{citizen 27}","{citizen 47}","[213 0 42 100]","""""","9.9","false","{breed social-friends}","0","""default""","""none""","0"
"{citizen 27}","{citizen 48}","[213 0 42 100]","""""","9.9","false","{breed social-friends}","0","""default""","""none""","0"
"{citizen 27}","{citizen 49}","[213 0 42 100]","""""","9.9","false","{breed social-friends}","0","""default""","""none""","0"
"{citizen 28}","{citizen 1}","[141 141 141 100]","""""","9.9","false","{breed social-friends}","0","""default""","""none""","0"
"{citizen 28}","{citizen 3}","[43 0 212 100]","""""","9.9","false","{breed social-friends}","0","""default""","""none""","0"
"{citizen 28}","{citizen 4}","[141 141 141 100]","""""","9.9","false","{breed social-friends}","0","""default""","""none""","0"
"{citizen 28}","{citizen 6}","[141 141 141 100]","""""","9.9","false","{breed social-friends}","0","""default""","""none""","0"
"{citizen 28}","{citizen 7}","[141 141 141 100]","""""","9.9","false","{breed social-friends}","0","""default""","""none""","0"
"{citizen 28}","{citizen 8}","[141 141 141 100]","""""","9.9","false","{breed social-friends}","0","""default""","""none""","0"
"{citizen 28}","{citizen 9}","[141 141 141 100]","""""","9.9","false","{breed social-friends}","0","""default""","""none""","0"
"{citizen 28}","{citizen 12}","[43 0 212 100]","""""","9.9","false","{breed social-friends}","0","""default""","""none""","0"
"{citizen 28}","{citizen 14}","[43 0 212 100]","""""","9.9","false","{breed social-friends}","0","""default""","""none""","0"
"{citizen 28}","{citizen 15}","[141 141 141 100]","""""","9.9","false","{breed social-friends}","0","""default""","""none""","0"
"{citizen 28}","{citizen 16}","[43 0 212 100]","""""","9.9","false","{breed social-friends}","0","""default""","""none""","0"
"{citizen 28}","{citizen 18}","[43 0 212 100]","""""","9.9","false","{breed social-friends}","0","""default""","""none""","0"
"{citizen 28}","{citizen 20}","[43 0 212 100]","""""","9.9","false","{breed social-friends}","0","""default""","""none""","0"
"{citizen 28}","{citizen 21}","[141 141 141 100]","""""","9.9","false","{breed social-friends}","0","""default""","""none""","0"
"{citizen 28}","{citizen 22}","[141 141 141 100]","""""","9.9","false","{breed social-friends}","0","""default""","""none""","0"
"{citizen 28}","{citizen 24}","[141 141 141 100]","""""","9.9","false","{breed social-friends}","0","""default""","""none""","0"
"{citizen 28}","{citizen 25}","[141 141 141 100]","""""","9.9","false","{breed social-friends}","0","""default""","""none""","0"
"{citizen 28}","{citizen 27}","[141 141 141 100]","""""","9.9","false","{breed social-friends}","0","""default""","""none""","0"
"{citizen 28}","{citizen 29}","[141 141 141 100]","""""","9.9","false","{breed social-friends}","0","""default""","""none""","0"
"{citizen 28}","{citizen 32}","[141 141 141 100]","""""","9.9","false","{breed social-friends}","0","""default""","""none""","0"
"{citizen 28}","{citizen 35}","[43 0 212 100]","""""","9.9","false","{breed social-friends}","0","""default""","""none""","0"
"{citizen 28}","{citizen 36}","[141 141 141 100]","""""","9.9","false","{breed social-friends}","0","""default""","""none""","0"
"{citizen 28}","{citizen 41}","[43 0 212 100]","""""","9.9","false","{breed social-friends}","0","""default""","""none""","0"
"{citizen 28}","{citizen 44}","[43 0 212 100]","""""","9.9","false","{breed social-friends}","0","""default""","""none""","0"
"{citizen 28}","{citizen 46}","[43 0 212 100]","""""","9.9","false","{breed social-friends}","0","""default""","""none""","0"
"{citizen 28}","{citizen 47}","[141 141 141 100]","""""","9.9","false","{breed social-friends}","0","""default""","""none""","0"
"{citizen 28}","{citizen 48}","[141 141 141 100]","""""","9.9","false","{breed social-friends}","0","""default""","""none""","0"
"{citizen 29}","{citizen 0}","[213 0 42 100]","""""","9.9","false","{breed social-friends}","0","""default""","""none""","0"
"{citizen 29}","{citizen 1}","[213 0 42 100]","""""","9.9","false","{breed social-friends}","0","""default""","""none""","0"
"{citizen 29}","{citizen 2}","[213 0 42 100]","""""","9.9","false","{breed social-friends}","0","""default""","""none""","0"
"{citizen 29}","{citizen 3}","[141 141 141 100]","""""","9.9","false","{breed social-friends}","0","""default""","""none""","0"
"{citizen 29}","{citizen 4}","[213 0 42 100]","""""","9.9","false","{breed social-friends}","0","""default""","""none""","0"
"{citizen 29}","{citizen 5}","[213 0 42 100]","""""","9.9","false","{breed social-friends}","0","""default""","""none""","0"
"{citizen 29}","{citizen 6}","[213 0 42 100]","""""","9.9","false","{breed social-friends}","0","""default""","""none""","0"
"{citizen 29}","{citizen 7}","[213 0 42 100]","""""","9.9","false","{breed social-friends}","0","""default""","""none""","0"
"{citizen 29}","{citizen 8}","[213 0 42 100]","""""","9.9","false","{breed social-friends}","0","""default""","""none""","0"
"{citizen 29}","{citizen 9}","[213 0 42 100]","""""","9.9","false","{breed social-friends}","0","""default""","""none""","0"
"{citizen 29}","{citizen 10}","[213 0 42 100]","""""","9.9","false","{breed social-friends}","0","""default""","""none""","0"
"{citizen 29}","{citizen 11}","[213 0 42 100]","""""","9.9","false","{breed social-friends}","0","""default""","""none""","0"
"{citizen 29}","{citizen 12}","[141 141 141 100]","""""","9.9","false","{breed social-friends}","0","""default""","""none""","0"
"{citizen 29}","{citizen 13}","[213 0 42 100]","""""","9.9","false","{breed social-friends}","0","""default""","""none""","0"
"{citizen 29}","{citizen 14}","[141 141 141 100]","""""","9.9","false","{breed social-friends}","0","""default""","""none""","0"
"{citizen 29}","{citizen 15}","[213 0 42 100]","""""","9.9","false","{breed social-friends}","0","""default""","""none""","0"
"{citizen 29}","{citizen 16}","[141 141 141 100]","""""","9.9","false","{breed social-friends}","0","""default""","""none""","0"
"{citizen 29}","{citizen 17}","[141 141 141 100]","""""","9.9","false","{breed social-friends}","0","""default""","""none""","0"
"{citizen 29}","{citizen 19}","[213 0 42 100]","""""","9.9","false","{breed social-friends}","0","""default""","""none""","0"
"{citizen 29}","{citizen 21}","[213 0 42 100]","""""","9.9","false","{breed social-friends}","0","""default""","""none""","0"
"{citizen 29}","{citizen 22}","[213 0 42 100]","""""","9.9","false","{breed social-friends}","0","""default""","""none""","0"
"{citizen 29}","{citizen 23}","[141 141 141 100]","""""","9.9","false","{breed social-friends}","0","""default""","""none""","0"
"{citizen 29}","{citizen 24}","[213 0 42 100]","""""","9.9","false","{breed social-friends}","0","""default""","""none""","0"
"{citizen 29}","{citizen 25}","[213 0 42 100]","""""","9.9","false","{breed social-friends}","0","""default""","""none""","0"
"{citizen 29}","{citizen 26}","[213 0 42 100]","""""","9.9","false","{breed social-friends}","0","""default""","""none""","0"
"{citizen 29}","{citizen 27}","[213 0 42 100]","""""","9.9","false","{breed social-friends}","0","""default""","""none""","0"
"{citizen 29}","{citizen 28}","[141 141 141 100]","""""","9.9","false","{breed social-friends}","0","""default""","""none""","0"
"{citizen 29}","{citizen 30}","[213 0 42 100]","""""","9.9","false","{breed social-friends}","0","""default""","""none""","0"
"{citizen 29}","{citizen 31}","[213 0 42 100]","""""","9.9","false","{breed social-friends}","0","""default""","""none""","0"
"{citizen 29}","{citizen 32}","[213 0 42 100]","""""","9.9","false","{breed social-friends}","0","""default""","""none""","0"
"{citizen 29}","{citizen 33}","[213 0 42 100]","""""","9.9","false","{breed social-friends}","0","""default""","""none""","0"
"{citizen 29}","{citizen 34}","[141 141 141 100]","""""","9.9","false","{breed social-friends}","0","""default""","""none""","0"
"{citizen 29}","{citizen 35}","[141 141 141 100]","""""","9.9","false","{breed social-friends}","0","""default""","""none""","0"
"{citizen 29}","{citizen 36}","[213 0 42 100]","""""","9.9","false","{breed social-friends}","0","""default""","""none""","0"
"{citizen 29}","{citizen 37}","[213 0 42 100]","""""","9.9","false","{breed social-friends}","0","""default""","""none""","0"
"{citizen 29}","{citizen 38}","[213 0 42 100]","""""","9.9","false","{breed social-friends}","0","""default""","""none""","0"
"{citizen 29}","{citizen 39}","[213 0 42 100]","""""","9.9","false","{breed social-friends}","0","""default""","""none""","0"
"{citizen 29}","{citizen 40}","[213 0 42 100]","""""","9.9","false","{breed social-friends}","0","""default""","""none""","0"
"{citizen 29}","{citizen 41}","[141 141 141 100]","""""","9.9","false","{breed social-friends}","0","""default""","""none""","0"
"{citizen 29}","{citizen 42}","[213 0 42 100]","""""","9.9","false","{breed social-friends}","0","""default""","""none""","0"
"{citizen 29}","{citizen 43}","[141 141 141 100]","""""","9.9","false","{breed social-friends}","0","""default""","""none""","0"
"{citizen 29}","{citizen 44}","[141 141 141 100]","""""","9.9","false","{breed social-friends}","0","""default""","""none""","0"
"{citizen 29}","{citizen 45}","[213 0 42 100]","""""","9.9","false","{breed social-friends}","0","""default""","""none""","0"
"{citizen 29}","{citizen 46}","[141 141 141 100]","""""","9.9","false","{breed social-friends}","0","""default""","""none""","0"
"{citizen 29}","{citizen 47}","[213 0 42 100]","""""","9.9","false","{breed social-friends}","0","""default""","""none""","0"
"{citizen 29}","{citizen 48}","[213 0 42 100]","""""","9.9","false","{breed social-friends}","0","""default""","""none""","0"
"{citizen 29}","{citizen 49}","[213 0 42 100]","""""","9.9","false","{breed social-friends}","0","""default""","""none""","0"
"{citizen 30}","{citizen 0}","[213 0 42 100]","""""","9.9","false","{breed social-friends}","0","""default""","""none""","0"
"{citizen 30}","{citizen 1}","[213 0 42 100]","""""","9.9","false","{breed social-friends}","0","""default""","""none""","0"
"{citizen 30}","{citizen 2}","[213 0 42 100]","""""","9.9","false","{breed social-friends}","0","""default""","""none""","0"
"{citizen 30}","{citizen 3}","[141 141 141 100]","""""","9.9","false","{breed social-friends}","0","""default""","""none""","0"
"{citizen 30}","{citizen 4}","[213 0 42 100]","""""","9.9","false","{breed social-friends}","0","""default""","""none""","0"
"{citizen 30}","{citizen 5}","[213 0 42 100]","""""","9.9","false","{breed social-friends}","0","""default""","""none""","0"
"{citizen 30}","{citizen 6}","[213 0 42 100]","""""","9.9","false","{breed social-friends}","0","""default""","""none""","0"
"{citizen 30}","{citizen 7}","[213 0 42 100]","""""","9.9","false","{breed social-friends}","0","""default""","""none""","0"
"{citizen 30}","{citizen 8}","[213 0 42 100]","""""","9.9","false","{breed social-friends}","0","""default""","""none""","0"
"{citizen 30}","{citizen 9}","[213 0 42 100]","""""","9.9","false","{breed social-friends}","0","""default""","""none""","0"
"{citizen 30}","{citizen 10}","[213 0 42 100]","""""","9.9","false","{breed social-friends}","0","""default""","""none""","0"
"{citizen 30}","{citizen 11}","[213 0 42 100]","""""","9.9","false","{breed social-friends}","0","""default""","""none""","0"
"{citizen 30}","{citizen 12}","[141 141 141 100]","""""","9.9","false","{breed social-friends}","0","""default""","""none""","0"
"{citizen 30}","{citizen 13}","[213 0 42 100]","""""","9.9","false","{breed social-friends}","0","""default""","""none""","0"
"{citizen 30}","{citizen 14}","[141 141 141 100]","""""","9.9","false","{breed social-friends}","0","""default""","""none""","0"
"{citizen 30}","{citizen 15}","[213 0 42 100]","""""","9.9","false","{breed social-friends}","0","""default""","""none""","0"
"{citizen 30}","{citizen 16}","[141 141 141 100]","""""","9.9","false","{breed social-friends}","0","""default""","""none""","0"
"{citizen 30}","{citizen 17}","[141 141 141 100]","""""","9.9","false","{breed social-friends}","0","""default""","""none""","0"
"{citizen 30}","{citizen 19}","[213 0 42 100]","""""","9.9","false","{breed social-friends}","0","""default""","""none""","0"
"{citizen 30}","{citizen 20}","[141 141 141 100]","""""","9.9","false","{breed social-friends}","0","""default""","""none""","0"
"{citizen 30}","{citizen 21}","[213 0 42 100]","""""","9.9","false","{breed social-friends}","0","""default""","""none""","0"
"{citizen 30}","{citizen 22}","[213 0 42 100]","""""","9.9","false","{breed social-friends}","0","""default""","""none""","0"
"{citizen 30}","{citizen 23}","[141 141 141 100]","""""","9.9","false","{breed social-friends}","0","""default""","""none""","0"
"{citizen 30}","{citizen 24}","[213 0 42 100]","""""","9.9","false","{breed social-friends}","0","""default""","""none""","0"
"{citizen 30}","{citizen 25}","[213 0 42 100]","""""","9.9","false","{breed social-friends}","0","""default""","""none""","0"
"{citizen 30}","{citizen 26}","[213 0 42 100]","""""","9.9","false","{breed social-friends}","0","""default""","""none""","0"
"{citizen 30}","{citizen 27}","[213 0 42 100]","""""","9.9","false","{breed social-friends}","0","""default""","""none""","0"
"{citizen 30}","{citizen 29}","[213 0 42 100]","""""","9.9","false","{breed social-friends}","0","""default""","""none""","0"
"{citizen 30}","{citizen 31}","[213 0 42 100]","""""","9.9","false","{breed social-friends}","0","""default""","""none""","0"
"{citizen 30}","{citizen 32}","[213 0 42 100]","""""","9.9","false","{breed social-friends}","0","""default""","""none""","0"
"{citizen 30}","{citizen 33}","[213 0 42 100]","""""","9.9","false","{breed social-friends}","0","""default""","""none""","0"
"{citizen 30}","{citizen 34}","[141 141 141 100]","""""","9.9","false","{breed social-friends}","0","""default""","""none""","0"
"{citizen 30}","{citizen 36}","[213 0 42 100]","""""","9.9","false","{breed social-friends}","0","""default""","""none""","0"
"{citizen 30}","{citizen 37}","[213 0 42 100]","""""","9.9","false","{breed social-friends}","0","""default""","""none""","0"
"{citizen 30}","{citizen 38}","[213 0 42 100]","""""","9.9","false","{breed social-friends}","0","""default""","""none""","0"
"{citizen 30}","{citizen 39}","[213 0 42 100]","""""","9.9","false","{breed social-friends}","0","""default""","""none""","0"
"{citizen 30}","{citizen 40}","[213 0 42 100]","""""","9.9","false","{breed social-friends}","0","""default""","""none""","0"
"{citizen 30}","{citizen 41}","[141 141 141 100]","""""","9.9","false","{breed social-friends}","0","""default""","""none""","0"
"{citizen 30}","{citizen 42}","[213 0 42 100]","""""","9.9","false","{breed social-friends}","0","""default""","""none""","0"
"{citizen 30}","{citizen 44}","[141 141 141 100]","""""","9.9","false","{breed social-friends}","0","""default""","""none""","0"
"{citizen 30}","{citizen 45}","[213 0 42 100]","""""","9.9","false","{breed social-friends}","0","""default""","""none""","0"
"{citizen 30}","{citizen 46}","[141 141 141 100]","""""","9.9","false","{breed social-friends}","0","""default""","""none""","0"
"{citizen 30}","{citizen 47}","[213 0 42 100]","""""","9.9","false","{breed social-friends}","0","""default""","""none""","0"
"{citizen 30}","{citizen 48}","[213 0 42 100]","""""","9.9","false","{breed social-friends}","0","""default""","""none""","0"
"{citizen 30}","{citizen 49}","[213 0 42 100]","""""","9.9","false","{breed social-friends}","0","""default""","""none""","0"
"{citizen 31}","{citizen 0}","[213 0 42 100]","""""","9.9","false","{breed social-friends}","0","""default""","""none""","0"
"{citizen 31}","{citizen 1}","[213 0 42 100]","""""","9.9","false","{breed social-friends}","0","""default""","""none""","0"
"{citizen 31}","{citizen 2}","[213 0 42 100]","""""","9.9","false","{breed social-friends}","0","""default""","""none""","0"
"{citizen 31}","{citizen 4}","[213 0 42 100]","""""","9.9","false","{breed social-friends}","0","""default""","""none""","0"
"{citizen 31}","{citizen 5}","[213 0 42 100]","""""","9.9","false","{breed social-friends}","0","""default""","""none""","0"
"{citizen 31}","{citizen 6}","[213 0 42 100]","""""","9.9","false","{breed social-friends}","0","""default""","""none""","0"
"{citizen 31}","{citizen 7}","[213 0 42 100]","""""","9.9","false","{breed social-friends}","0","""default""","""none""","0"
"{citizen 31}","{citizen 8}","[213 0 42 100]","""""","9.9","false","{breed social-friends}","0","""default""","""none""","0"
"{citizen 31}","{citizen 9}","[213 0 42 100]","""""","9.9","false","{breed social-friends}","0","""default""","""none""","0"
"{citizen 31}","{citizen 10}","[213 0 42 100]","""""","9.9","false","{breed social-friends}","0","""default""","""none""","0"
"{citizen 31}","{citizen 11}","[213 0 42 100]","""""","9.9","false","{breed social-friends}","0","""default""","""none""","0"
"{citizen 31}","{citizen 12}","[141 141 141 100]","""""","9.9","false","{breed social-friends}","0","""default""","""none""","0"
"{citizen 31}","{citizen 13}","[213 0 42 100]","""""","9.9","false","{breed social-friends}","0","""default""","""none""","0"
"{citizen 31}","{citizen 14}","[141 141 141 100]","""""","9.9","false","{breed social-friends}","0","""default""","""none""","0"
"{citizen 31}","{citizen 15}","[213 0 42 100]","""""","9.9","false","{breed social-friends}","0","""default""","""none""","0"
"{citizen 31}","{citizen 16}","[141 141 141 100]","""""","9.9","false","{breed social-friends}","0","""default""","""none""","0"
"{citizen 31}","{citizen 17}","[141 141 141 100]","""""","9.9","false","{breed social-friends}","0","""default""","""none""","0"
"{citizen 31}","{citizen 19}","[213 0 42 100]","""""","9.9","false","{breed social-friends}","0","""default""","""none""","0"
"{citizen 31}","{citizen 21}","[213 0 42 100]","""""","9.9","false","{breed social-friends}","0","""default""","""none""","0"
"{citizen 31}","{citizen 22}","[213 0 42 100]","""""","9.9","false","{breed social-friends}","0","""default""","""none""","0"
"{citizen 31}","{citizen 23}","[141 141 141 100]","""""","9.9","false","{breed social-friends}","0","""default""","""none""","0"
"{citizen 31}","{citizen 24}","[213 0 42 100]","""""","9.9","false","{breed social-friends}","0","""default""","""none""","0"
"{citizen 31}","{citizen 25}","[213 0 42 100]","""""","9.9","false","{breed social-friends}","0","""default""","""none""","0"
"{citizen 31}","{citizen 26}","[213 0 42 100]","""""","9.9","false","{breed social-friends}","0","""default""","""none""","0"
"{citizen 31}","{citizen 27}","[213 0 42 100]","""""","9.9","false","{breed social-friends}","0","""default""","""none""","0"
"{citizen 31}","{citizen 29}","[213 0 42 100]","""""","9.9","false","{breed social-friends}","0","""default""","""none""","0"
"{citizen 31}","{citizen 30}","[213 0 42 100]","""""","9.9","false","{breed social-friends}","0","""default""","""none""","0"
"{citizen 31}","{citizen 32}","[213 0 42 100]","""""","9.9","false","{breed social-friends}","0","""default""","""none""","0"
"{citizen 31}","{citizen 33}","[213 0 42 100]","""""","9.9","false","{breed social-friends}","0","""default""","""none""","0"
"{citizen 31}","{citizen 34}","[141 141 141 100]","""""","9.9","false","{breed social-friends}","0","""default""","""none""","0"
"{citizen 31}","{citizen 36}","[213 0 42 100]","""""","9.9","false","{breed social-friends}","0","""default""","""none""","0"
"{citizen 31}","{citizen 37}","[213 0 42 100]","""""","9.9","false","{breed social-friends}","0","""default""","""none""","0"
"{citizen 31}","{citizen 38}","[213 0 42 100]","""""","9.9","false","{breed social-friends}","0","""default""","""none""","0"
"{citizen 31}","{citizen 39}","[213 0 42 100]","""""","9.9","false","{breed social-friends}","0","""default""","""none""","0"
"{citizen 31}","{citizen 40}","[213 0 42 100]","""""","9.9","false","{breed social-friends}","0","""default""","""none""","0"
"{citizen 31}","{citizen 41}","[141 141 141 100]","""""","9.9","false","{breed social-friends}","0","""default""","""none""","0"
"{citizen 31}","{citizen 42}","[213 0 42 100]","""""","9.9","false","{breed social-friends}","0","""default""","""none""","0"
"{citizen 31}","{citizen 44}","[141 141 141 100]","""""","9.9","false","{breed social-friends}","0","""default""","""none""","0"
"{citizen 31}","{citizen 45}","[213 0 42 100]","""""","9.9","false","{breed social-friends}","0","""default""","""none""","0"
"{citizen 31}","{citizen 46}","[141 141 141 100]","""""","9.9","false","{breed social-friends}","0","""default""","""none""","0"
"{citizen 31}","{citizen 47}","[213 0 42 100]","""""","9.9","false","{breed social-friends}","0","""default""","""none""","0"
"{citizen 31}","{citizen 48}","[213 0 42 100]","""""","9.9","false","{breed social-friends}","0","""default""","""none""","0"
"{citizen 31}","{citizen 49}","[213 0 42 100]","""""","9.9","false","{breed social-friends}","0","""default""","""none""","0"
"{citizen 32}","{citizen 0}","[213 0 42 100]","""""","9.9","false","{breed social-friends}","0","""default""","""none""","0"
"{citizen 32}","{citizen 1}","[213 0 42 100]","""""","9.9","false","{breed social-friends}","0","""default""","""none""","0"
"{citizen 32}","{citizen 2}","[213 0 42 100]","""""","9.9","false","{breed social-friends}","0","""default""","""none""","0"
"{citizen 32}","{citizen 3}","[141 141 141 100]","""""","9.9","false","{breed social-friends}","0","""default""","""none""","0"
"{citizen 32}","{citizen 4}","[213 0 42 100]","""""","9.9","false","{breed social-friends}","0","""default""","""none""","0"
"{citizen 32}","{citizen 5}","[213 0 42 100]","""""","9.9","false","{breed social-friends}","0","""default""","""none""","0"
"{citizen 32}","{citizen 6}","[213 0 42 100]","""""","9.9","false","{breed social-friends}","0","""default""","""none""","0"
"{citizen 32}","{citizen 7}","[213 0 42 100]","""""","9.9","false","{breed social-friends}","0","""default""","""none""","0"
"{citizen 32}","{citizen 8}","[213 0 42 100]","""""","9.9","false","{breed social-friends}","0","""default""","""none""","0"
"{citizen 32}","{citizen 9}","[213 0 42 100]","""""","9.9","false","{breed social-friends}","0","""default""","""none""","0"
"{citizen 32}","{citizen 10}","[213 0 42 100]","""""","9.9","false","{breed social-friends}","0","""default""","""none""","0"
"{citizen 32}","{citizen 11}","[213 0 42 100]","""""","9.9","false","{breed social-friends}","0","""default""","""none""","0"
"{citizen 32}","{citizen 12}","[141 141 141 100]","""""","9.9","false","{breed social-friends}","0","""default""","""none""","0"
"{citizen 32}","{citizen 13}","[213 0 42 100]","""""","9.9","false","{breed social-friends}","0","""default""","""none""","0"
"{citizen 32}","{citizen 14}","[141 141 141 100]","""""","9.9","false","{breed social-friends}","0","""default""","""none""","0"
"{citizen 32}","{citizen 15}","[213 0 42 100]","""""","9.9","false","{breed social-friends}","0","""default""","""none""","0"
"{citizen 32}","{citizen 16}","[141 141 141 100]","""""","9.9","false","{breed social-friends}","0","""default""","""none""","0"
"{citizen 32}","{citizen 17}","[141 141 141 100]","""""","9.9","false","{breed social-friends}","0","""default""","""none""","0"
"{citizen 32}","{citizen 18}","[141 141 141 100]","""""","9.9","false","{breed social-friends}","0","""default""","""none""","0"
"{citizen 32}","{citizen 19}","[213 0 42 100]","""""","9.9","false","{breed social-friends}","0","""default""","""none""","0"
"{citizen 32}","{citizen 20}","[141 141 141 100]","""""","9.9","false","{breed social-friends}","0","""default""","""none""","0"
"{citizen 32}","{citizen 21}","[213 0 42 100]","""""","9.9","false","{breed social-friends}","0","""default""","""none""","0"
"{citizen 32}","{citizen 22}","[213 0 42 100]","""""","9.9","false","{breed social-friends}","0","""default""","""none""","0"
"{citizen 32}","{citizen 23}","[141 141 141 100]","""""","9.9","false","{breed social-friends}","0","""default""","""none""","0"
"{citizen 32}","{citizen 24}","[213 0 42 100]","""""","9.9","false","{breed social-friends}","0","""default""","""none""","0"
"{citizen 32}","{citizen 25}","[213 0 42 100]","""""","9.9","false","{breed social-friends}","0","""default""","""none""","0"
"{citizen 32}","{citizen 26}","[213 0 42 100]","""""","9.9","false","{breed social-friends}","0","""default""","""none""","0"
"{citizen 32}","{citizen 27}","[213 0 42 100]","""""","9.9","false","{breed social-friends}","0","""default""","""none""","0"
"{citizen 32}","{citizen 28}","[141 141 141 100]","""""","9.9","false","{breed social-friends}","0","""default""","""none""","0"
"{citizen 32}","{citizen 29}","[213 0 42 100]","""""","9.9","false","{breed social-friends}","0","""default""","""none""","0"
"{citizen 32}","{citizen 30}","[213 0 42 100]","""""","9.9","false","{breed social-friends}","0","""default""","""none""","0"
"{citizen 32}","{citizen 31}","[213 0 42 100]","""""","9.9","false","{breed social-friends}","0","""default""","""none""","0"
"{citizen 32}","{citizen 33}","[213 0 42 100]","""""","9.9","false","{breed social-friends}","0","""default""","""none""","0"
"{citizen 32}","{citizen 34}","[141 141 141 100]","""""","9.9","false","{breed social-friends}","0","""default""","""none""","0"
"{citizen 32}","{citizen 35}","[141 141 141 100]","""""","9.9","false","{breed social-friends}","0","""default""","""none""","0"
"{citizen 32}","{citizen 36}","[213 0 42 100]","""""","9.9","false","{breed social-friends}","0","""default""","""none""","0"
"{citizen 32}","{citizen 37}","[213 0 42 100]","""""","9.9","false","{breed social-friends}","0","""default""","""none""","0"
"{citizen 32}","{citizen 38}","[213 0 42 100]","""""","9.9","false","{breed social-friends}","0","""default""","""none""","0"
"{citizen 32}","{citizen 39}","[213 0 42 100]","""""","9.9","false","{breed social-friends}","0","""default""","""none""","0"
"{citizen 32}","{citizen 40}","[213 0 42 100]","""""","9.9","false","{breed social-friends}","0","""default""","""none""","0"
"{citizen 32}","{citizen 41}","[141 141 141 100]","""""","9.9","false","{breed social-friends}","0","""default""","""none""","0"
"{citizen 32}","{citizen 42}","[213 0 42 100]","""""","9.9","false","{breed social-friends}","0","""default""","""none""","0"
"{citizen 32}","{citizen 43}","[141 141 141 100]","""""","9.9","false","{breed social-friends}","0","""default""","""none""","0"
"{citizen 32}","{citizen 44}","[141 141 141 100]","""""","9.9","false","{breed social-friends}","0","""default""","""none""","0"
"{citizen 32}","{citizen 45}","[213 0 42 100]","""""","9.9","false","{breed social-friends}","0","""default""","""none""","0"
"{citizen 32}","{citizen 46}","[141 141 141 100]","""""","9.9","false","{breed social-friends}","0","""default""","""none""","0"
"{citizen 32}","{citizen 47}","[213 0 42 100]","""""","9.9","false","{breed social-friends}","0","""default""","""none""","0"
"{citizen 32}","{citizen 48}","[213 0 42 100]","""""","9.9","false","{breed social-friends}","0","""default""","""none""","0"
"{citizen 32}","{citizen 49}","[213 0 42 100]","""""","9.9","false","{breed social-friends}","0","""default""","""none""","0"
"{citizen 33}","{citizen 0}","[213 0 42 100]","""""","9.9","false","{breed social-friends}","0","""default""","""none""","0"
"{citizen 33}","{citizen 1}","[213 0 42 100]","""""","9.9","false","{breed social-friends}","0","""default""","""none""","0"
"{citizen 33}","{citizen 2}","[213 0 42 100]","""""","9.9","false","{breed social-friends}","0","""default""","""none""","0"
"{citizen 33}","{citizen 3}","[141 141 141 100]","""""","9.9","false","{breed social-friends}","0","""default""","""none""","0"
"{citizen 33}","{citizen 4}","[213 0 42 100]","""""","9.9","false","{breed social-friends}","0","""default""","""none""","0"
"{citizen 33}","{citizen 5}","[213 0 42 100]","""""","9.9","false","{breed social-friends}","0","""default""","""none""","0"
"{citizen 33}","{citizen 6}","[213 0 42 100]","""""","9.9","false","{breed social-friends}","0","""default""","""none""","0"
"{citizen 33}","{citizen 7}","[213 0 42 100]","""""","9.9","false","{breed social-friends}","0","""default""","""none""","0"
"{citizen 33}","{citizen 8}","[213 0 42 100]","""""","9.9","false","{breed social-friends}","0","""default""","""none""","0"
"{citizen 33}","{citizen 9}","[213 0 42 100]","""""","9.9","false","{breed social-friends}","0","""default""","""none""","0"
"{citizen 33}","{citizen 10}","[213 0 42 100]","""""","9.9","false","{breed social-friends}","0","""default""","""none""","0"
"{citizen 33}","{citizen 11}","[213 0 42 100]","""""","9.9","false","{breed social-friends}","0","""default""","""none""","0"
"{citizen 33}","{citizen 12}","[141 141 141 100]","""""","9.9","false","{breed social-friends}","0","""default""","""none""","0"
"{citizen 33}","{citizen 13}","[213 0 42 100]","""""","9.9","false","{breed social-friends}","0","""default""","""none""","0"
"{citizen 33}","{citizen 14}","[141 141 141 100]","""""","9.9","false","{breed social-friends}","0","""default""","""none""","0"
"{citizen 33}","{citizen 15}","[213 0 42 100]","""""","9.9","false","{breed social-friends}","0","""default""","""none""","0"
"{citizen 33}","{citizen 16}","[141 141 141 100]","""""","9.9","false","{breed social-friends}","0","""default""","""none""","0"
"{citizen 33}","{citizen 17}","[141 141 141 100]","""""","9.9","false","{breed social-friends}","0","""default""","""none""","0"
"{citizen 33}","{citizen 19}","[213 0 42 100]","""""","9.9","false","{breed social-friends}","0","""default""","""none""","0"
"{citizen 33}","{citizen 20}","[141 141 141 100]","""""","9.9","false","{breed social-friends}","0","""default""","""none""","0"
"{citizen 33}","{citizen 21}","[213 0 42 100]","""""","9.9","false","{breed social-friends}","0","""default""","""none""","0"
"{citizen 33}","{citizen 22}","[213 0 42 100]","""""","9.9","false","{breed social-friends}","0","""default""","""none""","0"
"{citizen 33}","{citizen 23}","[141 141 141 100]","""""","9.9","false","{breed social-friends}","0","""default""","""none""","0"
"{citizen 33}","{citizen 24}","[213 0 42 100]","""""","9.9","false","{breed social-friends}","0","""default""","""none""","0"
"{citizen 33}","{citizen 25}","[213 0 42 100]","""""","9.9","false","{breed social-friends}","0","""default""","""none""","0"
"{citizen 33}","{citizen 26}","[213 0 42 100]","""""","9.9","false","{breed social-friends}","0","""default""","""none""","0"
"{citizen 33}","{citizen 27}","[213 0 42 100]","""""","9.9","false","{breed social-friends}","0","""default""","""none""","0"
"{citizen 33}","{citizen 29}","[213 0 42 100]","""""","9.9","false","{breed social-friends}","0","""default""","""none""","0"
"{citizen 33}","{citizen 30}","[213 0 42 100]","""""","9.9","false","{breed social-friends}","0","""default""","""none""","0"
"{citizen 33}","{citizen 31}","[213 0 42 100]","""""","9.9","false","{breed social-friends}","0","""default""","""none""","0"
"{citizen 33}","{citizen 32}","[213 0 42 100]","""""","9.9","false","{breed social-friends}","0","""default""","""none""","0"
"{citizen 33}","{citizen 34}","[141 141 141 100]","""""","9.9","false","{breed social-friends}","0","""default""","""none""","0"
"{citizen 33}","{citizen 35}","[141 141 141 100]","""""","9.9","false","{breed social-friends}","0","""default""","""none""","0"
"{citizen 33}","{citizen 36}","[213 0 42 100]","""""","9.9","false","{breed social-friends}","0","""default""","""none""","0"
"{citizen 33}","{citizen 37}","[213 0 42 100]","""""","9.9","false","{breed social-friends}","0","""default""","""none""","0"
"{citizen 33}","{citizen 38}","[213 0 42 100]","""""","9.9","false","{breed social-friends}","0","""default""","""none""","0"
"{citizen 33}","{citizen 39}","[213 0 42 100]","""""","9.9","false","{breed social-friends}","0","""default""","""none""","0"
"{citizen 33}","{citizen 40}","[213 0 42 100]","""""","9.9","false","{breed social-friends}","0","""default""","""none""","0"
"{citizen 33}","{citizen 41}","[141 141 141 100]","""""","9.9","false","{breed social-friends}","0","""default""","""none""","0"
"{citizen 33}","{citizen 42}","[213 0 42 100]","""""","9.9","false","{breed social-friends}","0","""default""","""none""","0"
"{citizen 33}","{citizen 43}","[141 141 141 100]","""""","9.9","false","{breed social-friends}","0","""default""","""none""","0"
"{citizen 33}","{citizen 44}","[141 141 141 100]","""""","9.9","false","{breed social-friends}","0","""default""","""none""","0"
"{citizen 33}","{citizen 45}","[213 0 42 100]","""""","9.9","false","{breed social-friends}","0","""default""","""none""","0"
"{citizen 33}","{citizen 46}","[141 141 141 100]","""""","9.9","false","{breed social-friends}","0","""default""","""none""","0"
"{citizen 33}","{citizen 47}","[213 0 42 100]","""""","9.9","false","{breed social-friends}","0","""default""","""none""","0"
"{citizen 33}","{citizen 48}","[213 0 42 100]","""""","9.9","false","{breed social-friends}","0","""default""","""none""","0"
"{citizen 33}","{citizen 49}","[213 0 42 100]","""""","9.9","false","{breed social-friends}","0","""default""","""none""","0"
"{citizen 34}","{citizen 0}","[141 141 141 100]","""""","9.9","false","{breed social-friends}","0","""default""","""none""","0"
"{citizen 34}","{citizen 1}","[141 141 141 100]","""""","9.9","false","{breed social-friends}","0","""default""","""none""","0"
"{citizen 34}","{citizen 4}","[141 141 141 100]","""""","9.9","false","{breed social-friends}","0","""default""","""none""","0"
"{citizen 34}","{citizen 5}","[141 141 141 100]","""""","9.9","false","{breed social-friends}","0","""default""","""none""","0"
"{citizen 34}","{citizen 7}","[141 141 141 100]","""""","9.9","false","{breed social-friends}","0","""default""","""none""","0"
"{citizen 34}","{citizen 8}","[141 141 141 100]","""""","9.9","false","{breed social-friends}","0","""default""","""none""","0"
"{citizen 34}","{citizen 9}","[141 141 141 100]","""""","9.9","false","{breed social-friends}","0","""default""","""none""","0"
"{citizen 34}","{citizen 10}","[141 141 141 100]","""""","9.9","false","{breed social-friends}","0","""default""","""none""","0"
"{citizen 34}","{citizen 11}","[141 141 141 100]","""""","9.9","false","{breed social-friends}","0","""default""","""none""","0"
"{citizen 34}","{citizen 13}","[141 141 141 100]","""""","9.9","false","{breed social-friends}","0","""default""","""none""","0"
"{citizen 34}","{citizen 14}","[43 0 212 100]","""""","9.9","false","{breed social-friends}","0","""default""","""none""","0"
"{citizen 34}","{citizen 15}","[141 141 141 100]","""""","9.9","false","{breed social-friends}","0","""default""","""none""","0"
"{citizen 34}","{citizen 18}","[43 0 212 100]","""""","9.9","false","{breed social-friends}","0","""default""","""none""","0"
"{citizen 34}","{citizen 21}","[141 141 141 100]","""""","9.9","false","{breed social-friends}","0","""default""","""none""","0"
"{citizen 34}","{citizen 22}","[141 141 141 100]","""""","9.9","false","{breed social-friends}","0","""default""","""none""","0"
"{citizen 34}","{citizen 24}","[141 141 141 100]","""""","9.9","false","{breed social-friends}","0","""default""","""none""","0"
"{citizen 34}","{citizen 25}","[141 141 141 100]","""""","9.9","false","{breed social-friends}","0","""default""","""none""","0"
"{citizen 34}","{citizen 27}","[141 141 141 100]","""""","9.9","false","{breed social-friends}","0","""default""","""none""","0"
"{citizen 34}","{citizen 29}","[141 141 141 100]","""""","9.9","false","{breed social-friends}","0","""default""","""none""","0"
"{citizen 34}","{citizen 30}","[141 141 141 100]","""""","9.9","false","{breed social-friends}","0","""default""","""none""","0"
"{citizen 34}","{citizen 31}","[141 141 141 100]","""""","9.9","false","{breed social-friends}","0","""default""","""none""","0"
"{citizen 34}","{citizen 32}","[141 141 141 100]","""""","9.9","false","{breed social-friends}","0","""default""","""none""","0"
"{citizen 34}","{citizen 33}","[141 141 141 100]","""""","9.9","false","{breed social-friends}","0","""default""","""none""","0"
"{citizen 34}","{citizen 36}","[141 141 141 100]","""""","9.9","false","{breed social-friends}","0","""default""","""none""","0"
"{citizen 34}","{citizen 37}","[141 141 141 100]","""""","9.9","false","{breed social-friends}","0","""default""","""none""","0"
"{citizen 34}","{citizen 38}","[141 141 141 100]","""""","9.9","false","{breed social-friends}","0","""default""","""none""","0"
"{citizen 34}","{citizen 39}","[141 141 141 100]","""""","9.9","false","{breed social-friends}","0","""default""","""none""","0"
"{citizen 34}","{citizen 43}","[43 0 212 100]","""""","9.9","false","{breed social-friends}","0","""default""","""none""","0"
"{citizen 34}","{citizen 45}","[141 141 141 100]","""""","9.9","false","{breed social-friends}","0","""default""","""none""","0"
"{citizen 34}","{citizen 47}","[141 141 141 100]","""""","9.9","false","{breed social-friends}","0","""default""","""none""","0"
"{citizen 34}","{citizen 48}","[141 141 141 100]","""""","9.9","false","{breed social-friends}","0","""default""","""none""","0"
"{citizen 34}","{citizen 49}","[141 141 141 100]","""""","9.9","false","{breed social-friends}","0","""default""","""none""","0"
"{citizen 35}","{citizen 0}","[141 141 141 100]","""""","9.9","false","{breed social-friends}","0","""default""","""none""","0"
"{citizen 35}","{citizen 1}","[141 141 141 100]","""""","9.9","false","{breed social-friends}","0","""default""","""none""","0"
"{citizen 35}","{citizen 3}","[43 0 212 100]","""""","9.9","false","{breed social-friends}","0","""default""","""none""","0"
"{citizen 35}","{citizen 7}","[141 141 141 100]","""""","9.9","false","{breed social-friends}","0","""default""","""none""","0"
"{citizen 35}","{citizen 8}","[141 141 141 100]","""""","9.9","false","{breed social-friends}","0","""default""","""none""","0"
"{citizen 35}","{citizen 9}","[141 141 141 100]","""""","9.9","false","{breed social-friends}","0","""default""","""none""","0"
"{citizen 35}","{citizen 12}","[43 0 212 100]","""""","9.9","false","{breed social-friends}","0","""default""","""none""","0"
"{citizen 35}","{citizen 13}","[141 141 141 100]","""""","9.9","false","{breed social-friends}","0","""default""","""none""","0"
"{citizen 35}","{citizen 14}","[43 0 212 100]","""""","9.9","false","{breed social-friends}","0","""default""","""none""","0"
"{citizen 35}","{citizen 16}","[43 0 212 100]","""""","9.9","false","{breed social-friends}","0","""default""","""none""","0"
"{citizen 35}","{citizen 17}","[43 0 212 100]","""""","9.9","false","{breed social-friends}","0","""default""","""none""","0"
"{citizen 35}","{citizen 18}","[43 0 212 100]","""""","9.9","false","{breed social-friends}","0","""default""","""none""","0"
"{citizen 35}","{citizen 21}","[141 141 141 100]","""""","9.9","false","{breed social-friends}","0","""default""","""none""","0"
"{citizen 35}","{citizen 22}","[141 141 141 100]","""""","9.9","false","{breed social-friends}","0","""default""","""none""","0"
"{citizen 35}","{citizen 24}","[141 141 141 100]","""""","9.9","false","{breed social-friends}","0","""default""","""none""","0"
"{citizen 35}","{citizen 25}","[141 141 141 100]","""""","9.9","false","{breed social-friends}","0","""default""","""none""","0"
"{citizen 35}","{citizen 28}","[43 0 212 100]","""""","9.9","false","{breed social-friends}","0","""default""","""none""","0"
"{citizen 35}","{citizen 29}","[141 141 141 100]","""""","9.9","false","{breed social-friends}","0","""default""","""none""","0"
"{citizen 35}","{citizen 32}","[141 141 141 100]","""""","9.9","false","{breed social-friends}","0","""default""","""none""","0"
"{citizen 35}","{citizen 33}","[141 141 141 100]","""""","9.9","false","{breed social-friends}","0","""default""","""none""","0"
"{citizen 35}","{citizen 37}","[141 141 141 100]","""""","9.9","false","{breed social-friends}","0","""default""","""none""","0"
"{citizen 35}","{citizen 38}","[141 141 141 100]","""""","9.9","false","{breed social-friends}","0","""default""","""none""","0"
"{citizen 35}","{citizen 39}","[141 141 141 100]","""""","9.9","false","{breed social-friends}","0","""default""","""none""","0"
"{citizen 35}","{citizen 43}","[43 0 212 100]","""""","9.9","false","{breed social-friends}","0","""default""","""none""","0"
"{citizen 35}","{citizen 46}","[43 0 212 100]","""""","9.9","false","{breed social-friends}","0","""default""","""none""","0"
"{citizen 36}","{citizen 0}","[213 0 42 100]","""""","9.9","false","{breed social-friends}","0","""default""","""none""","0"
"{citizen 36}","{citizen 1}","[213 0 42 100]","""""","9.9","false","{breed social-friends}","0","""default""","""none""","0"
"{citizen 36}","{citizen 2}","[213 0 42 100]","""""","9.9","false","{breed social-friends}","0","""default""","""none""","0"
"{citizen 36}","{citizen 3}","[141 141 141 100]","""""","9.9","false","{breed social-friends}","0","""default""","""none""","0"
"{citizen 36}","{citizen 4}","[213 0 42 100]","""""","9.9","false","{breed social-friends}","0","""default""","""none""","0"
"{citizen 36}","{citizen 5}","[213 0 42 100]","""""","9.9","false","{breed social-friends}","0","""default""","""none""","0"
"{citizen 36}","{citizen 6}","[213 0 42 100]","""""","9.9","false","{breed social-friends}","0","""default""","""none""","0"
"{citizen 36}","{citizen 7}","[213 0 42 100]","""""","9.9","false","{breed social-friends}","0","""default""","""none""","0"
"{citizen 36}","{citizen 8}","[213 0 42 100]","""""","9.9","false","{breed social-friends}","0","""default""","""none""","0"
"{citizen 36}","{citizen 9}","[213 0 42 100]","""""","9.9","false","{breed social-friends}","0","""default""","""none""","0"
"{citizen 36}","{citizen 10}","[213 0 42 100]","""""","9.9","false","{breed social-friends}","0","""default""","""none""","0"
"{citizen 36}","{citizen 11}","[213 0 42 100]","""""","9.9","false","{breed social-friends}","0","""default""","""none""","0"
"{citizen 36}","{citizen 12}","[141 141 141 100]","""""","9.9","false","{breed social-friends}","0","""default""","""none""","0"
"{citizen 36}","{citizen 13}","[213 0 42 100]","""""","9.9","false","{breed social-friends}","0","""default""","""none""","0"
"{citizen 36}","{citizen 14}","[141 141 141 100]","""""","9.9","false","{breed social-friends}","0","""default""","""none""","0"
"{citizen 36}","{citizen 15}","[213 0 42 100]","""""","9.9","false","{breed social-friends}","0","""default""","""none""","0"
"{citizen 36}","{citizen 16}","[141 141 141 100]","""""","9.9","false","{breed social-friends}","0","""default""","""none""","0"
"{citizen 36}","{citizen 17}","[141 141 141 100]","""""","9.9","false","{breed social-friends}","0","""default""","""none""","0"
"{citizen 36}","{citizen 19}","[213 0 42 100]","""""","9.9","false","{breed social-friends}","0","""default""","""none""","0"
"{citizen 36}","{citizen 20}","[141 141 141 100]","""""","9.9","false","{breed social-friends}","0","""default""","""none""","0"
"{citizen 36}","{citizen 21}","[213 0 42 100]","""""","9.9","false","{breed social-friends}","0","""default""","""none""","0"
"{citizen 36}","{citizen 22}","[213 0 42 100]","""""","9.9","false","{breed social-friends}","0","""default""","""none""","0"
"{citizen 36}","{citizen 23}","[141 141 141 100]","""""","9.9","false","{breed social-friends}","0","""default""","""none""","0"
"{citizen 36}","{citizen 24}","[213 0 42 100]","""""","9.9","false","{breed social-friends}","0","""default""","""none""","0"
"{citizen 36}","{citizen 25}","[213 0 42 100]","""""","9.9","false","{breed social-friends}","0","""default""","""none""","0"
"{citizen 36}","{citizen 26}","[213 0 42 100]","""""","9.9","false","{breed social-friends}","0","""default""","""none""","0"
"{citizen 36}","{citizen 27}","[213 0 42 100]","""""","9.9","false","{breed social-friends}","0","""default""","""none""","0"
"{citizen 36}","{citizen 28}","[141 141 141 100]","""""","9.9","false","{breed social-friends}","0","""default""","""none""","0"
"{citizen 36}","{citizen 29}","[213 0 42 100]","""""","9.9","false","{breed social-friends}","0","""default""","""none""","0"
"{citizen 36}","{citizen 30}","[213 0 42 100]","""""","9.9","false","{breed social-friends}","0","""default""","""none""","0"
"{citizen 36}","{citizen 31}","[213 0 42 100]","""""","9.9","false","{breed social-friends}","0","""default""","""none""","0"
"{citizen 36}","{citizen 32}","[213 0 42 100]","""""","9.9","false","{breed social-friends}","0","""default""","""none""","0"
"{citizen 36}","{citizen 33}","[213 0 42 100]","""""","9.9","false","{breed social-friends}","0","""default""","""none""","0"
"{citizen 36}","{citizen 34}","[141 141 141 100]","""""","9.9","false","{breed social-friends}","0","""default""","""none""","0"
"{citizen 36}","{citizen 37}","[213 0 42 100]","""""","9.9","false","{breed social-friends}","0","""default""","""none""","0"
"{citizen 36}","{citizen 38}","[213 0 42 100]","""""","9.9","false","{breed social-friends}","0","""default""","""none""","0"
"{citizen 36}","{citizen 39}","[213 0 42 100]","""""","9.9","false","{breed social-friends}","0","""default""","""none""","0"
"{citizen 36}","{citizen 40}","[213 0 42 100]","""""","9.9","false","{breed social-friends}","0","""default""","""none""","0"
"{citizen 36}","{citizen 41}","[141 141 141 100]","""""","9.9","false","{breed social-friends}","0","""default""","""none""","0"
"{citizen 36}","{citizen 42}","[213 0 42 100]","""""","9.9","false","{breed social-friends}","0","""default""","""none""","0"
"{citizen 36}","{citizen 43}","[141 141 141 100]","""""","9.9","false","{breed social-friends}","0","""default""","""none""","0"
"{citizen 36}","{citizen 44}","[141 141 141 100]","""""","9.9","false","{breed social-friends}","0","""default""","""none""","0"
"{citizen 36}","{citizen 45}","[213 0 42 100]","""""","9.9","false","{breed social-friends}","0","""default""","""none""","0"
"{citizen 36}","{citizen 46}","[141 141 141 100]","""""","9.9","false","{breed social-friends}","0","""default""","""none""","0"
"{citizen 36}","{citizen 47}","[213 0 42 100]","""""","9.9","false","{breed social-friends}","0","""default""","""none""","0"
"{citizen 36}","{citizen 48}","[213 0 42 100]","""""","9.9","false","{breed social-friends}","0","""default""","""none""","0"
"{citizen 36}","{citizen 49}","[213 0 42 100]","""""","9.9","false","{breed social-friends}","0","""default""","""none""","0"
"{citizen 37}","{citizen 0}","[213 0 42 100]","""""","9.9","false","{breed social-friends}","0","""default""","""none""","0"
"{citizen 37}","{citizen 1}","[213 0 42 100]","""""","9.9","false","{breed social-friends}","0","""default""","""none""","0"
"{citizen 37}","{citizen 2}","[213 0 42 100]","""""","9.9","false","{breed social-friends}","0","""default""","""none""","0"
"{citizen 37}","{citizen 3}","[141 141 141 100]","""""","9.9","false","{breed social-friends}","0","""default""","""none""","0"
"{citizen 37}","{citizen 4}","[213 0 42 100]","""""","9.9","false","{breed social-friends}","0","""default""","""none""","0"
"{citizen 37}","{citizen 5}","[213 0 42 100]","""""","9.9","false","{breed social-friends}","0","""default""","""none""","0"
"{citizen 37}","{citizen 6}","[213 0 42 100]","""""","9.9","false","{breed social-friends}","0","""default""","""none""","0"
"{citizen 37}","{citizen 7}","[213 0 42 100]","""""","9.9","false","{breed social-friends}","0","""default""","""none""","0"
"{citizen 37}","{citizen 8}","[213 0 42 100]","""""","9.9","false","{breed social-friends}","0","""default""","""none""","0"
"{citizen 37}","{citizen 9}","[213 0 42 100]","""""","9.9","false","{breed social-friends}","0","""default""","""none""","0"
"{citizen 37}","{citizen 10}","[213 0 42 100]","""""","9.9","false","{breed social-friends}","0","""default""","""none""","0"
"{citizen 37}","{citizen 11}","[213 0 42 100]","""""","9.9","false","{breed social-friends}","0","""default""","""none""","0"
"{citizen 37}","{citizen 12}","[141 141 141 100]","""""","9.9","false","{breed social-friends}","0","""default""","""none""","0"
"{citizen 37}","{citizen 13}","[213 0 42 100]","""""","9.9","false","{breed social-friends}","0","""default""","""none""","0"
"{citizen 37}","{citizen 14}","[141 141 141 100]","""""","9.9","false","{breed social-friends}","0","""default""","""none""","0"
"{citizen 37}","{citizen 15}","[213 0 42 100]","""""","9.9","false","{breed social-friends}","0","""default""","""none""","0"
"{citizen 37}","{citizen 16}","[141 141 141 100]","""""","9.9","false","{breed social-friends}","0","""default""","""none""","0"
"{citizen 37}","{citizen 17}","[141 141 141 100]","""""","9.9","false","{breed social-friends}","0","""default""","""none""","0"
"{citizen 37}","{citizen 19}","[213 0 42 100]","""""","9.9","false","{breed social-friends}","0","""default""","""none""","0"
"{citizen 37}","{citizen 20}","[141 141 141 100]","""""","9.9","false","{breed social-friends}","0","""default""","""none""","0"
"{citizen 37}","{citizen 21}","[213 0 42 100]","""""","9.9","false","{breed social-friends}","0","""default""","""none""","0"
"{citizen 37}","{citizen 22}","[213 0 42 100]","""""","9.9","false","{breed social-friends}","0","""default""","""none""","0"
"{citizen 37}","{citizen 23}","[141 141 141 100]","""""","9.9","false","{breed social-friends}","0","""default""","""none""","0"
"{citizen 37}","{citizen 24}","[213 0 42 100]","""""","9.9","false","{breed social-friends}","0","""default""","""none""","0"
"{citizen 37}","{citizen 25}","[213 0 42 100]","""""","9.9","false","{breed social-friends}","0","""default""","""none""","0"
"{citizen 37}","{citizen 26}","[213 0 42 100]","""""","9.9","false","{breed social-friends}","0","""default""","""none""","0"
"{citizen 37}","{citizen 27}","[213 0 42 100]","""""","9.9","false","{breed social-friends}","0","""default""","""none""","0"
"{citizen 37}","{citizen 29}","[213 0 42 100]","""""","9.9","false","{breed social-friends}","0","""default""","""none""","0"
"{citizen 37}","{citizen 30}","[213 0 42 100]","""""","9.9","false","{breed social-friends}","0","""default""","""none""","0"
"{citizen 37}","{citizen 31}","[213 0 42 100]","""""","9.9","false","{breed social-friends}","0","""default""","""none""","0"
"{citizen 37}","{citizen 32}","[213 0 42 100]","""""","9.9","false","{breed social-friends}","0","""default""","""none""","0"
"{citizen 37}","{citizen 33}","[213 0 42 100]","""""","9.9","false","{breed social-friends}","0","""default""","""none""","0"
"{citizen 37}","{citizen 34}","[141 141 141 100]","""""","9.9","false","{breed social-friends}","0","""default""","""none""","0"
"{citizen 37}","{citizen 35}","[141 141 141 100]","""""","9.9","false","{breed social-friends}","0","""default""","""none""","0"
"{citizen 37}","{citizen 36}","[213 0 42 100]","""""","9.9","false","{breed social-friends}","0","""default""","""none""","0"
"{citizen 37}","{citizen 38}","[213 0 42 100]","""""","9.9","false","{breed social-friends}","0","""default""","""none""","0"
"{citizen 37}","{citizen 39}","[213 0 42 100]","""""","9.9","false","{breed social-friends}","0","""default""","""none""","0"
"{citizen 37}","{citizen 40}","[213 0 42 100]","""""","9.9","false","{breed social-friends}","0","""default""","""none""","0"
"{citizen 37}","{citizen 41}","[141 141 141 100]","""""","9.9","false","{breed social-friends}","0","""default""","""none""","0"
"{citizen 37}","{citizen 42}","[213 0 42 100]","""""","9.9","false","{breed social-friends}","0","""default""","""none""","0"
"{citizen 37}","{citizen 43}","[141 141 141 100]","""""","9.9","false","{breed social-friends}","0","""default""","""none""","0"
"{citizen 37}","{citizen 44}","[141 141 141 100]","""""","9.9","false","{breed social-friends}","0","""default""","""none""","0"
"{citizen 37}","{citizen 45}","[213 0 42 100]","""""","9.9","false","{breed social-friends}","0","""default""","""none""","0"
"{citizen 37}","{citizen 46}","[141 141 141 100]","""""","9.9","false","{breed social-friends}","0","""default""","""none""","0"
"{citizen 37}","{citizen 47}","[213 0 42 100]","""""","9.9","false","{breed social-friends}","0","""default""","""none""","0"
"{citizen 37}","{citizen 48}","[213 0 42 100]","""""","9.9","false","{breed social-friends}","0","""default""","""none""","0"
"{citizen 37}","{citizen 49}","[213 0 42 100]","""""","9.9","false","{breed social-friends}","0","""default""","""none""","0"
"{citizen 38}","{citizen 0}","[213 0 42 100]","""""","9.9","false","{breed social-friends}","0","""default""","""none""","0"
"{citizen 38}","{citizen 1}","[213 0 42 100]","""""","9.9","false","{breed social-friends}","0","""default""","""none""","0"
"{citizen 38}","{citizen 2}","[213 0 42 100]","""""","9.9","false","{breed social-friends}","0","""default""","""none""","0"
"{citizen 38}","{citizen 3}","[141 141 141 100]","""""","9.9","false","{breed social-friends}","0","""default""","""none""","0"
"{citizen 38}","{citizen 4}","[213 0 42 100]","""""","9.9","false","{breed social-friends}","0","""default""","""none""","0"
"{citizen 38}","{citizen 5}","[213 0 42 100]","""""","9.9","false","{breed social-friends}","0","""default""","""none""","0"
"{citizen 38}","{citizen 6}","[213 0 42 100]","""""","9.9","false","{breed social-friends}","0","""default""","""none""","0"
"{citizen 38}","{citizen 7}","[213 0 42 100]","""""","9.9","false","{breed social-friends}","0","""default""","""none""","0"
"{citizen 38}","{citizen 8}","[213 0 42 100]","""""","9.9","false","{breed social-friends}","0","""default""","""none""","0"
"{citizen 38}","{citizen 9}","[213 0 42 100]","""""","9.9","false","{breed social-friends}","0","""default""","""none""","0"
"{citizen 38}","{citizen 10}","[213 0 42 100]","""""","9.9","false","{breed social-friends}","0","""default""","""none""","0"
"{citizen 38}","{citizen 11}","[213 0 42 100]","""""","9.9","false","{breed social-friends}","0","""default""","""none""","0"
"{citizen 38}","{citizen 12}","[141 141 141 100]","""""","9.9","false","{breed social-friends}","0","""default""","""none""","0"
"{citizen 38}","{citizen 13}","[213 0 42 100]","""""","9.9","false","{breed social-friends}","0","""default""","""none""","0"
"{citizen 38}","{citizen 14}","[141 141 141 100]","""""","9.9","false","{breed social-friends}","0","""default""","""none""","0"
"{citizen 38}","{citizen 15}","[213 0 42 100]","""""","9.9","false","{breed social-friends}","0","""default""","""none""","0"
"{citizen 38}","{citizen 16}","[141 141 141 100]","""""","9.9","false","{breed social-friends}","0","""default""","""none""","0"
"{citizen 38}","{citizen 17}","[141 141 141 100]","""""","9.9","false","{breed social-friends}","0","""default""","""none""","0"
"{citizen 38}","{citizen 19}","[213 0 42 100]","""""","9.9","false","{breed social-friends}","0","""default""","""none""","0"
"{citizen 38}","{citizen 21}","[213 0 42 100]","""""","9.9","false","{breed social-friends}","0","""default""","""none""","0"
"{citizen 38}","{citizen 22}","[213 0 42 100]","""""","9.9","false","{breed social-friends}","0","""default""","""none""","0"
"{citizen 38}","{citizen 23}","[141 141 141 100]","""""","9.9","false","{breed social-friends}","0","""default""","""none""","0"
"{citizen 38}","{citizen 24}","[213 0 42 100]","""""","9.9","false","{breed social-friends}","0","""default""","""none""","0"
"{citizen 38}","{citizen 25}","[213 0 42 100]","""""","9.9","false","{breed social-friends}","0","""default""","""none""","0"
"{citizen 38}","{citizen 26}","[213 0 42 100]","""""","9.9","false","{breed social-friends}","0","""default""","""none""","0"
"{citizen 38}","{citizen 27}","[213 0 42 100]","""""","9.9","false","{breed social-friends}","0","""default""","""none""","0"
"{citizen 38}","{citizen 29}","[213 0 42 100]","""""","9.9","false","{breed social-friends}","0","""default""","""none""","0"
"{citizen 38}","{citizen 30}","[213 0 42 100]","""""","9.9","false","{breed social-friends}","0","""default""","""none""","0"
"{citizen 38}","{citizen 31}","[213 0 42 100]","""""","9.9","false","{breed social-friends}","0","""default""","""none""","0"
"{citizen 38}","{citizen 32}","[213 0 42 100]","""""","9.9","false","{breed social-friends}","0","""default""","""none""","0"
"{citizen 38}","{citizen 33}","[213 0 42 100]","""""","9.9","false","{breed social-friends}","0","""default""","""none""","0"
"{citizen 38}","{citizen 34}","[141 141 141 100]","""""","9.9","false","{breed social-friends}","0","""default""","""none""","0"
"{citizen 38}","{citizen 35}","[141 141 141 100]","""""","9.9","false","{breed social-friends}","0","""default""","""none""","0"
"{citizen 38}","{citizen 36}","[213 0 42 100]","""""","9.9","false","{breed social-friends}","0","""default""","""none""","0"
"{citizen 38}","{citizen 37}","[213 0 42 100]","""""","9.9","false","{breed social-friends}","0","""default""","""none""","0"
"{citizen 38}","{citizen 39}","[213 0 42 100]","""""","9.9","false","{breed social-friends}","0","""default""","""none""","0"
"{citizen 38}","{citizen 40}","[213 0 42 100]","""""","9.9","false","{breed social-friends}","0","""default""","""none""","0"
"{citizen 38}","{citizen 41}","[141 141 141 100]","""""","9.9","false","{breed social-friends}","0","""default""","""none""","0"
"{citizen 38}","{citizen 42}","[213 0 42 100]","""""","9.9","false","{breed social-friends}","0","""default""","""none""","0"
"{citizen 38}","{citizen 43}","[141 141 141 100]","""""","9.9","false","{breed social-friends}","0","""default""","""none""","0"
"{citizen 38}","{citizen 44}","[141 141 141 100]","""""","9.9","false","{breed social-friends}","0","""default""","""none""","0"
"{citizen 38}","{citizen 45}","[213 0 42 100]","""""","9.9","false","{breed social-friends}","0","""default""","""none""","0"
"{citizen 38}","{citizen 46}","[141 141 141 100]","""""","9.9","false","{breed social-friends}","0","""default""","""none""","0"
"{citizen 38}","{citizen 47}","[213 0 42 100]","""""","9.9","false","{breed social-friends}","0","""default""","""none""","0"
"{citizen 38}","{citizen 48}","[213 0 42 100]","""""","9.9","false","{breed social-friends}","0","""default""","""none""","0"
"{citizen 38}","{citizen 49}","[213 0 42 100]","""""","9.9","false","{breed social-friends}","0","""default""","""none""","0"
"{citizen 39}","{citizen 0}","[213 0 42 100]","""""","9.9","false","{breed social-friends}","0","""default""","""none""","0"
"{citizen 39}","{citizen 1}","[213 0 42 100]","""""","9.9","false","{breed social-friends}","0","""default""","""none""","0"
"{citizen 39}","{citizen 2}","[213 0 42 100]","""""","9.9","false","{breed social-friends}","0","""default""","""none""","0"
"{citizen 39}","{citizen 4}","[213 0 42 100]","""""","9.9","false","{breed social-friends}","0","""default""","""none""","0"
"{citizen 39}","{citizen 5}","[213 0 42 100]","""""","9.9","false","{breed social-friends}","0","""default""","""none""","0"
"{citizen 39}","{citizen 6}","[213 0 42 100]","""""","9.9","false","{breed social-friends}","0","""default""","""none""","0"
"{citizen 39}","{citizen 7}","[213 0 42 100]","""""","9.9","false","{breed social-friends}","0","""default""","""none""","0"
"{citizen 39}","{citizen 8}","[213 0 42 100]","""""","9.9","false","{breed social-friends}","0","""default""","""none""","0"
"{citizen 39}","{citizen 9}","[213 0 42 100]","""""","9.9","false","{breed social-friends}","0","""default""","""none""","0"
"{citizen 39}","{citizen 10}","[213 0 42 100]","""""","9.9","false","{breed social-friends}","0","""default""","""none""","0"
"{citizen 39}","{citizen 11}","[213 0 42 100]","""""","9.9","false","{breed social-friends}","0","""default""","""none""","0"
"{citizen 39}","{citizen 12}","[141 141 141 100]","""""","9.9","false","{breed social-friends}","0","""default""","""none""","0"
"{citizen 39}","{citizen 13}","[213 0 42 100]","""""","9.9","false","{breed social-friends}","0","""default""","""none""","0"
"{citizen 39}","{citizen 14}","[141 141 141 100]","""""","9.9","false","{breed social-friends}","0","""default""","""none""","0"
"{citizen 39}","{citizen 15}","[213 0 42 100]","""""","9.9","false","{breed social-friends}","0","""default""","""none""","0"
"{citizen 39}","{citizen 16}","[141 141 141 100]","""""","9.9","false","{breed social-friends}","0","""default""","""none""","0"
"{citizen 39}","{citizen 17}","[141 141 141 100]","""""","9.9","false","{breed social-friends}","0","""default""","""none""","0"
"{citizen 39}","{citizen 19}","[213 0 42 100]","""""","9.9","false","{breed social-friends}","0","""default""","""none""","0"
"{citizen 39}","{citizen 21}","[213 0 42 100]","""""","9.9","false","{breed social-friends}","0","""default""","""none""","0"
"{citizen 39}","{citizen 22}","[213 0 42 100]","""""","9.9","false","{breed social-friends}","0","""default""","""none""","0"
"{citizen 39}","{citizen 24}","[213 0 42 100]","""""","9.9","false","{breed social-friends}","0","""default""","""none""","0"
"{citizen 39}","{citizen 25}","[213 0 42 100]","""""","9.9","false","{breed social-friends}","0","""default""","""none""","0"
"{citizen 39}","{citizen 26}","[213 0 42 100]","""""","9.9","false","{breed social-friends}","0","""default""","""none""","0"
"{citizen 39}","{citizen 27}","[213 0 42 100]","""""","9.9","false","{breed social-friends}","0","""default""","""none""","0"
"{citizen 39}","{citizen 29}","[213 0 42 100]","""""","9.9","false","{breed social-friends}","0","""default""","""none""","0"
"{citizen 39}","{citizen 30}","[213 0 42 100]","""""","9.9","false","{breed social-friends}","0","""default""","""none""","0"
"{citizen 39}","{citizen 31}","[213 0 42 100]","""""","9.9","false","{breed social-friends}","0","""default""","""none""","0"
"{citizen 39}","{citizen 32}","[213 0 42 100]","""""","9.9","false","{breed social-friends}","0","""default""","""none""","0"
"{citizen 39}","{citizen 33}","[213 0 42 100]","""""","9.9","false","{breed social-friends}","0","""default""","""none""","0"
"{citizen 39}","{citizen 34}","[141 141 141 100]","""""","9.9","false","{breed social-friends}","0","""default""","""none""","0"
"{citizen 39}","{citizen 35}","[141 141 141 100]","""""","9.9","false","{breed social-friends}","0","""default""","""none""","0"
"{citizen 39}","{citizen 36}","[213 0 42 100]","""""","9.9","false","{breed social-friends}","0","""default""","""none""","0"
"{citizen 39}","{citizen 37}","[213 0 42 100]","""""","9.9","false","{breed social-friends}","0","""default""","""none""","0"
"{citizen 39}","{citizen 38}","[213 0 42 100]","""""","9.9","false","{breed social-friends}","0","""default""","""none""","0"
"{citizen 39}","{citizen 40}","[213 0 42 100]","""""","9.9","false","{breed social-friends}","0","""default""","""none""","0"
"{citizen 39}","{citizen 41}","[141 141 141 100]","""""","9.9","false","{breed social-friends}","0","""default""","""none""","0"
"{citizen 39}","{citizen 42}","[213 0 42 100]","""""","9.9","false","{breed social-friends}","0","""default""","""none""","0"
"{citizen 39}","{citizen 44}","[141 141 141 100]","""""","9.9","false","{breed social-friends}","0","""default""","""none""","0"
"{citizen 39}","{citizen 45}","[213 0 42 100]","""""","9.9","false","{breed social-friends}","0","""default""","""none""","0"
"{citizen 39}","{citizen 46}","[141 141 141 100]","""""","9.9","false","{breed social-friends}","0","""default""","""none""","0"
"{citizen 39}","{citizen 47}","[213 0 42 100]","""""","9.9","false","{breed social-friends}","0","""default""","""none""","0"
"{citizen 39}","{citizen 48}","[213 0 42 100]","""""","9.9","false","{breed social-friends}","0","""default""","""none""","0"
"{citizen 39}","{citizen 49}","[213 0 42 100]","""""","9.9","false","{breed social-friends}","0","""default""","""none""","0"
"{citizen 40}","{citizen 0}","[213 0 42 100]","""""","9.9","false","{breed social-friends}","0","""default""","""none""","0"
"{citizen 40}","{citizen 1}","[213 0 42 100]","""""","9.9","false","{breed social-friends}","0","""default""","""none""","0"
"{citizen 40}","{citizen 2}","[213 0 42 100]","""""","9.9","false","{breed social-friends}","0","""default""","""none""","0"
"{citizen 40}","{citizen 3}","[141 141 141 100]","""""","9.9","false","{breed social-friends}","0","""default""","""none""","0"
"{citizen 40}","{citizen 4}","[213 0 42 100]","""""","9.9","false","{breed social-friends}","0","""default""","""none""","0"
"{citizen 40}","{citizen 5}","[213 0 42 100]","""""","9.9","false","{breed social-friends}","0","""default""","""none""","0"
"{citizen 40}","{citizen 6}","[213 0 42 100]","""""","9.9","false","{breed social-friends}","0","""default""","""none""","0"
"{citizen 40}","{citizen 7}","[213 0 42 100]","""""","9.9","false","{breed social-friends}","0","""default""","""none""","0"
"{citizen 40}","{citizen 8}","[213 0 42 100]","""""","9.9","false","{breed social-friends}","0","""default""","""none""","0"
"{citizen 40}","{citizen 9}","[213 0 42 100]","""""","9.9","false","{breed social-friends}","0","""default""","""none""","0"
"{citizen 40}","{citizen 10}","[213 0 42 100]","""""","9.9","false","{breed social-friends}","0","""default""","""none""","0"
"{citizen 40}","{citizen 11}","[213 0 42 100]","""""","9.9","false","{breed social-friends}","0","""default""","""none""","0"
"{citizen 40}","{citizen 12}","[141 141 141 100]","""""","9.9","false","{breed social-friends}","0","""default""","""none""","0"
"{citizen 40}","{citizen 13}","[213 0 42 100]","""""","9.9","false","{breed social-friends}","0","""default""","""none""","0"
"{citizen 40}","{citizen 14}","[141 141 141 100]","""""","9.9","false","{breed social-friends}","0","""default""","""none""","0"
"{citizen 40}","{citizen 15}","[213 0 42 100]","""""","9.9","false","{breed social-friends}","0","""default""","""none""","0"
"{citizen 40}","{citizen 16}","[141 141 141 100]","""""","9.9","false","{breed social-friends}","0","""default""","""none""","0"
"{citizen 40}","{citizen 17}","[141 141 141 100]","""""","9.9","false","{breed social-friends}","0","""default""","""none""","0"
"{citizen 40}","{citizen 19}","[213 0 42 100]","""""","9.9","false","{breed social-friends}","0","""default""","""none""","0"
"{citizen 40}","{citizen 20}","[141 141 141 100]","""""","9.9","false","{breed social-friends}","0","""default""","""none""","0"
"{citizen 40}","{citizen 21}","[213 0 42 100]","""""","9.9","false","{breed social-friends}","0","""default""","""none""","0"
"{citizen 40}","{citizen 22}","[213 0 42 100]","""""","9.9","false","{breed social-friends}","0","""default""","""none""","0"
"{citizen 40}","{citizen 23}","[141 141 141 100]","""""","9.9","false","{breed social-friends}","0","""default""","""none""","0"
"{citizen 40}","{citizen 24}","[213 0 42 100]","""""","9.9","false","{breed social-friends}","0","""default""","""none""","0"
"{citizen 40}","{citizen 25}","[213 0 42 100]","""""","9.9","false","{breed social-friends}","0","""default""","""none""","0"
"{citizen 40}","{citizen 26}","[213 0 42 100]","""""","9.9","false","{breed social-friends}","0","""default""","""none""","0"
"{citizen 40}","{citizen 27}","[213 0 42 100]","""""","9.9","false","{breed social-friends}","0","""default""","""none""","0"
"{citizen 40}","{citizen 29}","[213 0 42 100]","""""","9.9","false","{breed social-friends}","0","""default""","""none""","0"
"{citizen 40}","{citizen 30}","[213 0 42 100]","""""","9.9","false","{breed social-friends}","0","""default""","""none""","0"
"{citizen 40}","{citizen 31}","[213 0 42 100]","""""","9.9","false","{breed social-friends}","0","""default""","""none""","0"
"{citizen 40}","{citizen 32}","[213 0 42 100]","""""","9.9","false","{breed social-friends}","0","""default""","""none""","0"
"{citizen 40}","{citizen 33}","[213 0 42 100]","""""","9.9","false","{breed social-friends}","0","""default""","""none""","0"
"{citizen 40}","{citizen 36}","[213 0 42 100]","""""","9.9","false","{breed social-friends}","0","""default""","""none""","0"
"{citizen 40}","{citizen 37}","[213 0 42 100]","""""","9.9","false","{breed social-friends}","0","""default""","""none""","0"
"{citizen 40}","{citizen 38}","[213 0 42 100]","""""","9.9","false","{breed social-friends}","0","""default""","""none""","0"
"{citizen 40}","{citizen 39}","[213 0 42 100]","""""","9.9","false","{breed social-friends}","0","""default""","""none""","0"
"{citizen 40}","{citizen 41}","[141 141 141 100]","""""","9.9","false","{breed social-friends}","0","""default""","""none""","0"
"{citizen 40}","{citizen 42}","[213 0 42 100]","""""","9.9","false","{breed social-friends}","0","""default""","""none""","0"
"{citizen 40}","{citizen 43}","[141 141 141 100]","""""","9.9","false","{breed social-friends}","0","""default""","""none""","0"
"{citizen 40}","{citizen 44}","[141 141 141 100]","""""","9.9","false","{breed social-friends}","0","""default""","""none""","0"
"{citizen 40}","{citizen 45}","[213 0 42 100]","""""","9.9","false","{breed social-friends}","0","""default""","""none""","0"
"{citizen 40}","{citizen 46}","[141 141 141 100]","""""","9.9","false","{breed social-friends}","0","""default""","""none""","0"
"{citizen 40}","{citizen 47}","[213 0 42 100]","""""","9.9","false","{breed social-friends}","0","""default""","""none""","0"
"{citizen 40}","{citizen 48}","[213 0 42 100]","""""","9.9","false","{breed social-friends}","0","""default""","""none""","0"
"{citizen 40}","{citizen 49}","[213 0 42 100]","""""","9.9","false","{breed social-friends}","0","""default""","""none""","0"
"{citizen 41}","{citizen 0}","[141 141 141 100]","""""","9.9","false","{breed social-friends}","0","""default""","""none""","0"
"{citizen 41}","{citizen 1}","[141 141 141 100]","""""","9.9","false","{breed social-friends}","0","""default""","""none""","0"
"{citizen 41}","{citizen 2}","[141 141 141 100]","""""","9.9","false","{breed social-friends}","0","""default""","""none""","0"
"{citizen 41}","{citizen 4}","[141 141 141 100]","""""","9.9","false","{breed social-friends}","0","""default""","""none""","0"
"{citizen 41}","{citizen 5}","[141 141 141 100]","""""","9.9","false","{breed social-friends}","0","""default""","""none""","0"
"{citizen 41}","{citizen 6}","[141 141 141 100]","""""","9.9","false","{breed social-friends}","0","""default""","""none""","0"
"{citizen 41}","{citizen 7}","[141 141 141 100]","""""","9.9","false","{breed social-friends}","0","""default""","""none""","0"
"{citizen 41}","{citizen 8}","[141 141 141 100]","""""","9.9","false","{breed social-friends}","0","""default""","""none""","0"
"{citizen 41}","{citizen 9}","[141 141 141 100]","""""","9.9","false","{breed social-friends}","0","""default""","""none""","0"
"{citizen 41}","{citizen 10}","[141 141 141 100]","""""","9.9","false","{breed social-friends}","0","""default""","""none""","0"
"{citizen 41}","{citizen 11}","[141 141 141 100]","""""","9.9","false","{breed social-friends}","0","""default""","""none""","0"
"{citizen 41}","{citizen 13}","[141 141 141 100]","""""","9.9","false","{breed social-friends}","0","""default""","""none""","0"
"{citizen 41}","{citizen 15}","[141 141 141 100]","""""","9.9","false","{breed social-friends}","0","""default""","""none""","0"
"{citizen 41}","{citizen 18}","[43 0 212 100]","""""","9.9","false","{breed social-friends}","0","""default""","""none""","0"
"{citizen 41}","{citizen 21}","[141 141 141 100]","""""","9.9","false","{breed social-friends}","0","""default""","""none""","0"
"{citizen 41}","{citizen 22}","[141 141 141 100]","""""","9.9","false","{breed social-friends}","0","""default""","""none""","0"
"{citizen 41}","{citizen 24}","[141 141 141 100]","""""","9.9","false","{breed social-friends}","0","""default""","""none""","0"
"{citizen 41}","{citizen 25}","[141 141 141 100]","""""","9.9","false","{breed social-friends}","0","""default""","""none""","0"
"{citizen 41}","{citizen 26}","[141 141 141 100]","""""","9.9","false","{breed social-friends}","0","""default""","""none""","0"
"{citizen 41}","{citizen 27}","[141 141 141 100]","""""","9.9","false","{breed social-friends}","0","""default""","""none""","0"
"{citizen 41}","{citizen 28}","[43 0 212 100]","""""","9.9","false","{breed social-friends}","0","""default""","""none""","0"
"{citizen 41}","{citizen 29}","[141 141 141 100]","""""","9.9","false","{breed social-friends}","0","""default""","""none""","0"
"{citizen 41}","{citizen 30}","[141 141 141 100]","""""","9.9","false","{breed social-friends}","0","""default""","""none""","0"
"{citizen 41}","{citizen 31}","[141 141 141 100]","""""","9.9","false","{breed social-friends}","0","""default""","""none""","0"
"{citizen 41}","{citizen 32}","[141 141 141 100]","""""","9.9","false","{breed social-friends}","0","""default""","""none""","0"
"{citizen 41}","{citizen 33}","[141 141 141 100]","""""","9.9","false","{breed social-friends}","0","""default""","""none""","0"
"{citizen 41}","{citizen 36}","[141 141 141 100]","""""","9.9","false","{breed social-friends}","0","""default""","""none""","0"
"{citizen 41}","{citizen 37}","[141 141 141 100]","""""","9.9","false","{breed social-friends}","0","""default""","""none""","0"
"{citizen 41}","{citizen 38}","[141 141 141 100]","""""","9.9","false","{breed social-friends}","0","""default""","""none""","0"
"{citizen 41}","{citizen 39}","[141 141 141 100]","""""","9.9","false","{breed social-friends}","0","""default""","""none""","0"
"{citizen 41}","{citizen 40}","[141 141 141 100]","""""","9.9","false","{breed social-friends}","0","""default""","""none""","0"
"{citizen 41}","{citizen 42}","[141 141 141 100]","""""","9.9","false","{breed social-friends}","0","""default""","""none""","0"
"{citizen 41}","{citizen 45}","[141 141 141 100]","""""","9.9","false","{breed social-friends}","0","""default""","""none""","0"
"{citizen 41}","{citizen 46}","[43 0 212 100]","""""","9.9","false","{breed social-friends}","0","""default""","""none""","0"
"{citizen 41}","{citizen 47}","[141 141 141 100]","""""","9.9","false","{breed social-friends}","0","""default""","""none""","0"
"{citizen 41}","{citizen 48}","[141 141 141 100]","""""","9.9","false","{breed social-friends}","0","""default""","""none""","0"
"{citizen 41}","{citizen 49}","[141 141 141 100]","""""","9.9","false","{breed social-friends}","0","""default""","""none""","0"
"{citizen 42}","{citizen 0}","[213 0 42 100]","""""","9.9","false","{breed social-friends}","0","""default""","""none""","0"
"{citizen 42}","{citizen 1}","[213 0 42 100]","""""","9.9","false","{breed social-friends}","0","""default""","""none""","0"
"{citizen 42}","{citizen 2}","[213 0 42 100]","""""","9.9","false","{breed social-friends}","0","""default""","""none""","0"
"{citizen 42}","{citizen 4}","[213 0 42 100]","""""","9.9","false","{breed social-friends}","0","""default""","""none""","0"
"{citizen 42}","{citizen 5}","[213 0 42 100]","""""","9.9","false","{breed social-friends}","0","""default""","""none""","0"
"{citizen 42}","{citizen 6}","[213 0 42 100]","""""","9.9","false","{breed social-friends}","0","""default""","""none""","0"
"{citizen 42}","{citizen 7}","[213 0 42 100]","""""","9.9","false","{breed social-friends}","0","""default""","""none""","0"
"{citizen 42}","{citizen 8}","[213 0 42 100]","""""","9.9","false","{breed social-friends}","0","""default""","""none""","0"
"{citizen 42}","{citizen 9}","[213 0 42 100]","""""","9.9","false","{breed social-friends}","0","""default""","""none""","0"
"{citizen 42}","{citizen 10}","[213 0 42 100]","""""","9.9","false","{breed social-friends}","0","""default""","""none""","0"
"{citizen 42}","{citizen 11}","[213 0 42 100]","""""","9.9","false","{breed social-friends}","0","""default""","""none""","0"
"{citizen 42}","{citizen 12}","[141 141 141 100]","""""","9.9","false","{breed social-friends}","0","""default""","""none""","0"
"{citizen 42}","{citizen 13}","[213 0 42 100]","""""","9.9","false","{breed social-friends}","0","""default""","""none""","0"
"{citizen 42}","{citizen 14}","[141 141 141 100]","""""","9.9","false","{breed social-friends}","0","""default""","""none""","0"
"{citizen 42}","{citizen 15}","[213 0 42 100]","""""","9.9","false","{breed social-friends}","0","""default""","""none""","0"
"{citizen 42}","{citizen 16}","[141 141 141 100]","""""","9.9","false","{breed social-friends}","0","""default""","""none""","0"
"{citizen 42}","{citizen 17}","[141 141 141 100]","""""","9.9","false","{breed social-friends}","0","""default""","""none""","0"
"{citizen 42}","{citizen 19}","[213 0 42 100]","""""","9.9","false","{breed social-friends}","0","""default""","""none""","0"
"{citizen 42}","{citizen 21}","[213 0 42 100]","""""","9.9","false","{breed social-friends}","0","""default""","""none""","0"
"{citizen 42}","{citizen 22}","[213 0 42 100]","""""","9.9","false","{breed social-friends}","0","""default""","""none""","0"
"{citizen 42}","{citizen 24}","[213 0 42 100]","""""","9.9","false","{breed social-friends}","0","""default""","""none""","0"
"{citizen 42}","{citizen 25}","[213 0 42 100]","""""","9.9","false","{breed social-friends}","0","""default""","""none""","0"
"{citizen 42}","{citizen 26}","[213 0 42 100]","""""","9.9","false","{breed social-friends}","0","""default""","""none""","0"
"{citizen 42}","{citizen 27}","[213 0 42 100]","""""","9.9","false","{breed social-friends}","0","""default""","""none""","0"
"{citizen 42}","{citizen 29}","[213 0 42 100]","""""","9.9","false","{breed social-friends}","0","""default""","""none""","0"
"{citizen 42}","{citizen 30}","[213 0 42 100]","""""","9.9","false","{breed social-friends}","0","""default""","""none""","0"
"{citizen 42}","{citizen 31}","[213 0 42 100]","""""","9.9","false","{breed social-friends}","0","""default""","""none""","0"
"{citizen 42}","{citizen 32}","[213 0 42 100]","""""","9.9","false","{breed social-friends}","0","""default""","""none""","0"
"{citizen 42}","{citizen 33}","[213 0 42 100]","""""","9.9","false","{breed social-friends}","0","""default""","""none""","0"
"{citizen 42}","{citizen 36}","[213 0 42 100]","""""","9.9","false","{breed social-friends}","0","""default""","""none""","0"
"{citizen 42}","{citizen 37}","[213 0 42 100]","""""","9.9","false","{breed social-friends}","0","""default""","""none""","0"
"{citizen 42}","{citizen 38}","[213 0 42 100]","""""","9.9","false","{breed social-friends}","0","""default""","""none""","0"
"{citizen 42}","{citizen 39}","[213 0 42 100]","""""","9.9","false","{breed social-friends}","0","""default""","""none""","0"
"{citizen 42}","{citizen 40}","[213 0 42 100]","""""","9.9","false","{breed social-friends}","0","""default""","""none""","0"
"{citizen 42}","{citizen 41}","[141 141 141 100]","""""","9.9","false","{breed social-friends}","0","""default""","""none""","0"
"{citizen 42}","{citizen 44}","[141 141 141 100]","""""","9.9","false","{breed social-friends}","0","""default""","""none""","0"
"{citizen 42}","{citizen 45}","[213 0 42 100]","""""","9.9","false","{breed social-friends}","0","""default""","""none""","0"
"{citizen 42}","{citizen 46}","[141 141 141 100]","""""","9.9","false","{breed social-friends}","0","""default""","""none""","0"
"{citizen 42}","{citizen 47}","[213 0 42 100]","""""","9.9","false","{breed social-friends}","0","""default""","""none""","0"
"{citizen 42}","{citizen 48}","[213 0 42 100]","""""","9.9","false","{breed social-friends}","0","""default""","""none""","0"
"{citizen 42}","{citizen 49}","[213 0 42 100]","""""","9.9","false","{breed social-friends}","0","""default""","""none""","0"
"{citizen 43}","{citizen 1}","[141 141 141 100]","""""","9.9","false","{breed social-friends}","0","""default""","""none""","0"
"{citizen 43}","{citizen 4}","[141 141 141 100]","""""","9.9","false","{breed social-friends}","0","""default""","""none""","0"
"{citizen 43}","{citizen 5}","[141 141 141 100]","""""","9.9","false","{breed social-friends}","0","""default""","""none""","0"
"{citizen 43}","{citizen 6}","[141 141 141 100]","""""","9.9","false","{breed social-friends}","0","""default""","""none""","0"
"{citizen 43}","{citizen 7}","[141 141 141 100]","""""","9.9","false","{breed social-friends}","0","""default""","""none""","0"
"{citizen 43}","{citizen 8}","[141 141 141 100]","""""","9.9","false","{breed social-friends}","0","""default""","""none""","0"
"{citizen 43}","{citizen 9}","[141 141 141 100]","""""","9.9","false","{breed social-friends}","0","""default""","""none""","0"
"{citizen 43}","{citizen 10}","[141 141 141 100]","""""","9.9","false","{breed social-friends}","0","""default""","""none""","0"
"{citizen 43}","{citizen 12}","[43 0 212 100]","""""","9.9","false","{breed social-friends}","0","""default""","""none""","0"
"{citizen 43}","{citizen 14}","[43 0 212 100]","""""","9.9","false","{breed social-friends}","0","""default""","""none""","0"
"{citizen 43}","{citizen 15}","[141 141 141 100]","""""","9.9","false","{breed social-friends}","0","""default""","""none""","0"
"{citizen 43}","{citizen 17}","[43 0 212 100]","""""","9.9","false","{breed social-friends}","0","""default""","""none""","0"
"{citizen 43}","{citizen 18}","[43 0 212 100]","""""","9.9","false","{breed social-friends}","0","""default""","""none""","0"
"{citizen 43}","{citizen 20}","[43 0 212 100]","""""","9.9","false","{breed social-friends}","0","""default""","""none""","0"
"{citizen 43}","{citizen 21}","[141 141 141 100]","""""","9.9","false","{breed social-friends}","0","""default""","""none""","0"
"{citizen 43}","{citizen 22}","[141 141 141 100]","""""","9.9","false","{breed social-friends}","0","""default""","""none""","0"
"{citizen 43}","{citizen 23}","[43 0 212 100]","""""","9.9","false","{breed social-friends}","0","""default""","""none""","0"
"{citizen 43}","{citizen 24}","[141 141 141 100]","""""","9.9","false","{breed social-friends}","0","""default""","""none""","0"
"{citizen 43}","{citizen 25}","[141 141 141 100]","""""","9.9","false","{breed social-friends}","0","""default""","""none""","0"
"{citizen 43}","{citizen 27}","[141 141 141 100]","""""","9.9","false","{breed social-friends}","0","""default""","""none""","0"
"{citizen 43}","{citizen 29}","[141 141 141 100]","""""","9.9","false","{breed social-friends}","0","""default""","""none""","0"
"{citizen 43}","{citizen 32}","[141 141 141 100]","""""","9.9","false","{breed social-friends}","0","""default""","""none""","0"
"{citizen 43}","{citizen 33}","[141 141 141 100]","""""","9.9","false","{breed social-friends}","0","""default""","""none""","0"
"{citizen 43}","{citizen 34}","[43 0 212 100]","""""","9.9","false","{breed social-friends}","0","""default""","""none""","0"
"{citizen 43}","{citizen 35}","[43 0 212 100]","""""","9.9","false","{breed social-friends}","0","""default""","""none""","0"
"{citizen 43}","{citizen 36}","[141 141 141 100]","""""","9.9","false","{breed social-friends}","0","""default""","""none""","0"
"{citizen 43}","{citizen 37}","[141 141 141 100]","""""","9.9","false","{breed social-friends}","0","""default""","""none""","0"
"{citizen 43}","{citizen 38}","[141 141 141 100]","""""","9.9","false","{breed social-friends}","0","""default""","""none""","0"
"{citizen 43}","{citizen 40}","[141 141 141 100]","""""","9.9","false","{breed social-friends}","0","""default""","""none""","0"
"{citizen 43}","{citizen 44}","[43 0 212 100]","""""","9.9","false","{breed social-friends}","0","""default""","""none""","0"
"{citizen 43}","{citizen 45}","[141 141 141 100]","""""","9.9","false","{breed social-friends}","0","""default""","""none""","0"
"{citizen 43}","{citizen 46}","[43 0 212 100]","""""","9.9","false","{breed social-friends}","0","""default""","""none""","0"
"{citizen 43}","{citizen 48}","[141 141 141 100]","""""","9.9","false","{breed social-friends}","0","""default""","""none""","0"
"{citizen 43}","{citizen 49}","[141 141 141 100]","""""","9.9","false","{breed social-friends}","0","""default""","""none""","0"
"{citizen 44}","{citizen 0}","[141 141 141 100]","""""","9.9","false","{breed social-friends}","0","""default""","""none""","0"
"{citizen 44}","{citizen 1}","[141 141 141 100]","""""","9.9","false","{breed social-friends}","0","""default""","""none""","0"
"{citizen 44}","{citizen 2}","[141 141 141 100]","""""","9.9","false","{breed social-friends}","0","""default""","""none""","0"
"{citizen 44}","{citizen 4}","[141 141 141 100]","""""","9.9","false","{breed social-friends}","0","""default""","""none""","0"
"{citizen 44}","{citizen 5}","[141 141 141 100]","""""","9.9","false","{breed social-friends}","0","""default""","""none""","0"
"{citizen 44}","{citizen 6}","[141 141 141 100]","""""","9.9","false","{breed social-friends}","0","""default""","""none""","0"
"{citizen 44}","{citizen 7}","[141 141 141 100]","""""","9.9","false","{breed social-friends}","0","""default""","""none""","0"
"{citizen 44}","{citizen 8}","[141 141 141 100]","""""","9.9","false","{breed social-friends}","0","""default""","""none""","0"
"{citizen 44}","{citizen 9}","[141 141 141 100]","""""","9.9","false","{breed social-friends}","0","""default""","""none""","0"
"{citizen 44}","{citizen 10}","[141 141 141 100]","""""","9.9","false","{breed social-friends}","0","""default""","""none""","0"
"{citizen 44}","{citizen 11}","[141 141 141 100]","""""","9.9","false","{breed social-friends}","0","""default""","""none""","0"
"{citizen 44}","{citizen 13}","[141 141 141 100]","""""","9.9","false","{breed social-friends}","0","""default""","""none""","0"
"{citizen 44}","{citizen 15}","[141 141 141 100]","""""","9.9","false","{breed social-friends}","0","""default""","""none""","0"
"{citizen 44}","{citizen 16}","[43 0 212 100]","""""","9.9","false","{breed social-friends}","0","""default""","""none""","0"
"{citizen 44}","{citizen 18}","[43 0 212 100]","""""","9.9","false","{breed social-friends}","0","""default""","""none""","0"
"{citizen 44}","{citizen 19}","[141 141 141 100]","""""","9.9","false","{breed social-friends}","0","""default""","""none""","0"
"{citizen 44}","{citizen 20}","[43 0 212 100]","""""","9.9","false","{breed social-friends}","0","""default""","""none""","0"
"{citizen 44}","{citizen 21}","[141 141 141 100]","""""","9.9","false","{breed social-friends}","0","""default""","""none""","0"
"{citizen 44}","{citizen 22}","[141 141 141 100]","""""","9.9","false","{breed social-friends}","0","""default""","""none""","0"
"{citizen 44}","{citizen 24}","[141 141 141 100]","""""","9.9","false","{breed social-friends}","0","""default""","""none""","0"
"{citizen 44}","{citizen 25}","[141 141 141 100]","""""","9.9","false","{breed social-friends}","0","""default""","""none""","0"
"{citizen 44}","{citizen 26}","[141 141 141 100]","""""","9.9","false","{breed social-friends}","0","""default""","""none""","0"
"{citizen 44}","{citizen 27}","[141 141 141 100]","""""","9.9","false","{breed social-friends}","0","""default""","""none""","0"
"{citizen 44}","{citizen 28}","[43 0 212 100]","""""","9.9","false","{breed social-friends}","0","""default""","""none""","0"
"{citizen 44}","{citizen 29}","[141 141 141 100]","""""","9.9","false","{breed social-friends}","0","""default""","""none""","0"
"{citizen 44}","{citizen 30}","[141 141 141 100]","""""","9.9","false","{breed social-friends}","0","""default""","""none""","0"
"{citizen 44}","{citizen 31}","[141 141 141 100]","""""","9.9","false","{breed social-friends}","0","""default""","""none""","0"
"{citizen 44}","{citizen 32}","[141 141 141 100]","""""","9.9","false","{breed social-friends}","0","""default""","""none""","0"
"{citizen 44}","{citizen 33}","[141 141 141 100]","""""","9.9","false","{breed social-friends}","0","""default""","""none""","0"
"{citizen 44}","{citizen 36}","[141 141 141 100]","""""","9.9","false","{breed social-friends}","0","""default""","""none""","0"
"{citizen 44}","{citizen 37}","[141 141 141 100]","""""","9.9","false","{breed social-friends}","0","""default""","""none""","0"
"{citizen 44}","{citizen 38}","[141 141 141 100]","""""","9.9","false","{breed social-friends}","0","""default""","""none""","0"
"{citizen 44}","{citizen 39}","[141 141 141 100]","""""","9.9","false","{breed social-friends}","0","""default""","""none""","0"
"{citizen 44}","{citizen 40}","[141 141 141 100]","""""","9.9","false","{breed social-friends}","0","""default""","""none""","0"
"{citizen 44}","{citizen 42}","[141 141 141 100]","""""","9.9","false","{breed social-friends}","0","""default""","""none""","0"
"{citizen 44}","{citizen 43}","[43 0 212 100]","""""","9.9","false","{breed social-friends}","0","""default""","""none""","0"
"{citizen 44}","{citizen 45}","[141 141 141 100]","""""","9.9","false","{breed social-friends}","0","""default""","""none""","0"
"{citizen 44}","{citizen 47}","[141 141 141 100]","""""","9.9","false","{breed social-friends}","0","""default""","""none""","0"
"{citizen 44}","{citizen 48}","[141 141 141 100]","""""","9.9","false","{breed social-friends}","0","""default""","""none""","0"
"{citizen 44}","{citizen 49}","[141 141 141 100]","""""","9.9","false","{breed social-friends}","0","""default""","""none""","0"
"{citizen 45}","{citizen 0}","[213 0 42 100]","""""","9.9","false","{breed social-friends}","0","""default""","""none""","0"
"{citizen 45}","{citizen 1}","[213 0 42 100]","""""","9.9","false","{breed social-friends}","0","""default""","""none""","0"
"{citizen 45}","{citizen 2}","[213 0 42 100]","""""","9.9","false","{breed social-friends}","0","""default""","""none""","0"
"{citizen 45}","{citizen 3}","[141 141 141 100]","""""","9.9","false","{breed social-friends}","0","""default""","""none""","0"
"{citizen 45}","{citizen 4}","[213 0 42 100]","""""","9.9","false","{breed social-friends}","0","""default""","""none""","0"
"{citizen 45}","{citizen 5}","[213 0 42 100]","""""","9.9","false","{breed social-friends}","0","""default""","""none""","0"
"{citizen 45}","{citizen 6}","[213 0 42 100]","""""","9.9","false","{breed social-friends}","0","""default""","""none""","0"
"{citizen 45}","{citizen 7}","[213 0 42 100]","""""","9.9","false","{breed social-friends}","0","""default""","""none""","0"
"{citizen 45}","{citizen 8}","[213 0 42 100]","""""","9.9","false","{breed social-friends}","0","""default""","""none""","0"
"{citizen 45}","{citizen 9}","[213 0 42 100]","""""","9.9","false","{breed social-friends}","0","""default""","""none""","0"
"{citizen 45}","{citizen 10}","[213 0 42 100]","""""","9.9","false","{breed social-friends}","0","""default""","""none""","0"
"{citizen 45}","{citizen 11}","[213 0 42 100]","""""","9.9","false","{breed social-friends}","0","""default""","""none""","0"
"{citizen 45}","{citizen 12}","[141 141 141 100]","""""","9.9","false","{breed social-friends}","0","""default""","""none""","0"
"{citizen 45}","{citizen 13}","[213 0 42 100]","""""","9.9","false","{breed social-friends}","0","""default""","""none""","0"
"{citizen 45}","{citizen 15}","[213 0 42 100]","""""","9.9","false","{breed social-friends}","0","""default""","""none""","0"
"{citizen 45}","{citizen 16}","[141 141 141 100]","""""","9.9","false","{breed social-friends}","0","""default""","""none""","0"
"{citizen 45}","{citizen 17}","[141 141 141 100]","""""","9.9","false","{breed social-friends}","0","""default""","""none""","0"
"{citizen 45}","{citizen 19}","[213 0 42 100]","""""","9.9","false","{breed social-friends}","0","""default""","""none""","0"
"{citizen 45}","{citizen 21}","[213 0 42 100]","""""","9.9","false","{breed social-friends}","0","""default""","""none""","0"
"{citizen 45}","{citizen 22}","[213 0 42 100]","""""","9.9","false","{breed social-friends}","0","""default""","""none""","0"
"{citizen 45}","{citizen 23}","[141 141 141 100]","""""","9.9","false","{breed social-friends}","0","""default""","""none""","0"
"{citizen 45}","{citizen 24}","[213 0 42 100]","""""","9.9","false","{breed social-friends}","0","""default""","""none""","0"
"{citizen 45}","{citizen 25}","[213 0 42 100]","""""","9.9","false","{breed social-friends}","0","""default""","""none""","0"
"{citizen 45}","{citizen 26}","[213 0 42 100]","""""","9.9","false","{breed social-friends}","0","""default""","""none""","0"
"{citizen 45}","{citizen 27}","[213 0 42 100]","""""","9.9","false","{breed social-friends}","0","""default""","""none""","0"
"{citizen 45}","{citizen 29}","[213 0 42 100]","""""","9.9","false","{breed social-friends}","0","""default""","""none""","0"
"{citizen 45}","{citizen 30}","[213 0 42 100]","""""","9.9","false","{breed social-friends}","0","""default""","""none""","0"
"{citizen 45}","{citizen 31}","[213 0 42 100]","""""","9.9","false","{breed social-friends}","0","""default""","""none""","0"
"{citizen 45}","{citizen 32}","[213 0 42 100]","""""","9.9","false","{breed social-friends}","0","""default""","""none""","0"
"{citizen 45}","{citizen 33}","[213 0 42 100]","""""","9.9","false","{breed social-friends}","0","""default""","""none""","0"
"{citizen 45}","{citizen 34}","[141 141 141 100]","""""","9.9","false","{breed social-friends}","0","""default""","""none""","0"
"{citizen 45}","{citizen 36}","[213 0 42 100]","""""","9.9","false","{breed social-friends}","0","""default""","""none""","0"
"{citizen 45}","{citizen 37}","[213 0 42 100]","""""","9.9","false","{breed social-friends}","0","""default""","""none""","0"
"{citizen 45}","{citizen 38}","[213 0 42 100]","""""","9.9","false","{breed social-friends}","0","""default""","""none""","0"
"{citizen 45}","{citizen 39}","[213 0 42 100]","""""","9.9","false","{breed social-friends}","0","""default""","""none""","0"
"{citizen 45}","{citizen 40}","[213 0 42 100]","""""","9.9","false","{breed social-friends}","0","""default""","""none""","0"
"{citizen 45}","{citizen 41}","[141 141 141 100]","""""","9.9","false","{breed social-friends}","0","""default""","""none""","0"
"{citizen 45}","{citizen 42}","[213 0 42 100]","""""","9.9","false","{breed social-friends}","0","""default""","""none""","0"
"{citizen 45}","{citizen 43}","[141 141 141 100]","""""","9.9","false","{breed social-friends}","0","""default""","""none""","0"
"{citizen 45}","{citizen 44}","[141 141 141 100]","""""","9.9","false","{breed social-friends}","0","""default""","""none""","0"
"{citizen 45}","{citizen 46}","[141 141 141 100]","""""","9.9","false","{breed social-friends}","0","""default""","""none""","0"
"{citizen 45}","{citizen 47}","[213 0 42 100]","""""","9.9","false","{breed social-friends}","0","""default""","""none""","0"
"{citizen 45}","{citizen 48}","[213 0 42 100]","""""","9.9","false","{breed social-friends}","0","""default""","""none""","0"
"{citizen 45}","{citizen 49}","[213 0 42 100]","""""","9.9","false","{breed social-friends}","0","""default""","""none""","0"
"{citizen 46}","{citizen 0}","[141 141 141 100]","""""","9.9","false","{breed social-friends}","0","""default""","""none""","0"
"{citizen 46}","{citizen 1}","[141 141 141 100]","""""","9.9","false","{breed social-friends}","0","""default""","""none""","0"
"{citizen 46}","{citizen 2}","[141 141 141 100]","""""","9.9","false","{breed social-friends}","0","""default""","""none""","0"
"{citizen 46}","{citizen 4}","[141 141 141 100]","""""","9.9","false","{breed social-friends}","0","""default""","""none""","0"
"{citizen 46}","{citizen 5}","[141 141 141 100]","""""","9.9","false","{breed social-friends}","0","""default""","""none""","0"
"{citizen 46}","{citizen 6}","[141 141 141 100]","""""","9.9","false","{breed social-friends}","0","""default""","""none""","0"
"{citizen 46}","{citizen 7}","[141 141 141 100]","""""","9.9","false","{breed social-friends}","0","""default""","""none""","0"
"{citizen 46}","{citizen 8}","[141 141 141 100]","""""","9.9","false","{breed social-friends}","0","""default""","""none""","0"
"{citizen 46}","{citizen 9}","[141 141 141 100]","""""","9.9","false","{breed social-friends}","0","""default""","""none""","0"
"{citizen 46}","{citizen 10}","[141 141 141 100]","""""","9.9","false","{breed social-friends}","0","""default""","""none""","0"
"{citizen 46}","{citizen 11}","[141 141 141 100]","""""","9.9","false","{breed social-friends}","0","""default""","""none""","0"
"{citizen 46}","{citizen 13}","[141 141 141 100]","""""","9.9","false","{breed social-friends}","0","""default""","""none""","0"
"{citizen 46}","{citizen 14}","[43 0 212 100]","""""","9.9","false","{breed social-friends}","0","""default""","""none""","0"
"{citizen 46}","{citizen 15}","[141 141 141 100]","""""","9.9","false","{breed social-friends}","0","""default""","""none""","0"
"{citizen 46}","{citizen 17}","[43 0 212 100]","""""","9.9","false","{breed social-friends}","0","""default""","""none""","0"
"{citizen 46}","{citizen 18}","[43 0 212 100]","""""","9.9","false","{breed social-friends}","0","""default""","""none""","0"
"{citizen 46}","{citizen 19}","[141 141 141 100]","""""","9.9","false","{breed social-friends}","0","""default""","""none""","0"
"{citizen 46}","{citizen 20}","[43 0 212 100]","""""","9.9","false","{breed social-friends}","0","""default""","""none""","0"
"{citizen 46}","{citizen 21}","[141 141 141 100]","""""","9.9","false","{breed social-friends}","0","""default""","""none""","0"
"{citizen 46}","{citizen 22}","[141 141 141 100]","""""","9.9","false","{breed social-friends}","0","""default""","""none""","0"
"{citizen 46}","{citizen 23}","[43 0 212 100]","""""","9.9","false","{breed social-friends}","0","""default""","""none""","0"
"{citizen 46}","{citizen 24}","[141 141 141 100]","""""","9.9","false","{breed social-friends}","0","""default""","""none""","0"
"{citizen 46}","{citizen 25}","[141 141 141 100]","""""","9.9","false","{breed social-friends}","0","""default""","""none""","0"
"{citizen 46}","{citizen 26}","[141 141 141 100]","""""","9.9","false","{breed social-friends}","0","""default""","""none""","0"
"{citizen 46}","{citizen 27}","[141 141 141 100]","""""","9.9","false","{breed social-friends}","0","""default""","""none""","0"
"{citizen 46}","{citizen 28}","[43 0 212 100]","""""","9.9","false","{breed social-friends}","0","""default""","""none""","0"
"{citizen 46}","{citizen 29}","[141 141 141 100]","""""","9.9","false","{breed social-friends}","0","""default""","""none""","0"
"{citizen 46}","{citizen 30}","[141 141 141 100]","""""","9.9","false","{breed social-friends}","0","""default""","""none""","0"
"{citizen 46}","{citizen 31}","[141 141 141 100]","""""","9.9","false","{breed social-friends}","0","""default""","""none""","0"
"{citizen 46}","{citizen 32}","[141 141 141 100]","""""","9.9","false","{breed social-friends}","0","""default""","""none""","0"
"{citizen 46}","{citizen 33}","[141 141 141 100]","""""","9.9","false","{breed social-friends}","0","""default""","""none""","0"
"{citizen 46}","{citizen 35}","[43 0 212 100]","""""","9.9","false","{breed social-friends}","0","""default""","""none""","0"
"{citizen 46}","{citizen 36}","[141 141 141 100]","""""","9.9","false","{breed social-friends}","0","""default""","""none""","0"
"{citizen 46}","{citizen 37}","[141 141 141 100]","""""","9.9","false","{breed social-friends}","0","""default""","""none""","0"
"{citizen 46}","{citizen 38}","[141 141 141 100]","""""","9.9","false","{breed social-friends}","0","""default""","""none""","0"
"{citizen 46}","{citizen 39}","[141 141 141 100]","""""","9.9","false","{breed social-friends}","0","""default""","""none""","0"
"{citizen 46}","{citizen 40}","[141 141 141 100]","""""","9.9","false","{breed social-friends}","0","""default""","""none""","0"
"{citizen 46}","{citizen 41}","[43 0 212 100]","""""","9.9","false","{breed social-friends}","0","""default""","""none""","0"
"{citizen 46}","{citizen 42}","[141 141 141 100]","""""","9.9","false","{breed social-friends}","0","""default""","""none""","0"
"{citizen 46}","{citizen 43}","[43 0 212 100]","""""","9.9","false","{breed social-friends}","0","""default""","""none""","0"
"{citizen 46}","{citizen 45}","[141 141 141 100]","""""","9.9","false","{breed social-friends}","0","""default""","""none""","0"
"{citizen 46}","{citizen 47}","[141 141 141 100]","""""","9.9","false","{breed social-friends}","0","""default""","""none""","0"
"{citizen 46}","{citizen 48}","[141 141 141 100]","""""","9.9","false","{breed social-friends}","0","""default""","""none""","0"
"{citizen 46}","{citizen 49}","[141 141 141 100]","""""","9.9","false","{breed social-friends}","0","""default""","""none""","0"
"{citizen 47}","{citizen 0}","[213 0 42 100]","""""","9.9","false","{breed social-friends}","0","""default""","""none""","0"
"{citizen 47}","{citizen 1}","[213 0 42 100]","""""","9.9","false","{breed social-friends}","0","""default""","""none""","0"
"{citizen 47}","{citizen 2}","[213 0 42 100]","""""","9.9","false","{breed social-friends}","0","""default""","""none""","0"
"{citizen 47}","{citizen 3}","[141 141 141 100]","""""","9.9","false","{breed social-friends}","0","""default""","""none""","0"
"{citizen 47}","{citizen 4}","[213 0 42 100]","""""","9.9","false","{breed social-friends}","0","""default""","""none""","0"
"{citizen 47}","{citizen 5}","[213 0 42 100]","""""","9.9","false","{breed social-friends}","0","""default""","""none""","0"
"{citizen 47}","{citizen 6}","[213 0 42 100]","""""","9.9","false","{breed social-friends}","0","""default""","""none""","0"
"{citizen 47}","{citizen 7}","[213 0 42 100]","""""","9.9","false","{breed social-friends}","0","""default""","""none""","0"
"{citizen 47}","{citizen 8}","[213 0 42 100]","""""","9.9","false","{breed social-friends}","0","""default""","""none""","0"
"{citizen 47}","{citizen 9}","[213 0 42 100]","""""","9.9","false","{breed social-friends}","0","""default""","""none""","0"
"{citizen 47}","{citizen 10}","[213 0 42 100]","""""","9.9","false","{breed social-friends}","0","""default""","""none""","0"
"{citizen 47}","{citizen 11}","[213 0 42 100]","""""","9.9","false","{breed social-friends}","0","""default""","""none""","0"
"{citizen 47}","{citizen 12}","[141 141 141 100]","""""","9.9","false","{breed social-friends}","0","""default""","""none""","0"
"{citizen 47}","{citizen 13}","[213 0 42 100]","""""","9.9","false","{breed social-friends}","0","""default""","""none""","0"
"{citizen 47}","{citizen 15}","[213 0 42 100]","""""","9.9","false","{breed social-friends}","0","""default""","""none""","0"
"{citizen 47}","{citizen 16}","[141 141 141 100]","""""","9.9","false","{breed social-friends}","0","""default""","""none""","0"
"{citizen 47}","{citizen 17}","[141 141 141 100]","""""","9.9","false","{breed social-friends}","0","""default""","""none""","0"
"{citizen 47}","{citizen 19}","[213 0 42 100]","""""","9.9","false","{breed social-friends}","0","""default""","""none""","0"
"{citizen 47}","{citizen 20}","[141 141 141 100]","""""","9.9","false","{breed social-friends}","0","""default""","""none""","0"
"{citizen 47}","{citizen 21}","[213 0 42 100]","""""","9.9","false","{breed social-friends}","0","""default""","""none""","0"
"{citizen 47}","{citizen 22}","[213 0 42 100]","""""","9.9","false","{breed social-friends}","0","""default""","""none""","0"
"{citizen 47}","{citizen 24}","[213 0 42 100]","""""","9.9","false","{breed social-friends}","0","""default""","""none""","0"
"{citizen 47}","{citizen 25}","[213 0 42 100]","""""","9.9","false","{breed social-friends}","0","""default""","""none""","0"
"{citizen 47}","{citizen 26}","[213 0 42 100]","""""","9.9","false","{breed social-friends}","0","""default""","""none""","0"
"{citizen 47}","{citizen 27}","[213 0 42 100]","""""","9.9","false","{breed social-friends}","0","""default""","""none""","0"
"{citizen 47}","{citizen 28}","[141 141 141 100]","""""","9.9","false","{breed social-friends}","0","""default""","""none""","0"
"{citizen 47}","{citizen 29}","[213 0 42 100]","""""","9.9","false","{breed social-friends}","0","""default""","""none""","0"
"{citizen 47}","{citizen 30}","[213 0 42 100]","""""","9.9","false","{breed social-friends}","0","""default""","""none""","0"
"{citizen 47}","{citizen 31}","[213 0 42 100]","""""","9.9","false","{breed social-friends}","0","""default""","""none""","0"
"{citizen 47}","{citizen 32}","[213 0 42 100]","""""","9.9","false","{breed social-friends}","0","""default""","""none""","0"
"{citizen 47}","{citizen 33}","[213 0 42 100]","""""","9.9","false","{breed social-friends}","0","""default""","""none""","0"
"{citizen 47}","{citizen 34}","[141 141 141 100]","""""","9.9","false","{breed social-friends}","0","""default""","""none""","0"
"{citizen 47}","{citizen 36}","[213 0 42 100]","""""","9.9","false","{breed social-friends}","0","""default""","""none""","0"
"{citizen 47}","{citizen 37}","[213 0 42 100]","""""","9.9","false","{breed social-friends}","0","""default""","""none""","0"
"{citizen 47}","{citizen 38}","[213 0 42 100]","""""","9.9","false","{breed social-friends}","0","""default""","""none""","0"
"{citizen 47}","{citizen 39}","[213 0 42 100]","""""","9.9","false","{breed social-friends}","0","""default""","""none""","0"
"{citizen 47}","{citizen 40}","[213 0 42 100]","""""","9.9","false","{breed social-friends}","0","""default""","""none""","0"
"{citizen 47}","{citizen 41}","[141 141 141 100]","""""","9.9","false","{breed social-friends}","0","""default""","""none""","0"
"{citizen 47}","{citizen 42}","[213 0 42 100]","""""","9.9","false","{breed social-friends}","0","""default""","""none""","0"
"{citizen 47}","{citizen 44}","[141 141 141 100]","""""","9.9","false","{breed social-friends}","0","""default""","""none""","0"
"{citizen 47}","{citizen 45}","[213 0 42 100]","""""","9.9","false","{breed social-friends}","0","""default""","""none""","0"
"{citizen 47}","{citizen 46}","[141 141 141 100]","""""","9.9","false","{breed social-friends}","0","""default""","""none""","0"
"{citizen 47}","{citizen 48}","[213 0 42 100]","""""","9.9","false","{breed social-friends}","0","""default""","""none""","0"
"{citizen 47}","{citizen 49}","[213 0 42 100]","""""","9.9","false","{breed social-friends}","0","""default""","""none""","0"
"{citizen 48}","{citizen 0}","[213 0 42 100]","""""","9.9","false","{breed social-friends}","0","""default""","""none""","0"
"{citizen 48}","{citizen 1}","[213 0 42 100]","""""","9.9","false","{breed social-friends}","0","""default""","""none""","0"
"{citizen 48}","{citizen 2}","[213 0 42 100]","""""","9.9","false","{breed social-friends}","0","""default""","""none""","0"
"{citizen 48}","{citizen 3}","[141 141 141 100]","""""","9.9","false","{breed social-friends}","0","""default""","""none""","0"
"{citizen 48}","{citizen 4}","[213 0 42 100]","""""","9.9","false","{breed social-friends}","0","""default""","""none""","0"
"{citizen 48}","{citizen 5}","[213 0 42 100]","""""","9.9","false","{breed social-friends}","0","""default""","""none""","0"
"{citizen 48}","{citizen 6}","[213 0 42 100]","""""","9.9","false","{breed social-friends}","0","""default""","""none""","0"
"{citizen 48}","{citizen 7}","[213 0 42 100]","""""","9.9","false","{breed social-friends}","0","""default""","""none""","0"
"{citizen 48}","{citizen 8}","[213 0 42 100]","""""","9.9","false","{breed social-friends}","0","""default""","""none""","0"
"{citizen 48}","{citizen 9}","[213 0 42 100]","""""","9.9","false","{breed social-friends}","0","""default""","""none""","0"
"{citizen 48}","{citizen 10}","[213 0 42 100]","""""","9.9","false","{breed social-friends}","0","""default""","""none""","0"
"{citizen 48}","{citizen 11}","[213 0 42 100]","""""","9.9","false","{breed social-friends}","0","""default""","""none""","0"
"{citizen 48}","{citizen 12}","[141 141 141 100]","""""","9.9","false","{breed social-friends}","0","""default""","""none""","0"
"{citizen 48}","{citizen 13}","[213 0 42 100]","""""","9.9","false","{breed social-friends}","0","""default""","""none""","0"
"{citizen 48}","{citizen 14}","[141 141 141 100]","""""","9.9","false","{breed social-friends}","0","""default""","""none""","0"
"{citizen 48}","{citizen 15}","[213 0 42 100]","""""","9.9","false","{breed social-friends}","0","""default""","""none""","0"
"{citizen 48}","{citizen 16}","[141 141 141 100]","""""","9.9","false","{breed social-friends}","0","""default""","""none""","0"
"{citizen 48}","{citizen 17}","[141 141 141 100]","""""","9.9","false","{breed social-friends}","0","""default""","""none""","0"
"{citizen 48}","{citizen 19}","[213 0 42 100]","""""","9.9","false","{breed social-friends}","0","""default""","""none""","0"
"{citizen 48}","{citizen 21}","[213 0 42 100]","""""","9.9","false","{breed social-friends}","0","""default""","""none""","0"
"{citizen 48}","{citizen 22}","[213 0 42 100]","""""","9.9","false","{breed social-friends}","0","""default""","""none""","0"
"{citizen 48}","{citizen 23}","[141 141 141 100]","""""","9.9","false","{breed social-friends}","0","""default""","""none""","0"
"{citizen 48}","{citizen 24}","[213 0 42 100]","""""","9.9","false","{breed social-friends}","0","""default""","""none""","0"
"{citizen 48}","{citizen 25}","[213 0 42 100]","""""","9.9","false","{breed social-friends}","0","""default""","""none""","0"
"{citizen 48}","{citizen 26}","[213 0 42 100]","""""","9.9","false","{breed social-friends}","0","""default""","""none""","0"
"{citizen 48}","{citizen 27}","[213 0 42 100]","""""","9.9","false","{breed social-friends}","0","""default""","""none""","0"
"{citizen 48}","{citizen 28}","[141 141 141 100]","""""","9.9","false","{breed social-friends}","0","""default""","""none""","0"
"{citizen 48}","{citizen 29}","[213 0 42 100]","""""","9.9","false","{breed social-friends}","0","""default""","""none""","0"
"{citizen 48}","{citizen 30}","[213 0 42 100]","""""","9.9","false","{breed social-friends}","0","""default""","""none""","0"
"{citizen 48}","{citizen 31}","[213 0 42 100]","""""","9.9","false","{breed social-friends}","0","""default""","""none""","0"
"{citizen 48}","{citizen 32}","[213 0 42 100]","""""","9.9","false","{breed social-friends}","0","""default""","""none""","0"
"{citizen 48}","{citizen 33}","[213 0 42 100]","""""","9.9","false","{breed social-friends}","0","""default""","""none""","0"
"{citizen 48}","{citizen 34}","[141 141 141 100]","""""","9.9","false","{breed social-friends}","0","""default""","""none""","0"
"{citizen 48}","{citizen 36}","[213 0 42 100]","""""","9.9","false","{breed social-friends}","0","""default""","""none""","0"
"{citizen 48}","{citizen 37}","[213 0 42 100]","""""","9.9","false","{breed social-friends}","0","""default""","""none""","0"
"{citizen 48}","{citizen 38}","[213 0 42 100]","""""","9.9","false","{breed social-friends}","0","""default""","""none""","0"
"{citizen 48}","{citizen 39}","[213 0 42 100]","""""","9.9","false","{breed social-friends}","0","""default""","""none""","0"
"{citizen 48}","{citizen 40}","[213 0 42 100]","""""","9.9","false","{breed social-friends}","0","""default""","""none""","0"
"{citizen 48}","{citizen 41}","[141 141 141 100]","""""","9.9","false","{breed social-friends}","0","""default""","""none""","0"
"{citizen 48}","{citizen 42}","[213 0 42 100]","""""","9.9","false","{breed social-friends}","0","""default""","""none""","0"
"{citizen 48}","{citizen 43}","[141 141 141 100]","""""","9.9","false","{breed social-friends}","0","""default""","""none""","0"
"{citizen 48}","{citizen 44}","[141 141 141 100]","""""","9.9","false","{breed social-friends}","0","""default""","""none""","0"
"{citizen 48}","{citizen 45}","[213 0 42 100]","""""","9.9","false","{breed social-friends}","0","""default""","""none""","0"
"{citizen 48}","{citizen 46}","[141 141 141 100]","""""","9.9","false","{breed social-friends}","0","""default""","""none""","0"
"{citizen 48}","{citizen 47}","[213 0 42 100]","""""","9.9","false","{breed social-friends}","0","""default""","""none""","0"
"{citizen 48}","{citizen 49}","[213 0 42 100]","""""","9.9","false","{breed social-friends}","0","""default""","""none""","0"
"{citizen 49}","{citizen 0}","[213 0 42 100]","""""","9.9","false","{breed social-friends}","0","""default""","""none""","0"
"{citizen 49}","{citizen 1}","[213 0 42 100]","""""","9.9","false","{breed social-friends}","0","""default""","""none""","0"
"{citizen 49}","{citizen 2}","[213 0 42 100]","""""","9.9","false","{breed social-friends}","0","""default""","""none""","0"
"{citizen 49}","{citizen 3}","[141 141 141 100]","""""","9.9","false","{breed social-friends}","0","""default""","""none""","0"
"{citizen 49}","{citizen 4}","[213 0 42 100]","""""","9.9","false","{breed social-friends}","0","""default""","""none""","0"
"{citizen 49}","{citizen 5}","[213 0 42 100]","""""","9.9","false","{breed social-friends}","0","""default""","""none""","0"
"{citizen 49}","{citizen 6}","[213 0 42 100]","""""","9.9","false","{breed social-friends}","0","""default""","""none""","0"
"{citizen 49}","{citizen 7}","[213 0 42 100]","""""","9.9","false","{breed social-friends}","0","""default""","""none""","0"
"{citizen 49}","{citizen 8}","[213 0 42 100]","""""","9.9","false","{breed social-friends}","0","""default""","""none""","0"
"{citizen 49}","{citizen 9}","[213 0 42 100]","""""","9.9","false","{breed social-friends}","0","""default""","""none""","0"
"{citizen 49}","{citizen 10}","[213 0 42 100]","""""","9.9","false","{breed social-friends}","0","""default""","""none""","0"
"{citizen 49}","{citizen 11}","[213 0 42 100]","""""","9.9","false","{breed social-friends}","0","""default""","""none""","0"
"{citizen 49}","{citizen 12}","[141 141 141 100]","""""","9.9","false","{breed social-friends}","0","""default""","""none""","0"
"{citizen 49}","{citizen 13}","[213 0 42 100]","""""","9.9","false","{breed social-friends}","0","""default""","""none""","0"
"{citizen 49}","{citizen 14}","[141 141 141 100]","""""","9.9","false","{breed social-friends}","0","""default""","""none""","0"
"{citizen 49}","{citizen 15}","[213 0 42 100]","""""","9.9","false","{breed social-friends}","0","""default""","""none""","0"
"{citizen 49}","{citizen 16}","[141 141 141 100]","""""","9.9","false","{breed social-friends}","0","""default""","""none""","0"
"{citizen 49}","{citizen 17}","[141 141 141 100]","""""","9.9","false","{breed social-friends}","0","""default""","""none""","0"
"{citizen 49}","{citizen 19}","[213 0 42 100]","""""","9.9","false","{breed social-friends}","0","""default""","""none""","0"
"{citizen 49}","{citizen 20}","[141 141 141 100]","""""","9.9","false","{breed social-friends}","0","""default""","""none""","0"
"{citizen 49}","{citizen 21}","[213 0 42 100]","""""","9.9","false","{breed social-friends}","0","""default""","""none""","0"
"{citizen 49}","{citizen 22}","[213 0 42 100]","""""","9.9","false","{breed social-friends}","0","""default""","""none""","0"
"{citizen 49}","{citizen 23}","[141 141 141 100]","""""","9.9","false","{breed social-friends}","0","""default""","""none""","0"
"{citizen 49}","{citizen 24}","[213 0 42 100]","""""","9.9","false","{breed social-friends}","0","""default""","""none""","0"
"{citizen 49}","{citizen 25}","[213 0 42 100]","""""","9.9","false","{breed social-friends}","0","""default""","""none""","0"
"{citizen 49}","{citizen 26}","[213 0 42 100]","""""","9.9","false","{breed social-friends}","0","""default""","""none""","0"
"{citizen 49}","{citizen 27}","[213 0 42 100]","""""","9.9","false","{breed social-friends}","0","""default""","""none""","0"
"{citizen 49}","{citizen 29}","[213 0 42 100]","""""","9.9","false","{breed social-friends}","0","""default""","""none""","0"
"{citizen 49}","{citizen 30}","[213 0 42 100]","""""","9.9","false","{breed social-friends}","0","""default""","""none""","0"
"{citizen 49}","{citizen 31}","[213 0 42 100]","""""","9.9","false","{breed social-friends}","0","""default""","""none""","0"
"{citizen 49}","{citizen 32}","[213 0 42 100]","""""","9.9","false","{breed social-friends}","0","""default""","""none""","0"
"{citizen 49}","{citizen 33}","[213 0 42 100]","""""","9.9","false","{breed social-friends}","0","""default""","""none""","0"
"{citizen 49}","{citizen 34}","[141 141 141 100]","""""","9.9","false","{breed social-friends}","0","""default""","""none""","0"
"{citizen 49}","{citizen 36}","[213 0 42 100]","""""","9.9","false","{breed social-friends}","0","""default""","""none""","0"
"{citizen 49}","{citizen 37}","[213 0 42 100]","""""","9.9","false","{breed social-friends}","0","""default""","""none""","0"
"{citizen 49}","{citizen 38}","[213 0 42 100]","""""","9.9","false","{breed social-friends}","0","""default""","""none""","0"
"{citizen 49}","{citizen 39}","[213 0 42 100]","""""","9.9","false","{breed social-friends}","0","""default""","""none""","0"
"{citizen 49}","{citizen 40}","[213 0 42 100]","""""","9.9","false","{breed social-friends}","0","""default""","""none""","0"
"{citizen 49}","{citizen 41}","[141 141 141 100]","""""","9.9","false","{breed social-friends}","0","""default""","""none""","0"
"{citizen 49}","{citizen 42}","[213 0 42 100]","""""","9.9","false","{breed social-friends}","0","""default""","""none""","0"
"{citizen 49}","{citizen 43}","[141 141 141 100]","""""","9.9","false","{breed social-friends}","0","""default""","""none""","0"
"{citizen 49}","{citizen 44}","[141 141 141 100]","""""","9.9","false","{breed social-friends}","0","""default""","""none""","0"
"{citizen 49}","{citizen 45}","[213 0 42 100]","""""","9.9","false","{breed social-friends}","0","""default""","""none""","0"
"{citizen 49}","{citizen 46}","[141 141 141 100]","""""","9.9","false","{breed social-friends}","0","""default""","""none""","0"
"{citizen 49}","{citizen 47}","[213 0 42 100]","""""","9.9","false","{breed social-friends}","0","""default""","""none""","0"
"{citizen 49}","{citizen 48}","[213 0 42 100]","""""","9.9","false","{breed social-friends}","0","""default""","""none""","0"
"{media 50}","{citizen 0}","[141 141 141 255]","""""","9.9","false","{breed subscribers}","0","""default""","""none""","0"
"{media 50}","{citizen 1}","[141 141 141 255]","""""","9.9","false","{breed subscribers}","0","""default""","""none""","0"
"{media 50}","{citizen 2}","[141 141 141 255]","""""","9.9","false","{breed subscribers}","0","""default""","""none""","0"
"{media 50}","{citizen 4}","[141 141 141 255]","""""","9.9","false","{breed subscribers}","0","""default""","""none""","0"
"{media 50}","{citizen 5}","[141 141 141 255]","""""","9.9","false","{breed subscribers}","0","""default""","""none""","0"
"{media 50}","{citizen 6}","[141 141 141 255]","""""","9.9","false","{breed subscribers}","0","""default""","""none""","0"
"{media 50}","{citizen 7}","[141 141 141 255]","""""","9.9","false","{breed subscribers}","0","""default""","""none""","0"
"{media 50}","{citizen 8}","[141 141 141 255]","""""","9.9","false","{breed subscribers}","0","""default""","""none""","0"
"{media 50}","{citizen 9}","[141 141 141 255]","""""","9.9","false","{breed subscribers}","0","""default""","""none""","0"
"{media 50}","{citizen 10}","[141 141 141 255]","""""","9.9","false","{breed subscribers}","0","""default""","""none""","0"
"{media 50}","{citizen 11}","[141 141 141 255]","""""","9.9","false","{breed subscribers}","0","""default""","""none""","0"
"{media 50}","{citizen 13}","[141 141 141 255]","""""","9.9","false","{breed subscribers}","0","""default""","""none""","0"
"{media 50}","{citizen 15}","[141 141 141 255]","""""","9.9","false","{breed subscribers}","0","""default""","""none""","0"
"{media 50}","{citizen 19}","[141 141 141 255]","""""","9.9","false","{breed subscribers}","0","""default""","""none""","0"
"{media 50}","{citizen 21}","[141 141 141 255]","""""","9.9","false","{breed subscribers}","0","""default""","""none""","0"
"{media 50}","{citizen 22}","[141 141 141 255]","""""","9.9","false","{breed subscribers}","0","""default""","""none""","0"
"{media 50}","{citizen 24}","[141 141 141 255]","""""","9.9","false","{breed subscribers}","0","""default""","""none""","0"
"{media 50}","{citizen 25}","[141 141 141 255]","""""","9.9","false","{breed subscribers}","0","""default""","""none""","0"
"{media 50}","{citizen 26}","[141 141 141 255]","""""","9.9","false","{breed subscribers}","0","""default""","""none""","0"
"{media 50}","{citizen 27}","[141 141 141 255]","""""","9.9","false","{breed subscribers}","0","""default""","""none""","0"
"{media 50}","{citizen 29}","[141 141 141 255]","""""","9.9","false","{breed subscribers}","0","""default""","""none""","0"
"{media 50}","{citizen 30}","[141 141 141 255]","""""","9.9","false","{breed subscribers}","0","""default""","""none""","0"
"{media 50}","{citizen 31}","[141 141 141 255]","""""","9.9","false","{breed subscribers}","0","""default""","""none""","0"
"{media 50}","{citizen 32}","[141 141 141 255]","""""","9.9","false","{breed subscribers}","0","""default""","""none""","0"
"{media 50}","{citizen 33}","[141 141 141 255]","""""","9.9","false","{breed subscribers}","0","""default""","""none""","0"
"{media 50}","{citizen 36}","[141 141 141 255]","""""","9.9","false","{breed subscribers}","0","""default""","""none""","0"
"{media 50}","{citizen 37}","[141 141 141 255]","""""","9.9","false","{breed subscribers}","0","""default""","""none""","0"
"{media 50}","{citizen 38}","[141 141 141 255]","""""","9.9","false","{breed subscribers}","0","""default""","""none""","0"
"{media 50}","{citizen 39}","[141 141 141 255]","""""","9.9","false","{breed subscribers}","0","""default""","""none""","0"
"{media 50}","{citizen 40}","[141 141 141 255]","""""","9.9","false","{breed subscribers}","0","""default""","""none""","0"
"{media 50}","{citizen 42}","[141 141 141 255]","""""","9.9","false","{breed subscribers}","0","""default""","""none""","0"
"{media 50}","{citizen 45}","[141 141 141 255]","""""","9.9","false","{breed subscribers}","0","""default""","""none""","0"
"{media 50}","{citizen 47}","[141 141 141 255]","""""","9.9","false","{breed subscribers}","0","""default""","""none""","0"
"{media 50}","{citizen 48}","[141 141 141 255]","""""","9.9","false","{breed subscribers}","0","""default""","""none""","0"
"{media 50}","{citizen 49}","[141 141 141 255]","""""","9.9","false","{breed subscribers}","0","""default""","""none""","0"
"{media 51}","{citizen 0}","[141 141 141 255]","""""","9.9","false","{breed subscribers}","0","""default""","""none""","0"
"{media 51}","{citizen 1}","[141 141 141 255]","""""","9.9","false","{breed subscribers}","0","""default""","""none""","0"
"{media 51}","{citizen 2}","[141 141 141 255]","""""","9.9","false","{breed subscribers}","0","""default""","""none""","0"
"{media 51}","{citizen 4}","[141 141 141 255]","""""","9.9","false","{breed subscribers}","0","""default""","""none""","0"
"{media 51}","{citizen 5}","[141 141 141 255]","""""","9.9","false","{breed subscribers}","0","""default""","""none""","0"
"{media 51}","{citizen 6}","[141 141 141 255]","""""","9.9","false","{breed subscribers}","0","""default""","""none""","0"
"{media 51}","{citizen 7}","[141 141 141 255]","""""","9.9","false","{breed subscribers}","0","""default""","""none""","0"
"{media 51}","{citizen 8}","[141 141 141 255]","""""","9.9","false","{breed subscribers}","0","""default""","""none""","0"
"{media 51}","{citizen 9}","[141 141 141 255]","""""","9.9","false","{breed subscribers}","0","""default""","""none""","0"
"{media 51}","{citizen 10}","[141 141 141 255]","""""","9.9","false","{breed subscribers}","0","""default""","""none""","0"
"{media 51}","{citizen 11}","[141 141 141 255]","""""","9.9","false","{breed subscribers}","0","""default""","""none""","0"
"{media 51}","{citizen 13}","[141 141 141 255]","""""","9.9","false","{breed subscribers}","0","""default""","""none""","0"
"{media 51}","{citizen 15}","[141 141 141 255]","""""","9.9","false","{breed subscribers}","0","""default""","""none""","0"
"{media 51}","{citizen 19}","[141 141 141 255]","""""","9.9","false","{breed subscribers}","0","""default""","""none""","0"
"{media 51}","{citizen 21}","[141 141 141 255]","""""","9.9","false","{breed subscribers}","0","""default""","""none""","0"
"{media 51}","{citizen 22}","[141 141 141 255]","""""","9.9","false","{breed subscribers}","0","""default""","""none""","0"
"{media 51}","{citizen 24}","[141 141 141 255]","""""","9.9","false","{breed subscribers}","0","""default""","""none""","0"
"{media 51}","{citizen 25}","[141 141 141 255]","""""","9.9","false","{breed subscribers}","0","""default""","""none""","0"
"{media 51}","{citizen 26}","[141 141 141 255]","""""","9.9","false","{breed subscribers}","0","""default""","""none""","0"
"{media 51}","{citizen 27}","[141 141 141 255]","""""","9.9","false","{breed subscribers}","0","""default""","""none""","0"
"{media 51}","{citizen 29}","[141 141 141 255]","""""","9.9","false","{breed subscribers}","0","""default""","""none""","0"
"{media 51}","{citizen 30}","[141 141 141 255]","""""","9.9","false","{breed subscribers}","0","""default""","""none""","0"
"{media 51}","{citizen 31}","[141 141 141 255]","""""","9.9","false","{breed subscribers}","0","""default""","""none""","0"
"{media 51}","{citizen 32}","[141 141 141 255]","""""","9.9","false","{breed subscribers}","0","""default""","""none""","0"
"{media 51}","{citizen 33}","[141 141 141 255]","""""","9.9","false","{breed subscribers}","0","""default""","""none""","0"
"{media 51}","{citizen 36}","[141 141 141 255]","""""","9.9","false","{breed subscribers}","0","""default""","""none""","0"
"{media 51}","{citizen 37}","[141 141 141 255]","""""","9.9","false","{breed subscribers}","0","""default""","""none""","0"
"{media 51}","{citizen 38}","[141 141 141 255]","""""","9.9","false","{breed subscribers}","0","""default""","""none""","0"
"{media 51}","{citizen 39}","[141 141 141 255]","""""","9.9","false","{breed subscribers}","0","""default""","""none""","0"
"{media 51}","{citizen 40}","[141 141 141 255]","""""","9.9","false","{breed subscribers}","0","""default""","""none""","0"
"{media 51}","{citizen 42}","[141 141 141 255]","""""","9.9","false","{breed subscribers}","0","""default""","""none""","0"
"{media 51}","{citizen 45}","[141 141 141 255]","""""","9.9","false","{breed subscribers}","0","""default""","""none""","0"
"{media 51}","{citizen 47}","[141 141 141 255]","""""","9.9","false","{breed subscribers}","0","""default""","""none""","0"
"{media 51}","{citizen 48}","[141 141 141 255]","""""","9.9","false","{breed subscribers}","0","""default""","""none""","0"
"{media 51}","{citizen 49}","[141 141 141 255]","""""","9.9","false","{breed subscribers}","0","""default""","""none""","0"
"{media 52}","{citizen 3}","[141 141 141 255]","""""","9.9","false","{breed subscribers}","0","""default""","""none""","0"
"{media 52}","{citizen 12}","[141 141 141 255]","""""","9.9","false","{breed subscribers}","0","""default""","""none""","0"
"{media 52}","{citizen 14}","[141 141 141 255]","""""","9.9","false","{breed subscribers}","0","""default""","""none""","0"
"{media 52}","{citizen 16}","[141 141 141 255]","""""","9.9","false","{breed subscribers}","0","""default""","""none""","0"
"{media 52}","{citizen 17}","[141 141 141 255]","""""","9.9","false","{breed subscribers}","0","""default""","""none""","0"
"{media 52}","{citizen 18}","[141 141 141 255]","""""","9.9","false","{breed subscribers}","0","""default""","""none""","0"
"{media 52}","{citizen 20}","[141 141 141 255]","""""","9.9","false","{breed subscribers}","0","""default""","""none""","0"
"{media 52}","{citizen 23}","[141 141 141 255]","""""","9.9","false","{breed subscribers}","0","""default""","""none""","0"
"{media 52}","{citizen 28}","[141 141 141 255]","""""","9.9","false","{breed subscribers}","0","""default""","""none""","0"
"{media 52}","{citizen 34}","[141 141 141 255]","""""","9.9","false","{breed subscribers}","0","""default""","""none""","0"
"{media 52}","{citizen 35}","[141 141 141 255]","""""","9.9","false","{breed subscribers}","0","""default""","""none""","0"
"{media 52}","{citizen 41}","[141 141 141 255]","""""","9.9","false","{breed subscribers}","0","""default""","""none""","0"
"{media 52}","{citizen 43}","[141 141 141 255]","""""","9.9","false","{breed subscribers}","0","""default""","""none""","0"
"{media 52}","{citizen 44}","[141 141 141 255]","""""","9.9","false","{breed subscribers}","0","""default""","""none""","0"
"{media 52}","{citizen 46}","[141 141 141 255]","""""","9.9","false","{breed subscribers}","0","""default""","""none""","0"
"{media 53}","{citizen 3}","[141 141 141 255]","""""","9.9","false","{breed subscribers}","0","""default""","""none""","0"
"{media 53}","{citizen 12}","[141 141 141 255]","""""","9.9","false","{breed subscribers}","0","""default""","""none""","0"
"{media 53}","{citizen 14}","[141 141 141 255]","""""","9.9","false","{breed subscribers}","0","""default""","""none""","0"
"{media 53}","{citizen 16}","[141 141 141 255]","""""","9.9","false","{breed subscribers}","0","""default""","""none""","0"
"{media 53}","{citizen 17}","[141 141 141 255]","""""","9.9","false","{breed subscribers}","0","""default""","""none""","0"
"{media 53}","{citizen 18}","[141 141 141 255]","""""","9.9","false","{breed subscribers}","0","""default""","""none""","0"
"{media 53}","{citizen 20}","[141 141 141 255]","""""","9.9","false","{breed subscribers}","0","""default""","""none""","0"
"{media 53}","{citizen 23}","[141 141 141 255]","""""","9.9","false","{breed subscribers}","0","""default""","""none""","0"
"{media 53}","{citizen 28}","[141 141 141 255]","""""","9.9","false","{breed subscribers}","0","""default""","""none""","0"
"{media 53}","{citizen 34}","[141 141 141 255]","""""","9.9","false","{breed subscribers}","0","""default""","""none""","0"
"{media 53}","{citizen 35}","[141 141 141 255]","""""","9.9","false","{breed subscribers}","0","""default""","""none""","0"
"{media 53}","{citizen 41}","[141 141 141 255]","""""","9.9","false","{breed subscribers}","0","""default""","""none""","0"
"{media 53}","{citizen 43}","[141 141 141 255]","""""","9.9","false","{breed subscribers}","0","""default""","""none""","0"
"{media 53}","{citizen 44}","[141 141 141 255]","""""","9.9","false","{breed subscribers}","0","""default""","""none""","0"
"{media 53}","{citizen 46}","[141 141 141 255]","""""","9.9","false","{breed subscribers}","0","""default""","""none""","0"
"{media 54}","{citizen 3}","[141 141 141 255]","""""","9.9","false","{breed subscribers}","0","""default""","""none""","0"
"{media 54}","{citizen 12}","[141 141 141 255]","""""","9.9","false","{breed subscribers}","0","""default""","""none""","0"
"{media 54}","{citizen 14}","[141 141 141 255]","""""","9.9","false","{breed subscribers}","0","""default""","""none""","0"
"{media 54}","{citizen 16}","[141 141 141 255]","""""","9.9","false","{breed subscribers}","0","""default""","""none""","0"
"{media 54}","{citizen 17}","[141 141 141 255]","""""","9.9","false","{breed subscribers}","0","""default""","""none""","0"
"{media 54}","{citizen 18}","[141 141 141 255]","""""","9.9","false","{breed subscribers}","0","""default""","""none""","0"
"{media 54}","{citizen 20}","[141 141 141 255]","""""","9.9","false","{breed subscribers}","0","""default""","""none""","0"
"{media 54}","{citizen 23}","[141 141 141 255]","""""","9.9","false","{breed subscribers}","0","""default""","""none""","0"
"{media 54}","{citizen 28}","[141 141 141 255]","""""","9.9","false","{breed subscribers}","0","""default""","""none""","0"
"{media 54}","{citizen 34}","[141 141 141 255]","""""","9.9","false","{breed subscribers}","0","""default""","""none""","0"
"{media 54}","{citizen 35}","[141 141 141 255]","""""","9.9","false","{breed subscribers}","0","""default""","""none""","0"
"{media 54}","{citizen 41}","[141 141 141 255]","""""","9.9","false","{breed subscribers}","0","""default""","""none""","0"
"{media 54}","{citizen 43}","[141 141 141 255]","""""","9.9","false","{breed subscribers}","0","""default""","""none""","0"
"{media 54}","{citizen 44}","[141 141 141 255]","""""","9.9","false","{breed subscribers}","0","""default""","""none""","0"
"{media 54}","{citizen 46}","[141 141 141 255]","""""","9.9","false","{breed subscribers}","0","""default""","""none""","0"
"{media 55}","{citizen 0}","[141 141 141 255]","""""","9.9","false","{breed subscribers}","0","""default""","""none""","0"
"{media 55}","{citizen 1}","[141 141 141 255]","""""","9.9","false","{breed subscribers}","0","""default""","""none""","0"
"{media 55}","{citizen 2}","[141 141 141 255]","""""","9.9","false","{breed subscribers}","0","""default""","""none""","0"
"{media 55}","{citizen 4}","[141 141 141 255]","""""","9.9","false","{breed subscribers}","0","""default""","""none""","0"
"{media 55}","{citizen 5}","[141 141 141 255]","""""","9.9","false","{breed subscribers}","0","""default""","""none""","0"
"{media 55}","{citizen 6}","[141 141 141 255]","""""","9.9","false","{breed subscribers}","0","""default""","""none""","0"
"{media 55}","{citizen 7}","[141 141 141 255]","""""","9.9","false","{breed subscribers}","0","""default""","""none""","0"
"{media 55}","{citizen 8}","[141 141 141 255]","""""","9.9","false","{breed subscribers}","0","""default""","""none""","0"
"{media 55}","{citizen 9}","[141 141 141 255]","""""","9.9","false","{breed subscribers}","0","""default""","""none""","0"
"{media 55}","{citizen 10}","[141 141 141 255]","""""","9.9","false","{breed subscribers}","0","""default""","""none""","0"
"{media 55}","{citizen 11}","[141 141 141 255]","""""","9.9","false","{breed subscribers}","0","""default""","""none""","0"
"{media 55}","{citizen 13}","[141 141 141 255]","""""","9.9","false","{breed subscribers}","0","""default""","""none""","0"
"{media 55}","{citizen 15}","[141 141 141 255]","""""","9.9","false","{breed subscribers}","0","""default""","""none""","0"
"{media 55}","{citizen 19}","[141 141 141 255]","""""","9.9","false","{breed subscribers}","0","""default""","""none""","0"
"{media 55}","{citizen 21}","[141 141 141 255]","""""","9.9","false","{breed subscribers}","0","""default""","""none""","0"
"{media 55}","{citizen 22}","[141 141 141 255]","""""","9.9","false","{breed subscribers}","0","""default""","""none""","0"
"{media 55}","{citizen 24}","[141 141 141 255]","""""","9.9","false","{breed subscribers}","0","""default""","""none""","0"
"{media 55}","{citizen 25}","[141 141 141 255]","""""","9.9","false","{breed subscribers}","0","""default""","""none""","0"
"{media 55}","{citizen 26}","[141 141 141 255]","""""","9.9","false","{breed subscribers}","0","""default""","""none""","0"
"{media 55}","{citizen 27}","[141 141 141 255]","""""","9.9","false","{breed subscribers}","0","""default""","""none""","0"
"{media 55}","{citizen 29}","[141 141 141 255]","""""","9.9","false","{breed subscribers}","0","""default""","""none""","0"
"{media 55}","{citizen 30}","[141 141 141 255]","""""","9.9","false","{breed subscribers}","0","""default""","""none""","0"
"{media 55}","{citizen 31}","[141 141 141 255]","""""","9.9","false","{breed subscribers}","0","""default""","""none""","0"
"{media 55}","{citizen 32}","[141 141 141 255]","""""","9.9","false","{breed subscribers}","0","""default""","""none""","0"
"{media 55}","{citizen 33}","[141 141 141 255]","""""","9.9","false","{breed subscribers}","0","""default""","""none""","0"
"{media 55}","{citizen 36}","[141 141 141 255]","""""","9.9","false","{breed subscribers}","0","""default""","""none""","0"
"{media 55}","{citizen 37}","[141 141 141 255]","""""","9.9","false","{breed subscribers}","0","""default""","""none""","0"
"{media 55}","{citizen 38}","[141 141 141 255]","""""","9.9","false","{breed subscribers}","0","""default""","""none""","0"
"{media 55}","{citizen 39}","[141 141 141 255]","""""","9.9","false","{breed subscribers}","0","""default""","""none""","0"
"{media 55}","{citizen 40}","[141 141 141 255]","""""","9.9","false","{breed subscribers}","0","""default""","""none""","0"
"{media 55}","{citizen 42}","[141 141 141 255]","""""","9.9","false","{breed subscribers}","0","""default""","""none""","0"
"{media 55}","{citizen 45}","[141 141 141 255]","""""","9.9","false","{breed subscribers}","0","""default""","""none""","0"
"{media 55}","{citizen 47}","[141 141 141 255]","""""","9.9","false","{breed subscribers}","0","""default""","""none""","0"
"{media 55}","{citizen 48}","[141 141 141 255]","""""","9.9","false","{breed subscribers}","0","""default""","""none""","0"
"{media 55}","{citizen 49}","[141 141 141 255]","""""","9.9","false","{breed subscribers}","0","""default""","""none""","0"
"{media 56}","{citizen 0}","[141 141 141 255]","""""","9.9","false","{breed subscribers}","0","""default""","""none""","0"
"{media 56}","{citizen 1}","[141 141 141 255]","""""","9.9","false","{breed subscribers}","0","""default""","""none""","0"
"{media 56}","{citizen 2}","[141 141 141 255]","""""","9.9","false","{breed subscribers}","0","""default""","""none""","0"
"{media 56}","{citizen 4}","[141 141 141 255]","""""","9.9","false","{breed subscribers}","0","""default""","""none""","0"
"{media 56}","{citizen 5}","[141 141 141 255]","""""","9.9","false","{breed subscribers}","0","""default""","""none""","0"
"{media 56}","{citizen 6}","[141 141 141 255]","""""","9.9","false","{breed subscribers}","0","""default""","""none""","0"
"{media 56}","{citizen 7}","[141 141 141 255]","""""","9.9","false","{breed subscribers}","0","""default""","""none""","0"
"{media 56}","{citizen 8}","[141 141 141 255]","""""","9.9","false","{breed subscribers}","0","""default""","""none""","0"
"{media 56}","{citizen 9}","[141 141 141 255]","""""","9.9","false","{breed subscribers}","0","""default""","""none""","0"
"{media 56}","{citizen 10}","[141 141 141 255]","""""","9.9","false","{breed subscribers}","0","""default""","""none""","0"
"{media 56}","{citizen 11}","[141 141 141 255]","""""","9.9","false","{breed subscribers}","0","""default""","""none""","0"
"{media 56}","{citizen 13}","[141 141 141 255]","""""","9.9","false","{breed subscribers}","0","""default""","""none""","0"
"{media 56}","{citizen 15}","[141 141 141 255]","""""","9.9","false","{breed subscribers}","0","""default""","""none""","0"
"{media 56}","{citizen 19}","[141 141 141 255]","""""","9.9","false","{breed subscribers}","0","""default""","""none""","0"
"{media 56}","{citizen 21}","[141 141 141 255]","""""","9.9","false","{breed subscribers}","0","""default""","""none""","0"
"{media 56}","{citizen 22}","[141 141 141 255]","""""","9.9","false","{breed subscribers}","0","""default""","""none""","0"
"{media 56}","{citizen 24}","[141 141 141 255]","""""","9.9","false","{breed subscribers}","0","""default""","""none""","0"
"{media 56}","{citizen 25}","[141 141 141 255]","""""","9.9","false","{breed subscribers}","0","""default""","""none""","0"
"{media 56}","{citizen 26}","[141 141 141 255]","""""","9.9","false","{breed subscribers}","0","""default""","""none""","0"
"{media 56}","{citizen 27}","[141 141 141 255]","""""","9.9","false","{breed subscribers}","0","""default""","""none""","0"
"{media 56}","{citizen 29}","[141 141 141 255]","""""","9.9","false","{breed subscribers}","0","""default""","""none""","0"
"{media 56}","{citizen 30}","[141 141 141 255]","""""","9.9","false","{breed subscribers}","0","""default""","""none""","0"
"{media 56}","{citizen 31}","[141 141 141 255]","""""","9.9","false","{breed subscribers}","0","""default""","""none""","0"
"{media 56}","{citizen 32}","[141 141 141 255]","""""","9.9","false","{breed subscribers}","0","""default""","""none""","0"
"{media 56}","{citizen 33}","[141 141 141 255]","""""","9.9","false","{breed subscribers}","0","""default""","""none""","0"
"{media 56}","{citizen 36}","[141 141 141 255]","""""","9.9","false","{breed subscribers}","0","""default""","""none""","0"
"{media 56}","{citizen 37}","[141 141 141 255]","""""","9.9","false","{breed subscribers}","0","""default""","""none""","0"
"{media 56}","{citizen 38}","[141 141 141 255]","""""","9.9","false","{breed subscribers}","0","""default""","""none""","0"
"{media 56}","{citizen 39}","[141 141 141 255]","""""","9.9","false","{breed subscribers}","0","""default""","""none""","0"
"{media 56}","{citizen 40}","[141 141 141 255]","""""","9.9","false","{breed subscribers}","0","""default""","""none""","0"
"{media 56}","{citizen 42}","[141 141 141 255]","""""","9.9","false","{breed subscribers}","0","""default""","""none""","0"
"{media 56}","{citizen 45}","[141 141 141 255]","""""","9.9","false","{breed subscribers}","0","""default""","""none""","0"
"{media 56}","{citizen 47}","[141 141 141 255]","""""","9.9","false","{breed subscribers}","0","""default""","""none""","0"
"{media 56}","{citizen 48}","[141 141 141 255]","""""","9.9","false","{breed subscribers}","0","""default""","""none""","0"
"{media 56}","{citizen 49}","[141 141 141 255]","""""","9.9","false","{breed subscribers}","0","""default""","""none""","0"
"{media 57}","{citizen 3}","[141 141 141 255]","""""","9.9","false","{breed subscribers}","0","""default""","""none""","0"
"{media 57}","{citizen 12}","[141 141 141 255]","""""","9.9","false","{breed subscribers}","0","""default""","""none""","0"
"{media 57}","{citizen 14}","[141 141 141 255]","""""","9.9","false","{breed subscribers}","0","""default""","""none""","0"
"{media 57}","{citizen 16}","[141 141 141 255]","""""","9.9","false","{breed subscribers}","0","""default""","""none""","0"
"{media 57}","{citizen 17}","[141 141 141 255]","""""","9.9","false","{breed subscribers}","0","""default""","""none""","0"
"{media 57}","{citizen 18}","[141 141 141 255]","""""","9.9","false","{breed subscribers}","0","""default""","""none""","0"
"{media 57}","{citizen 20}","[141 141 141 255]","""""","9.9","false","{breed subscribers}","0","""default""","""none""","0"
"{media 57}","{citizen 23}","[141 141 141 255]","""""","9.9","false","{breed subscribers}","0","""default""","""none""","0"
"{media 57}","{citizen 28}","[141 141 141 255]","""""","9.9","false","{breed subscribers}","0","""default""","""none""","0"
"{media 57}","{citizen 34}","[141 141 141 255]","""""","9.9","false","{breed subscribers}","0","""default""","""none""","0"
"{media 57}","{citizen 35}","[141 141 141 255]","""""","9.9","false","{breed subscribers}","0","""default""","""none""","0"
"{media 57}","{citizen 41}","[141 141 141 255]","""""","9.9","false","{breed subscribers}","0","""default""","""none""","0"
"{media 57}","{citizen 43}","[141 141 141 255]","""""","9.9","false","{breed subscribers}","0","""default""","""none""","0"
"{media 57}","{citizen 44}","[141 141 141 255]","""""","9.9","false","{breed subscribers}","0","""default""","""none""","0"
"{media 57}","{citizen 46}","[141 141 141 255]","""""","9.9","false","{breed subscribers}","0","""default""","""none""","0"
"{media 58}","{citizen 0}","[141 141 141 255]","""""","9.9","false","{breed subscribers}","0","""default""","""none""","0"
"{media 58}","{citizen 1}","[141 141 141 255]","""""","9.9","false","{breed subscribers}","0","""default""","""none""","0"
"{media 58}","{citizen 2}","[141 141 141 255]","""""","9.9","false","{breed subscribers}","0","""default""","""none""","0"
"{media 58}","{citizen 4}","[141 141 141 255]","""""","9.9","false","{breed subscribers}","0","""default""","""none""","0"
"{media 58}","{citizen 5}","[141 141 141 255]","""""","9.9","false","{breed subscribers}","0","""default""","""none""","0"
"{media 58}","{citizen 6}","[141 141 141 255]","""""","9.9","false","{breed subscribers}","0","""default""","""none""","0"
"{media 58}","{citizen 7}","[141 141 141 255]","""""","9.9","false","{breed subscribers}","0","""default""","""none""","0"
"{media 58}","{citizen 8}","[141 141 141 255]","""""","9.9","false","{breed subscribers}","0","""default""","""none""","0"
"{media 58}","{citizen 9}","[141 141 141 255]","""""","9.9","false","{breed subscribers}","0","""default""","""none""","0"
"{media 58}","{citizen 10}","[141 141 141 255]","""""","9.9","false","{breed subscribers}","0","""default""","""none""","0"
"{media 58}","{citizen 11}","[141 141 141 255]","""""","9.9","false","{breed subscribers}","0","""default""","""none""","0"
"{media 58}","{citizen 13}","[141 141 141 255]","""""","9.9","false","{breed subscribers}","0","""default""","""none""","0"
"{media 58}","{citizen 15}","[141 141 141 255]","""""","9.9","false","{breed subscribers}","0","""default""","""none""","0"
"{media 58}","{citizen 19}","[141 141 141 255]","""""","9.9","false","{breed subscribers}","0","""default""","""none""","0"
"{media 58}","{citizen 21}","[141 141 141 255]","""""","9.9","false","{breed subscribers}","0","""default""","""none""","0"
"{media 58}","{citizen 22}","[141 141 141 255]","""""","9.9","false","{breed subscribers}","0","""default""","""none""","0"
"{media 58}","{citizen 24}","[141 141 141 255]","""""","9.9","false","{breed subscribers}","0","""default""","""none""","0"
"{media 58}","{citizen 25}","[141 141 141 255]","""""","9.9","false","{breed subscribers}","0","""default""","""none""","0"
"{media 58}","{citizen 26}","[141 141 141 255]","""""","9.9","false","{breed subscribers}","0","""default""","""none""","0"
"{media 58}","{citizen 27}","[141 141 141 255]","""""","9.9","false","{breed subscribers}","0","""default""","""none""","0"
"{media 58}","{citizen 29}","[141 141 141 255]","""""","9.9","false","{breed subscribers}","0","""default""","""none""","0"
"{media 58}","{citizen 30}","[141 141 141 255]","""""","9.9","false","{breed subscribers}","0","""default""","""none""","0"
"{media 58}","{citizen 31}","[141 141 141 255]","""""","9.9","false","{breed subscribers}","0","""default""","""none""","0"
"{media 58}","{citizen 32}","[141 141 141 255]","""""","9.9","false","{breed subscribers}","0","""default""","""none""","0"
"{media 58}","{citizen 33}","[141 141 141 255]","""""","9.9","false","{breed subscribers}","0","""default""","""none""","0"
"{media 58}","{citizen 36}","[141 141 141 255]","""""","9.9","false","{breed subscribers}","0","""default""","""none""","0"
"{media 58}","{citizen 37}","[141 141 141 255]","""""","9.9","false","{breed subscribers}","0","""default""","""none""","0"
"{media 58}","{citizen 38}","[141 141 141 255]","""""","9.9","false","{breed subscribers}","0","""default""","""none""","0"
"{media 58}","{citizen 39}","[141 141 141 255]","""""","9.9","false","{breed subscribers}","0","""default""","""none""","0"
"{media 58}","{citizen 40}","[141 141 141 255]","""""","9.9","false","{breed subscribers}","0","""default""","""none""","0"
"{media 58}","{citizen 42}","[141 141 141 255]","""""","9.9","false","{breed subscribers}","0","""default""","""none""","0"
"{media 58}","{citizen 45}","[141 141 141 255]","""""","9.9","false","{breed subscribers}","0","""default""","""none""","0"
"{media 58}","{citizen 47}","[141 141 141 255]","""""","9.9","false","{breed subscribers}","0","""default""","""none""","0"
"{media 58}","{citizen 48}","[141 141 141 255]","""""","9.9","false","{breed subscribers}","0","""default""","""none""","0"
"{media 58}","{citizen 49}","[141 141 141 255]","""""","9.9","false","{breed subscribers}","0","""default""","""none""","0"
"{media 59}","{citizen 3}","[141 141 141 255]","""""","9.9","false","{breed subscribers}","0","""default""","""none""","0"
"{media 59}","{citizen 12}","[141 141 141 255]","""""","9.9","false","{breed subscribers}","0","""default""","""none""","0"
"{media 59}","{citizen 14}","[141 141 141 255]","""""","9.9","false","{breed subscribers}","0","""default""","""none""","0"
"{media 59}","{citizen 16}","[141 141 141 255]","""""","9.9","false","{breed subscribers}","0","""default""","""none""","0"
"{media 59}","{citizen 17}","[141 141 141 255]","""""","9.9","false","{breed subscribers}","0","""default""","""none""","0"
"{media 59}","{citizen 18}","[141 141 141 255]","""""","9.9","false","{breed subscribers}","0","""default""","""none""","0"
"{media 59}","{citizen 20}","[141 141 141 255]","""""","9.9","false","{breed subscribers}","0","""default""","""none""","0"
"{media 59}","{citizen 23}","[141 141 141 255]","""""","9.9","false","{breed subscribers}","0","""default""","""none""","0"
"{media 59}","{citizen 28}","[141 141 141 255]","""""","9.9","false","{breed subscribers}","0","""default""","""none""","0"
"{media 59}","{citizen 34}","[141 141 141 255]","""""","9.9","false","{breed subscribers}","0","""default""","""none""","0"
"{media 59}","{citizen 35}","[141 141 141 255]","""""","9.9","false","{breed subscribers}","0","""default""","""none""","0"
"{media 59}","{citizen 41}","[141 141 141 255]","""""","9.9","false","{breed subscribers}","0","""default""","""none""","0"
"{media 59}","{citizen 43}","[141 141 141 255]","""""","9.9","false","{breed subscribers}","0","""default""","""none""","0"
"{media 59}","{citizen 44}","[141 141 141 255]","""""","9.9","false","{breed subscribers}","0","""default""","""none""","0"
"{media 59}","{citizen 46}","[141 141 141 255]","""""","9.9","false","{breed subscribers}","0","""default""","""none""","0"
"{media 60}","{citizen 0}","[141 141 141 255]","""""","9.9","false","{breed subscribers}","0","""default""","""none""","0"
"{media 60}","{citizen 1}","[141 141 141 255]","""""","9.9","false","{breed subscribers}","0","""default""","""none""","0"
"{media 60}","{citizen 2}","[141 141 141 255]","""""","9.9","false","{breed subscribers}","0","""default""","""none""","0"
"{media 60}","{citizen 3}","[141 141 141 255]","""""","9.9","false","{breed subscribers}","0","""default""","""none""","0"
"{media 60}","{citizen 4}","[141 141 141 255]","""""","9.9","false","{breed subscribers}","0","""default""","""none""","0"
"{media 60}","{citizen 5}","[141 141 141 255]","""""","9.9","false","{breed subscribers}","0","""default""","""none""","0"
"{media 60}","{citizen 6}","[141 141 141 255]","""""","9.9","false","{breed subscribers}","0","""default""","""none""","0"
"{media 60}","{citizen 7}","[141 141 141 255]","""""","9.9","false","{breed subscribers}","0","""default""","""none""","0"
"{media 60}","{citizen 8}","[141 141 141 255]","""""","9.9","false","{breed subscribers}","0","""default""","""none""","0"
"{media 60}","{citizen 9}","[141 141 141 255]","""""","9.9","false","{breed subscribers}","0","""default""","""none""","0"
"{media 60}","{citizen 10}","[141 141 141 255]","""""","9.9","false","{breed subscribers}","0","""default""","""none""","0"
"{media 60}","{citizen 11}","[141 141 141 255]","""""","9.9","false","{breed subscribers}","0","""default""","""none""","0"
"{media 60}","{citizen 12}","[141 141 141 255]","""""","9.9","false","{breed subscribers}","0","""default""","""none""","0"
"{media 60}","{citizen 13}","[141 141 141 255]","""""","9.9","false","{breed subscribers}","0","""default""","""none""","0"
"{media 60}","{citizen 14}","[141 141 141 255]","""""","9.9","false","{breed subscribers}","0","""default""","""none""","0"
"{media 60}","{citizen 15}","[141 141 141 255]","""""","9.9","false","{breed subscribers}","0","""default""","""none""","0"
"{media 60}","{citizen 16}","[141 141 141 255]","""""","9.9","false","{breed subscribers}","0","""default""","""none""","0"
"{media 60}","{citizen 17}","[141 141 141 255]","""""","9.9","false","{breed subscribers}","0","""default""","""none""","0"
"{media 60}","{citizen 18}","[141 141 141 255]","""""","9.9","false","{breed subscribers}","0","""default""","""none""","0"
"{media 60}","{citizen 19}","[141 141 141 255]","""""","9.9","false","{breed subscribers}","0","""default""","""none""","0"
"{media 60}","{citizen 20}","[141 141 141 255]","""""","9.9","false","{breed subscribers}","0","""default""","""none""","0"
"{media 60}","{citizen 21}","[141 141 141 255]","""""","9.9","false","{breed subscribers}","0","""default""","""none""","0"
"{media 60}","{citizen 22}","[141 141 141 255]","""""","9.9","false","{breed subscribers}","0","""default""","""none""","0"
"{media 60}","{citizen 23}","[141 141 141 255]","""""","9.9","false","{breed subscribers}","0","""default""","""none""","0"
"{media 60}","{citizen 24}","[141 141 141 255]","""""","9.9","false","{breed subscribers}","0","""default""","""none""","0"
"{media 60}","{citizen 25}","[141 141 141 255]","""""","9.9","false","{breed subscribers}","0","""default""","""none""","0"
"{media 60}","{citizen 26}","[141 141 141 255]","""""","9.9","false","{breed subscribers}","0","""default""","""none""","0"
"{media 60}","{citizen 27}","[141 141 141 255]","""""","9.9","false","{breed subscribers}","0","""default""","""none""","0"
"{media 60}","{citizen 28}","[141 141 141 255]","""""","9.9","false","{breed subscribers}","0","""default""","""none""","0"
"{media 60}","{citizen 29}","[141 141 141 255]","""""","9.9","false","{breed subscribers}","0","""default""","""none""","0"
"{media 60}","{citizen 30}","[141 141 141 255]","""""","9.9","false","{breed subscribers}","0","""default""","""none""","0"
"{media 60}","{citizen 31}","[141 141 141 255]","""""","9.9","false","{breed subscribers}","0","""default""","""none""","0"
"{media 60}","{citizen 32}","[141 141 141 255]","""""","9.9","false","{breed subscribers}","0","""default""","""none""","0"
"{media 60}","{citizen 33}","[141 141 141 255]","""""","9.9","false","{breed subscribers}","0","""default""","""none""","0"
"{media 60}","{citizen 34}","[141 141 141 255]","""""","9.9","false","{breed subscribers}","0","""default""","""none""","0"
"{media 60}","{citizen 35}","[141 141 141 255]","""""","9.9","false","{breed subscribers}","0","""default""","""none""","0"
"{media 60}","{citizen 36}","[141 141 141 255]","""""","9.9","false","{breed subscribers}","0","""default""","""none""","0"
"{media 60}","{citizen 37}","[141 141 141 255]","""""","9.9","false","{breed subscribers}","0","""default""","""none""","0"
"{media 60}","{citizen 38}","[141 141 141 255]","""""","9.9","false","{breed subscribers}","0","""default""","""none""","0"
"{media 60}","{citizen 39}","[141 141 141 255]","""""","9.9","false","{breed subscribers}","0","""default""","""none""","0"
"{media 60}","{citizen 40}","[141 141 141 255]","""""","9.9","false","{breed subscribers}","0","""default""","""none""","0"
"{media 60}","{citizen 41}","[141 141 141 255]","""""","9.9","false","{breed subscribers}","0","""default""","""none""","0"
"{media 60}","{citizen 42}","[141 141 141 255]","""""","9.9","false","{breed subscribers}","0","""default""","""none""","0"
"{media 60}","{citizen 43}","[141 141 141 255]","""""","9.9","false","{breed subscribers}","0","""default""","""none""","0"
"{media 60}","{citizen 44}","[141 141 141 255]","""""","9.9","false","{breed subscribers}","0","""default""","""none""","0"
"{media 60}","{citizen 45}","[141 141 141 255]","""""","9.9","false","{breed subscribers}","0","""default""","""none""","0"
"{media 60}","{citizen 46}","[141 141 141 255]","""""","9.9","false","{breed subscribers}","0","""default""","""none""","0"
"{media 60}","{citizen 47}","[141 141 141 255]","""""","9.9","false","{breed subscribers}","0","""default""","""none""","0"
"{media 60}","{citizen 48}","[141 141 141 255]","""""","9.9","false","{breed subscribers}","0","""default""","""none""","0"
"{media 60}","{citizen 49}","[141 141 141 255]","""""","9.9","false","{breed subscribers}","0","""default""","""none""","0"
"{media 61}","{citizen 3}","[141 141 141 255]","""""","9.9","false","{breed subscribers}","0","""default""","""none""","0"
"{media 61}","{citizen 12}","[141 141 141 255]","""""","9.9","false","{breed subscribers}","0","""default""","""none""","0"
"{media 61}","{citizen 14}","[141 141 141 255]","""""","9.9","false","{breed subscribers}","0","""default""","""none""","0"
"{media 61}","{citizen 16}","[141 141 141 255]","""""","9.9","false","{breed subscribers}","0","""default""","""none""","0"
"{media 61}","{citizen 17}","[141 141 141 255]","""""","9.9","false","{breed subscribers}","0","""default""","""none""","0"
"{media 61}","{citizen 18}","[141 141 141 255]","""""","9.9","false","{breed subscribers}","0","""default""","""none""","0"
"{media 61}","{citizen 20}","[141 141 141 255]","""""","9.9","false","{breed subscribers}","0","""default""","""none""","0"
"{media 61}","{citizen 23}","[141 141 141 255]","""""","9.9","false","{breed subscribers}","0","""default""","""none""","0"
"{media 61}","{citizen 28}","[141 141 141 255]","""""","9.9","false","{breed subscribers}","0","""default""","""none""","0"
"{media 61}","{citizen 34}","[141 141 141 255]","""""","9.9","false","{breed subscribers}","0","""default""","""none""","0"
"{media 61}","{citizen 35}","[141 141 141 255]","""""","9.9","false","{breed subscribers}","0","""default""","""none""","0"
"{media 61}","{citizen 41}","[141 141 141 255]","""""","9.9","false","{breed subscribers}","0","""default""","""none""","0"
"{media 61}","{citizen 43}","[141 141 141 255]","""""","9.9","false","{breed subscribers}","0","""default""","""none""","0"
"{media 61}","{citizen 44}","[141 141 141 255]","""""","9.9","false","{breed subscribers}","0","""default""","""none""","0"
"{media 61}","{citizen 46}","[141 141 141 255]","""""","9.9","false","{breed subscribers}","0","""default""","""none""","0"
"{media 62}","{citizen 3}","[141 141 141 255]","""""","9.9","false","{breed subscribers}","0","""default""","""none""","0"
"{media 62}","{citizen 12}","[141 141 141 255]","""""","9.9","false","{breed subscribers}","0","""default""","""none""","0"
"{media 62}","{citizen 14}","[141 141 141 255]","""""","9.9","false","{breed subscribers}","0","""default""","""none""","0"
"{media 62}","{citizen 16}","[141 141 141 255]","""""","9.9","false","{breed subscribers}","0","""default""","""none""","0"
"{media 62}","{citizen 17}","[141 141 141 255]","""""","9.9","false","{breed subscribers}","0","""default""","""none""","0"
"{media 62}","{citizen 18}","[141 141 141 255]","""""","9.9","false","{breed subscribers}","0","""default""","""none""","0"
"{media 62}","{citizen 20}","[141 141 141 255]","""""","9.9","false","{breed subscribers}","0","""default""","""none""","0"
"{media 62}","{citizen 23}","[141 141 141 255]","""""","9.9","false","{breed subscribers}","0","""default""","""none""","0"
"{media 62}","{citizen 28}","[141 141 141 255]","""""","9.9","false","{breed subscribers}","0","""default""","""none""","0"
"{media 62}","{citizen 34}","[141 141 141 255]","""""","9.9","false","{breed subscribers}","0","""default""","""none""","0"
"{media 62}","{citizen 35}","[141 141 141 255]","""""","9.9","false","{breed subscribers}","0","""default""","""none""","0"
"{media 62}","{citizen 41}","[141 141 141 255]","""""","9.9","false","{breed subscribers}","0","""default""","""none""","0"
"{media 62}","{citizen 43}","[141 141 141 255]","""""","9.9","false","{breed subscribers}","0","""default""","""none""","0"
"{media 62}","{citizen 44}","[141 141 141 255]","""""","9.9","false","{breed subscribers}","0","""default""","""none""","0"
"{media 62}","{citizen 46}","[141 141 141 255]","""""","9.9","false","{breed subscribers}","0","""default""","""none""","0"
"{media 63}","{citizen 0}","[141 141 141 255]","""""","9.9","false","{breed subscribers}","0","""default""","""none""","0"
"{media 63}","{citizen 1}","[141 141 141 255]","""""","9.9","false","{breed subscribers}","0","""default""","""none""","0"
"{media 63}","{citizen 2}","[141 141 141 255]","""""","9.9","false","{breed subscribers}","0","""default""","""none""","0"
"{media 63}","{citizen 4}","[141 141 141 255]","""""","9.9","false","{breed subscribers}","0","""default""","""none""","0"
"{media 63}","{citizen 5}","[141 141 141 255]","""""","9.9","false","{breed subscribers}","0","""default""","""none""","0"
"{media 63}","{citizen 6}","[141 141 141 255]","""""","9.9","false","{breed subscribers}","0","""default""","""none""","0"
"{media 63}","{citizen 7}","[141 141 141 255]","""""","9.9","false","{breed subscribers}","0","""default""","""none""","0"
"{media 63}","{citizen 8}","[141 141 141 255]","""""","9.9","false","{breed subscribers}","0","""default""","""none""","0"
"{media 63}","{citizen 9}","[141 141 141 255]","""""","9.9","false","{breed subscribers}","0","""default""","""none""","0"
"{media 63}","{citizen 10}","[141 141 141 255]","""""","9.9","false","{breed subscribers}","0","""default""","""none""","0"
"{media 63}","{citizen 11}","[141 141 141 255]","""""","9.9","false","{breed subscribers}","0","""default""","""none""","0"
"{media 63}","{citizen 13}","[141 141 141 255]","""""","9.9","false","{breed subscribers}","0","""default""","""none""","0"
"{media 63}","{citizen 15}","[141 141 141 255]","""""","9.9","false","{breed subscribers}","0","""default""","""none""","0"
"{media 63}","{citizen 19}","[141 141 141 255]","""""","9.9","false","{breed subscribers}","0","""default""","""none""","0"
"{media 63}","{citizen 21}","[141 141 141 255]","""""","9.9","false","{breed subscribers}","0","""default""","""none""","0"
"{media 63}","{citizen 22}","[141 141 141 255]","""""","9.9","false","{breed subscribers}","0","""default""","""none""","0"
"{media 63}","{citizen 24}","[141 141 141 255]","""""","9.9","false","{breed subscribers}","0","""default""","""none""","0"
"{media 63}","{citizen 25}","[141 141 141 255]","""""","9.9","false","{breed subscribers}","0","""default""","""none""","0"
"{media 63}","{citizen 26}","[141 141 141 255]","""""","9.9","false","{breed subscribers}","0","""default""","""none""","0"
"{media 63}","{citizen 27}","[141 141 141 255]","""""","9.9","false","{breed subscribers}","0","""default""","""none""","0"
"{media 63}","{citizen 29}","[141 141 141 255]","""""","9.9","false","{breed subscribers}","0","""default""","""none""","0"
"{media 63}","{citizen 30}","[141 141 141 255]","""""","9.9","false","{breed subscribers}","0","""default""","""none""","0"
"{media 63}","{citizen 31}","[141 141 141 255]","""""","9.9","false","{breed subscribers}","0","""default""","""none""","0"
"{media 63}","{citizen 32}","[141 141 141 255]","""""","9.9","false","{breed subscribers}","0","""default""","""none""","0"
"{media 63}","{citizen 33}","[141 141 141 255]","""""","9.9","false","{breed subscribers}","0","""default""","""none""","0"
"{media 63}","{citizen 36}","[141 141 141 255]","""""","9.9","false","{breed subscribers}","0","""default""","""none""","0"
"{media 63}","{citizen 37}","[141 141 141 255]","""""","9.9","false","{breed subscribers}","0","""default""","""none""","0"
"{media 63}","{citizen 38}","[141 141 141 255]","""""","9.9","false","{breed subscribers}","0","""default""","""none""","0"
"{media 63}","{citizen 39}","[141 141 141 255]","""""","9.9","false","{breed subscribers}","0","""default""","""none""","0"
"{media 63}","{citizen 40}","[141 141 141 255]","""""","9.9","false","{breed subscribers}","0","""default""","""none""","0"
"{media 63}","{citizen 42}","[141 141 141 255]","""""","9.9","false","{breed subscribers}","0","""default""","""none""","0"
"{media 63}","{citizen 45}","[141 141 141 255]","""""","9.9","false","{breed subscribers}","0","""default""","""none""","0"
"{media 63}","{citizen 47}","[141 141 141 255]","""""","9.9","false","{breed subscribers}","0","""default""","""none""","0"
"{media 63}","{citizen 48}","[141 141 141 255]","""""","9.9","false","{breed subscribers}","0","""default""","""none""","0"
"{media 63}","{citizen 49}","[141 141 141 255]","""""","9.9","false","{breed subscribers}","0","""default""","""none""","0"
"{media 64}","{citizen 0}","[141 141 141 255]","""""","9.9","false","{breed subscribers}","0","""default""","""none""","0"
"{media 64}","{citizen 1}","[141 141 141 255]","""""","9.9","false","{breed subscribers}","0","""default""","""none""","0"
"{media 64}","{citizen 2}","[141 141 141 255]","""""","9.9","false","{breed subscribers}","0","""default""","""none""","0"
"{media 64}","{citizen 4}","[141 141 141 255]","""""","9.9","false","{breed subscribers}","0","""default""","""none""","0"
"{media 64}","{citizen 5}","[141 141 141 255]","""""","9.9","false","{breed subscribers}","0","""default""","""none""","0"
"{media 64}","{citizen 6}","[141 141 141 255]","""""","9.9","false","{breed subscribers}","0","""default""","""none""","0"
"{media 64}","{citizen 7}","[141 141 141 255]","""""","9.9","false","{breed subscribers}","0","""default""","""none""","0"
"{media 64}","{citizen 8}","[141 141 141 255]","""""","9.9","false","{breed subscribers}","0","""default""","""none""","0"
"{media 64}","{citizen 9}","[141 141 141 255]","""""","9.9","false","{breed subscribers}","0","""default""","""none""","0"
"{media 64}","{citizen 10}","[141 141 141 255]","""""","9.9","false","{breed subscribers}","0","""default""","""none""","0"
"{media 64}","{citizen 11}","[141 141 141 255]","""""","9.9","false","{breed subscribers}","0","""default""","""none""","0"
"{media 64}","{citizen 13}","[141 141 141 255]","""""","9.9","false","{breed subscribers}","0","""default""","""none""","0"
"{media 64}","{citizen 15}","[141 141 141 255]","""""","9.9","false","{breed subscribers}","0","""default""","""none""","0"
"{media 64}","{citizen 19}","[141 141 141 255]","""""","9.9","false","{breed subscribers}","0","""default""","""none""","0"
"{media 64}","{citizen 21}","[141 141 141 255]","""""","9.9","false","{breed subscribers}","0","""default""","""none""","0"
"{media 64}","{citizen 22}","[141 141 141 255]","""""","9.9","false","{breed subscribers}","0","""default""","""none""","0"
"{media 64}","{citizen 24}","[141 141 141 255]","""""","9.9","false","{breed subscribers}","0","""default""","""none""","0"
"{media 64}","{citizen 25}","[141 141 141 255]","""""","9.9","false","{breed subscribers}","0","""default""","""none""","0"
"{media 64}","{citizen 26}","[141 141 141 255]","""""","9.9","false","{breed subscribers}","0","""default""","""none""","0"
"{media 64}","{citizen 27}","[141 141 141 255]","""""","9.9","false","{breed subscribers}","0","""default""","""none""","0"
"{media 64}","{citizen 29}","[141 141 141 255]","""""","9.9","false","{breed subscribers}","0","""default""","""none""","0"
"{media 64}","{citizen 30}","[141 141 141 255]","""""","9.9","false","{breed subscribers}","0","""default""","""none""","0"
"{media 64}","{citizen 31}","[141 141 141 255]","""""","9.9","false","{breed subscribers}","0","""default""","""none""","0"
"{media 64}","{citizen 32}","[141 141 141 255]","""""","9.9","false","{breed subscribers}","0","""default""","""none""","0"
"{media 64}","{citizen 33}","[141 141 141 255]","""""","9.9","false","{breed subscribers}","0","""default""","""none""","0"
"{media 64}","{citizen 36}","[141 141 141 255]","""""","9.9","false","{breed subscribers}","0","""default""","""none""","0"
"{media 64}","{citizen 37}","[141 141 141 255]","""""","9.9","false","{breed subscribers}","0","""default""","""none""","0"
"{media 64}","{citizen 38}","[141 141 141 255]","""""","9.9","false","{breed subscribers}","0","""default""","""none""","0"
"{media 64}","{citizen 39}","[141 141 141 255]","""""","9.9","false","{breed subscribers}","0","""default""","""none""","0"
"{media 64}","{citizen 40}","[141 141 141 255]","""""","9.9","false","{breed subscribers}","0","""default""","""none""","0"
"{media 64}","{citizen 42}","[141 141 141 255]","""""","9.9","false","{breed subscribers}","0","""default""","""none""","0"
"{media 64}","{citizen 45}","[141 141 141 255]","""""","9.9","false","{breed subscribers}","0","""default""","""none""","0"
"{media 64}","{citizen 47}","[141 141 141 255]","""""","9.9","false","{breed subscribers}","0","""default""","""none""","0"
"{media 64}","{citizen 48}","[141 141 141 255]","""""","9.9","false","{breed subscribers}","0","""default""","""none""","0"
"{media 64}","{citizen 49}","[141 141 141 255]","""""","9.9","false","{breed subscribers}","0","""default""","""none""","0"


"PLOTS"
"fragmentation"
"""cit-a-histogram"""
"x min","x max","y min","y max","autoplot?","current pen","legend open?","number of pens"
"-1","8","0","50","true","""default""","false","1"

"pen name","pen down?","mode","interval","color","x"
"""default""","true","1","1","0","5"

"""default"""
"x","y","color","pen down?"
"1","35","0","true"
"5","15","0","true"

"""Social Friend Degree of Nodes"""
"x min","x max","y min","y max","autoplot?","current pen","legend open?","number of pens"
"0","99","0","50","true","""default""","false","1"

"pen name","pen down?","mode","interval","color","x"
"""default""","true","1","1","0","98"

"""default"""
"x","y","color","pen down?"
"30","1","0","true"
"50","1","0","true"
"54","1","0","true"
"62","1","0","true"
"64","2","0","true"
"68","1","0","true"
"72","1","0","true"
"74","1","0","true"
"78","2","0","true"
"80","1","0","true"
"82","2","0","true"
"84","3","0","true"
"86","4","0","true"
"88","4","0","true"
"90","5","0","true"
"92","5","0","true"
"94","9","0","true"
"96","5","0","true"
"98","1","0","true"

"""percent-agent-beliefs"""
"x min","x max","y min","y max","autoplot?","current pen","legend open?","number of pens"
"0","116","0","1","true","""6""","false","7"

"pen name","pen down?","mode","interval","color","x"
"""0""","true","0","1","14.9","100"
"""1""","true","0","1","14.6","100"
"""2""","true","0","1","124.7","100"
"""3""","true","0","1","124.3","100"
"""4""","true","0","1","113.5","100"
"""5""","true","0","1","104.5","100"
"""6""","true","0","1","104.7","100"

"""0""",,,,"""1""",,,,"""2""",,,,"""3""",,,,"""4""",,,,"""5""",,,,"""6"""
"x","y","color","pen down?","x","y","color","pen down?","x","y","color","pen down?","x","y","color","pen down?","x","y","color","pen down?","x","y","color","pen down?","x","y","color","pen down?"
"0","0.14","14.9","true","0","0.3","14.6","true","0","0.06","124.7","true","0","0","124.3","true","0","0.06","113.5","true","0","0.36","104.5","true","0","0.08","104.7","true"
"1","0","14.9","true","1","0.7","14.6","true","1","0.06","124.7","true","1","0","124.3","true","1","0.04","113.5","true","1","0.2","104.5","true","1","0","104.7","true"
"2","0","14.9","true","2","0.68","14.6","true","2","0","124.7","true","2","0","124.3","true","2","0.12","113.5","true","2","0.2","104.5","true","2","0","104.7","true"
"3","0.38","14.9","true","3","0","14.6","true","3","0","124.7","true","3","0.6","124.3","true","3","0.02","113.5","true","3","0","104.5","true","3","0","104.7","true"
"4","0","14.9","true","4","0.16","14.6","true","4","0","124.7","true","4","0.56","124.3","true","4","0","113.5","true","4","0.28","104.5","true","4","0","104.7","true"
"5","0","14.9","true","5","0.7","14.6","true","5","0","124.7","true","5","0","124.3","true","5","0","113.5","true","5","0.3","104.5","true","5","0","104.7","true"
"6","0","14.9","true","6","0.3","14.6","true","6","0","124.7","true","6","0","124.3","true","6","0.58","113.5","true","6","0","104.5","true","6","0.12","104.7","true"
"7","0.02","14.9","true","7","0.02","14.6","true","7","0.36","124.7","true","7","0","124.3","true","7","0","113.5","true","7","0.6","104.5","true","7","0","104.7","true"
"8","0","14.9","true","8","0.2","14.6","true","8","0","124.7","true","8","0","124.3","true","8","0.02","113.5","true","8","0.78","104.5","true","8","0","104.7","true"
"9","0","14.9","true","9","0.02","14.6","true","9","0","124.7","true","9","0","124.3","true","9","0.02","113.5","true","9","0.06","104.5","true","9","0.9","104.7","true"
"10","0","14.9","true","10","0","14.6","true","10","0","124.7","true","10","0.7","124.3","true","10","0","113.5","true","10","0","104.5","true","10","0.3","104.7","true"
"11","0","14.9","true","11","0.02","14.6","true","11","0","124.7","true","11","0.98","124.3","true","11","0","113.5","true","11","0","104.5","true","11","0","104.7","true"
"12","0","14.9","true","12","0.46","14.6","true","12","0.02","124.7","true","12","0","124.3","true","12","0","113.5","true","12","0.52","104.5","true","12","0","104.7","true"
"13","0.16","14.9","true","13","0","14.6","true","13","0.14","124.7","true","13","0","124.3","true","13","0.66","113.5","true","13","0.04","104.5","true","13","0","104.7","true"
"14","0","14.9","true","14","0","14.6","true","14","0.24","124.7","true","14","0","124.3","true","14","0","113.5","true","14","0.76","104.5","true","14","0","104.7","true"
"15","0","14.9","true","15","0.72","14.6","true","15","0","124.7","true","15","0","124.3","true","15","0.18","113.5","true","15","0.02","104.5","true","15","0.08","104.7","true"
"16","0","14.9","true","16","0.38","14.6","true","16","0","124.7","true","16","0","124.3","true","16","0.62","113.5","true","16","0","104.5","true","16","0","104.7","true"
"17","0.02","14.9","true","17","0.36","14.6","true","17","0","124.7","true","17","0.22","124.3","true","17","0","113.5","true","17","0.4","104.5","true","17","0","104.7","true"
"18","0","14.9","true","18","0.84","14.6","true","18","0.02","124.7","true","18","0","124.3","true","18","0.14","113.5","true","18","0","104.5","true","18","0","104.7","true"
"19","0.24","14.9","true","19","0","14.6","true","19","0","124.7","true","19","0.24","124.3","true","19","0","113.5","true","19","0.52","104.5","true","19","0","104.7","true"
"20","0","14.9","true","20","0.4","14.6","true","20","0","124.7","true","20","0","124.3","true","20","0.6","113.5","true","20","0","104.5","true","20","0","104.7","true"
"21","0","14.9","true","21","0","14.6","true","21","0.26","124.7","true","21","0","124.3","true","21","0.04","113.5","true","21","0.7","104.5","true","21","0","104.7","true"
"22","0","14.9","true","22","0.32","14.6","true","22","0","124.7","true","22","0","124.3","true","22","0.02","113.5","true","22","0.66","104.5","true","22","0","104.7","true"
"23","0.62","14.9","true","23","0.04","14.6","true","23","0","124.7","true","23","0.2","124.3","true","23","0","113.5","true","23","0.14","104.5","true","23","0","104.7","true"
"24","0","14.9","true","24","0.18","14.6","true","24","0","124.7","true","24","0","124.3","true","24","0","113.5","true","24","0.02","104.5","true","24","0.8","104.7","true"
"25","0","14.9","true","25","0.08","14.6","true","25","0","124.7","true","25","0","124.3","true","25","0.92","113.5","true","25","0","104.5","true","25","0","104.7","true"
"26","0","14.9","true","26","0.58","14.6","true","26","0","124.7","true","26","0","124.3","true","26","0","113.5","true","26","0.42","104.5","true","26","0","104.7","true"
"27","0.76","14.9","true","27","0","14.6","true","27","0","124.7","true","27","0","124.3","true","27","0.22","113.5","true","27","0.02","104.5","true","27","0","104.7","true"
"28","0","14.9","true","28","0.66","14.6","true","28","0","124.7","true","28","0.28","124.3","true","28","0","113.5","true","28","0.06","104.5","true","28","0","104.7","true"
"29","0.42","14.9","true","29","0","14.6","true","29","0","124.7","true","29","0","124.3","true","29","0.58","113.5","true","29","0","104.5","true","29","0","104.7","true"
"30","0","14.9","true","30","0.16","14.6","true","30","0","124.7","true","30","0","124.3","true","30","0","113.5","true","30","0.84","104.5","true","30","0","104.7","true"
"31","0.02","14.9","true","31","0","14.6","true","31","0.2","124.7","true","31","0","124.3","true","31","0","113.5","true","31","0.78","104.5","true","31","0","104.7","true"
"32","0.02","14.9","true","32","0.64","14.6","true","32","0","124.7","true","32","0","124.3","true","32","0.34","113.5","true","32","0","104.5","true","32","0","104.7","true"
"33","0.72","14.9","true","33","0","14.6","true","33","0","124.7","true","33","0","124.3","true","33","0","113.5","true","33","0","104.5","true","33","0.28","104.7","true"
"34","0","14.9","true","34","0.04","14.6","true","34","0.36","124.7","true","34","0","124.3","true","34","0.6","113.5","true","34","0","104.5","true","34","0","104.7","true"
"35","0","14.9","true","35","0.42","14.6","true","35","0","124.7","true","35","0","124.3","true","35","0.34","113.5","true","35","0","104.5","true","35","0.24","104.7","true"
"36","0","14.9","true","36","0.6","14.6","true","36","0","124.7","true","36","0.06","124.3","true","36","0","113.5","true","36","0.34","104.5","true","36","0","104.7","true"
"37","0","14.9","true","37","0.44","14.6","true","37","0","124.7","true","37","0","124.3","true","37","0","113.5","true","37","0.56","104.5","true","37","0","104.7","true"
"38","0","14.9","true","38","0.2","14.6","true","38","0","124.7","true","38","0","124.3","true","38","0","113.5","true","38","0.8","104.5","true","38","0","104.7","true"
"39","0.26","14.9","true","39","0","14.6","true","39","0.18","124.7","true","39","0","124.3","true","39","0","113.5","true","39","0.56","104.5","true","39","0","104.7","true"
"40","0","14.9","true","40","0.32","14.6","true","40","0","124.7","true","40","0","124.3","true","40","0","113.5","true","40","0.68","104.5","true","40","0","104.7","true"
"41","0","14.9","true","41","0","14.6","true","41","0.36","124.7","true","41","0","124.3","true","41","0","113.5","true","41","0.64","104.5","true","41","0","104.7","true"
"42","0","14.9","true","42","0.32","14.6","true","42","0","124.7","true","42","0","124.3","true","42","0","113.5","true","42","0.68","104.5","true","42","0","104.7","true"
"43","0.18","14.9","true","43","0","14.6","true","43","0.3","124.7","true","43","0","124.3","true","43","0.52","113.5","true","43","0","104.5","true","43","0","104.7","true"
"44","0","14.9","true","44","0.76","14.6","true","44","0","124.7","true","44","0","124.3","true","44","0.24","113.5","true","44","0","104.5","true","44","0","104.7","true"
"45","0.16","14.9","true","45","0","14.6","true","45","0.54","124.7","true","45","0","124.3","true","45","0","113.5","true","45","0.3","104.5","true","45","0","104.7","true"
"46","0.16","14.9","true","46","0","14.6","true","46","0.22","124.7","true","46","0","124.3","true","46","0.04","113.5","true","46","0.58","104.5","true","46","0","104.7","true"
"47","0.02","14.9","true","47","0.04","14.6","true","47","0.34","124.7","true","47","0","124.3","true","47","0.6","113.5","true","47","0","104.5","true","47","0","104.7","true"
"48","0","14.9","true","48","0","14.6","true","48","0.02","124.7","true","48","0.3","124.3","true","48","0","113.5","true","48","0.68","104.5","true","48","0","104.7","true"
"49","0","14.9","true","49","0","14.6","true","49","0.12","124.7","true","49","0","124.3","true","49","0","113.5","true","49","0.88","104.5","true","49","0","104.7","true"
"50","0","14.9","true","50","0.02","14.6","true","50","0","124.7","true","50","0","124.3","true","50","0.02","113.5","true","50","0.96","104.5","true","50","0","104.7","true"
"51","0","14.9","true","51","0.46","14.6","true","51","0","124.7","true","51","0","124.3","true","51","0","113.5","true","51","0.54","104.5","true","51","0","104.7","true"
"52","0.02","14.9","true","52","0.36","14.6","true","52","0","124.7","true","52","0","124.3","true","52","0","113.5","true","52","0.02","104.5","true","52","0.6","104.7","true"
"53","0","14.9","true","53","0","14.6","true","53","0.72","124.7","true","53","0","124.3","true","53","0.28","113.5","true","53","0","104.5","true","53","0","104.7","true"
"54","0.08","14.9","true","54","0","14.6","true","54","0","124.7","true","54","0.9","124.3","true","54","0.02","113.5","true","54","0","104.5","true","54","0","104.7","true"
"55","0","14.9","true","55","0","14.6","true","55","0","124.7","true","55","0.5","124.3","true","55","0","113.5","true","55","0.5","104.5","true","55","0","104.7","true"
"56","0","14.9","true","56","0.72","14.6","true","56","0","124.7","true","56","0","124.3","true","56","0","113.5","true","56","0.28","104.5","true","56","0","104.7","true"
"57","0.42","14.9","true","57","0","14.6","true","57","0","124.7","true","57","0","124.3","true","57","0","113.5","true","57","0.58","104.5","true","57","0","104.7","true"
"58","0","14.9","true","58","0.28","14.6","true","58","0","124.7","true","58","0.48","124.3","true","58","0","113.5","true","58","0.24","104.5","true","58","0","104.7","true"
"59","0","14.9","true","59","0.02","14.6","true","59","0.26","124.7","true","59","0","124.3","true","59","0.7","113.5","true","59","0.02","104.5","true","59","0","104.7","true"
"60","0","14.9","true","60","0.02","14.6","true","60","0.58","124.7","true","60","0","124.3","true","60","0","113.5","true","60","0.06","104.5","true","60","0.34","104.7","true"
"61","0","14.9","true","61","0.62","14.6","true","61","0","124.7","true","61","0","124.3","true","61","0","113.5","true","61","0","104.5","true","61","0.38","104.7","true"
"62","0","14.9","true","62","0","14.6","true","62","0","124.7","true","62","0","124.3","true","62","0","113.5","true","62","1","104.5","true","62","0","104.7","true"
"63","0","14.9","true","63","0","14.6","true","63","0","124.7","true","63","0","124.3","true","63","0","113.5","true","63","0.98","104.5","true","63","0.02","104.7","true"
"64","0","14.9","true","64","0","14.6","true","64","0","124.7","true","64","0","124.3","true","64","0","113.5","true","64","1","104.5","true","64","0","104.7","true"
"65","0","14.9","true","65","0","14.6","true","65","0","124.7","true","65","0.22","124.3","true","65","0","113.5","true","65","0","104.5","true","65","0.78","104.7","true"
"66","0","14.9","true","66","0.8","14.6","true","66","0","124.7","true","66","0","124.3","true","66","0.2","113.5","true","66","0","104.5","true","66","0","104.7","true"
"67","0","14.9","true","67","0","14.6","true","67","0.3","124.7","true","67","0","124.3","true","67","0.7","113.5","true","67","0","104.5","true","67","0","104.7","true"
"68","0","14.9","true","68","0","14.6","true","68","0","124.7","true","68","0.02","124.3","true","68","0.98","113.5","true","68","0","104.5","true","68","0","104.7","true"
"69","0","14.9","true","69","0","14.6","true","69","0.14","124.7","true","69","0","124.3","true","69","0.86","113.5","true","69","0","104.5","true","69","0","104.7","true"
"70","0","14.9","true","70","0.18","14.6","true","70","0","124.7","true","70","0.14","124.3","true","70","0","113.5","true","70","0","104.5","true","70","0.68","104.7","true"
"71","0","14.9","true","71","0","14.6","true","71","0","124.7","true","71","0.8","124.3","true","71","0","113.5","true","71","0.2","104.5","true","71","0","104.7","true"
"72","0","14.9","true","72","0.02","14.6","true","72","0.9","124.7","true","72","0.02","124.3","true","72","0","113.5","true","72","0.06","104.5","true","72","0","104.7","true"
"73","0","14.9","true","73","1","14.6","true","73","0","124.7","true","73","0","124.3","true","73","0","113.5","true","73","0","104.5","true","73","0","104.7","true"
"74","0","14.9","true","74","0","14.6","true","74","0.02","124.7","true","74","0.98","124.3","true","74","0","113.5","true","74","0","104.5","true","74","0","104.7","true"
"75","0","14.9","true","75","0.94","14.6","true","75","0","124.7","true","75","0.02","124.3","true","75","0","113.5","true","75","0.04","104.5","true","75","0","104.7","true"
"76","0","14.9","true","76","0.44","14.6","true","76","0","124.7","true","76","0","124.3","true","76","0","113.5","true","76","0.56","104.5","true","76","0","104.7","true"
"77","0","14.9","true","77","0.8","14.6","true","77","0","124.7","true","77","0","124.3","true","77","0","113.5","true","77","0.2","104.5","true","77","0","104.7","true"
"78","0","14.9","true","78","0.78","14.6","true","78","0","124.7","true","78","0","124.3","true","78","0.22","113.5","true","78","0","104.5","true","78","0","104.7","true"
"79","0","14.9","true","79","0.76","14.6","true","79","0","124.7","true","79","0","124.3","true","79","0","113.5","true","79","0.24","104.5","true","79","0","104.7","true"
"80","0","14.9","true","80","0.06","14.6","true","80","0.6","124.7","true","80","0","124.3","true","80","0","113.5","true","80","0.34","104.5","true","80","0","104.7","true"
"81","0.26","14.9","true","81","0","14.6","true","81","0","124.7","true","81","0","124.3","true","81","0.74","113.5","true","81","0","104.5","true","81","0","104.7","true"
"82","0.06","14.9","true","82","0","14.6","true","82","0","124.7","true","82","0.24","124.3","true","82","0","113.5","true","82","0.7","104.5","true","82","0","104.7","true"
"83","0","14.9","true","83","0.4","14.6","true","83","0","124.7","true","83","0.02","124.3","true","83","0","113.5","true","83","0","104.5","true","83","0.58","104.7","true"
"84","0","14.9","true","84","0.2","14.6","true","84","0","124.7","true","84","0","124.3","true","84","0.54","113.5","true","84","0","104.5","true","84","0.26","104.7","true"
"85","0","14.9","true","85","0","14.6","true","85","0","124.7","true","85","0.9","124.3","true","85","0","113.5","true","85","0.1","104.5","true","85","0","104.7","true"
"86","0","14.9","true","86","0.2","14.6","true","86","0","124.7","true","86","0.02","124.3","true","86","0.78","113.5","true","86","0","104.5","true","86","0","104.7","true"
"87","0","14.9","true","87","0.04","14.6","true","87","0.58","124.7","true","87","0","124.3","true","87","0","113.5","true","87","0.38","104.5","true","87","0","104.7","true"
"88","0","14.9","true","88","0.3","14.6","true","88","0","124.7","true","88","0","124.3","true","88","0","113.5","true","88","0.02","104.5","true","88","0.68","104.7","true"
"89","0","14.9","true","89","0","14.6","true","89","0.54","124.7","true","89","0","124.3","true","89","0.3","113.5","true","89","0","104.5","true","89","0.16","104.7","true"
"90","0.36","14.9","true","90","0","14.6","true","90","0.22","124.7","true","90","0","124.3","true","90","0.42","113.5","true","90","0","104.5","true","90","0","104.7","true"
"91","0","14.9","true","91","0.4","14.6","true","91","0","124.7","true","91","0","124.3","true","91","0","113.5","true","91","0.58","104.5","true","91","0.02","104.7","true"
"92","0","14.9","true","92","0.5","14.6","true","92","0","124.7","true","92","0","124.3","true","92","0.02","113.5","true","92","0.48","104.5","true","92","0","104.7","true"
"93","0","14.9","true","93","0.6","14.6","true","93","0","124.7","true","93","0","124.3","true","93","0","113.5","true","93","0.4","104.5","true","93","0","104.7","true"
"94","0.16","14.9","true","94","0","14.6","true","94","0.14","124.7","true","94","0","124.3","true","94","0","113.5","true","94","0.7","104.5","true","94","0","104.7","true"
"95","0","14.9","true","95","0","14.6","true","95","0","124.7","true","95","0","124.3","true","95","0.98","113.5","true","95","0.02","104.5","true","95","0","104.7","true"
"96","0","14.9","true","96","0","14.6","true","96","0.02","124.7","true","96","0","124.3","true","96","0","113.5","true","96","0.98","104.5","true","96","0","104.7","true"
"97","0","14.9","true","97","0.98","14.6","true","97","0","124.7","true","97","0","124.3","true","97","0","113.5","true","97","0.02","104.5","true","97","0","104.7","true"
"98","0","14.9","true","98","0.92","14.6","true","98","0","124.7","true","98","0","124.3","true","98","0","113.5","true","98","0.08","104.5","true","98","0","104.7","true"
"99","0","14.9","true","99","0.88","14.6","true","99","0","124.7","true","99","0","124.3","true","99","0.12","113.5","true","99","0","104.5","true","99","0","104.7","true"
"100","0","14.9","true","100","0.7","14.6","true","100","0","124.7","true","100","0","124.3","true","100","0","113.5","true","100","0.3","104.5","true","100","0","104.7","true"

"""polarization"""
"x min","x max","y min","y max","autoplot?","current pen","legend open?","number of pens"
"0","116","0","11.1","true","""0""","false","1"

"pen name","pen down?","mode","interval","color","x"
"""0""","true","0","1","0","100"

"""0"""
"x","y","color","pen down?"
"0","6.578333333333336","0","true"
"1","3.69388888888889","0","true"
"2","4.075555555555555","0","true"
"3","3.0355555555555553","0","true"
"4","2.3644444444444446","0","true"
"5","4.666666666666668","0","true"
"6","3.811666666666666","0","true"
"7","3.43388888888889","0","true"
"8","3.538333333333334","0","true"
"9","0.8333333333333334","0","true"
"10","2.625","0","true"
"11","0.1088888888888889","0","true"
"12","5.458333333333335","0","true"
"13","3.3133333333333335","0","true"
"14","2.280000000000001","0","true"
"15","4.027222222222223","0","true"
"16","2.944999999999999","0","true"
"17","4.471666666666668","0","true"
"18","1.5088888888888885","0","true"
"19","5.746666666666667","0","true"
"20","2.999999999999999","0","true"
"21","2.371666666666667","0","true"
"22","4.791666666666669","0","true"
"23","4.922777777777778","0","true"
"24","5.102222222222224","0","true"
"25","0.9199999999999999","0","true"
"26","5.413333333333333","0","true"
"27","4.249444444444444","0","true"
"28","2.0000000000000004","0","true"
"29","5.413333333333333","0","true"
"30","2.9866666666666672","0","true"
"31","2.5138888888888893","0","true"
"32","2.8888888888888884","0","true"
"33","10.080000000000002","0","true"
"34","1.52","0","true"
"35","5.738333333333333","0","true"
"36","4.846666666666668","0","true"
"37","5.475555555555556","0","true"
"38","3.5555555555555567","0","true"
"39","6.575555555555557","0","true"
"40","4.835555555555556","0","true"
"41","2.880000000000001","0","true"
"42","4.835555555555556","0","true"
"43","3.2466666666666666","0","true"
"44","2.2800000000000002","0","true"
"45","4.171666666666667","0","true"
"46","5.2361111111111125","0","true"
"47","1.7577777777777777","0","true"
"48","1.3116666666666672","0","true"
"49","1.3200000000000003","0","true"
"50","0.4583333333333334","0","true"
"51","5.520000000000001","0","true"
"52","8.300555555555556","0","true"
"53","1.1199999999999999","0","true"
"54","0.9605555555555557","0","true"
"55","1.3888888888888893","0","true"
"56","4.48","0","true"
"57","8.458333333333334","0","true"
"58","2.88","0","true"
"59","1.2866666666666664","0","true"
"60","5.124444444444445","0","true"
"61","8.180555555555554","0","true"
"62","6.162975822039155E-31","0","true"
"63","0.027222222222222207","0","true"
"64","6.162975822039155E-31","0","true"
"65","2.1449999999999996","0","true"
"66","1.9999999999999998","0","true"
"67","1.166666666666666","0","true"
"68","0.027222222222222207","0","true"
"69","0.6688888888888886","0","true"
"70","5.58","0","true"
"71","0.8888888888888891","0","true"
"72","0.7605555555555559","0","true"
"73","3.8518598887744717E-32","0","true"
"74","0.027222222222222224","0","true"
"75","0.9444444444444444","0","true"
"76","5.475555555555556","0","true"
"77","3.555555555555557","0","true"
"78","2.145","0","true"
"79","4.053333333333333","0","true"
"80","3.0533333333333337","0","true"
"81","4.275555555555554","0","true"
"82","2.571666666666667","0","true"
"83","8.245000000000001","0","true"
"84","3.9355555555555553","0","true"
"85","0.5000000000000001","0","true"
"86","1.993888888888889","0","true"
"87","3.125000000000001","0","true"
"88","7.235555555555557","0","true"
"89","3.086666666666667","0","true"
"90","4.313333333333333","0","true"
"91","5.449444444444445","0","true"
"92","5.4716666666666685","0","true"
"93","5.333333333333335","0","true"
"94","5.238333333333333","0","true"
"95","0.02722222222222225","0","true"
"96","0.24500000000000005","0","true"
"97","0.43555555555555564","0","true"
"98","1.6355555555555559","0","true"
"99","1.3199999999999998","0","true"
"100","4.666666666666668","0","true"

"""media-a-histogram"""
"x min","x max","y min","y max","autoplot?","current pen","legend open?","number of pens"
"-1","8","0","10","true","""default""","false","1"

"pen name","pen down?","mode","interval","color","x"
"""default""","true","1","1","0","6"

"""default"""
"x","y","color","pen down?"
"0","1","0","true"
"1","4","0","true"
"2","2","0","true"
"3","1","0","true"
"4","2","0","true"
"5","4","0","true"
"6","1","0","true"

"""homophily"""
"x min","x max","y min","y max","autoplot?","current pen","legend open?","number of pens"
"0","116","0","1","true","""default""","false","1"

"pen name","pen down?","mode","interval","color","x"
"""default""","true","0","1","0","100"

"""default"""
"x","y","color","pen down?"
"0","0.2663184712819219","0","true"
"1","0.7376658627614525","0","true"
"2","0.5891905107498738","0","true"
"3","0.40042460166515115","0","true"
"4","0.43866686154794693","0","true"
"5","0.5025229106855932","0","true"
"6","0.40755836863573336","0","true"
"7","0.47444098859058387","0","true"
"8","0.5689600366757355","0","true"
"9","0.7626679370582691","0","true"
"10","0.44319061854383845","0","true"
"11","0.9259259259259258","0","true"
"12","0.37804912944247226","0","true"
"13","0.4534481190365697","0","true"
"14","0.5556914437820157","0","true"
"15","0.45688252198705576","0","true"
"16","0.5237514998897944","0","true"
"17","0.39197114126157856","0","true"
"18","0.6305090499635558","0","true"
"19","0.35548665246484856","0","true"
"20","0.4477502562791618","0","true"
"21","0.4549025672695322","0","true"
"22","0.44061215688132316","0","true"
"23","0.33857711425248876","0","true"
"24","0.5069054280162052","0","true"
"25","0.7954859977249275","0","true"
"26","0.3711293466803202","0","true"
"27","0.39733265798188033","0","true"
"28","0.49672728433640345","0","true"
"29","0.4422672228581881","0","true"
"30","0.5103211379964141","0","true"
"31","0.618900245586","0","true"
"32","0.42218532353408533","0","true"
"33","0.5116691094902726","0","true"
"34","0.5383120844526944","0","true"
"35","0.33686242700261115","0","true"
"36","0.39922003608800816","0","true"
"37","0.42876829413484596","0","true"
"38","0.6114552021216116","0","true"
"39","0.3299066452166767","0","true"
"40","0.4660193888030954","0","true"
"41","0.4892068931419358","0","true"
"42","0.39746019264206944","0","true"
"43","0.40125244466527904","0","true"
"44","0.47747691790693064","0","true"
"45","0.3744856520158967","0","true"
"46","0.3344370142839831","0","true"
"47","0.48845148158432783","0","true"
"48","0.4898500428228652","0","true"
"49","0.6128374542574778","0","true"
"50","0.8709576790432746","0","true"
"51","0.2844680101025434","0","true"
"52","0.39571052690204067","0","true"
"53","0.6228869211671398","0","true"
"54","0.6728540314722946","0","true"
"55","0.45824192555493193","0","true"
"56","0.46537898464627403","0","true"
"57","0.36797876382739325","0","true"
"58","0.40552745739185403","0","true"
"59","0.5387740279065614","0","true"
"60","0.3831990951766363","0","true"
"61","0.4223806637074806","0","true"
"62","1","0","true"
"63","0.9615384615384615","0","true"
"64","1","0","true"
"65","0.48795060744871543","0","true"
"66","0.29449915935207077","0","true"
"67","0.5488231499543981","0","true"
"68","0.9609823367261752","0","true"
"69","0.675467691894623","0","true"
"70","0.39039864341240127","0","true"
"71","0.6049382716049383","0","true"
"72","0.6008310295731655","0","true"
"73","1","0","true"
"74","0.9615384615384615","0","true"
"75","0.7294921375960939","0","true"
"76","0.3349366551352132","0","true"
"77","0.5699669971541903","0","true"
"78","0.5945766237929224","0","true"
"79","0.5291706892606907","0","true"
"80","0.5078685702878531","0","true"
"81","0.5045840500247051","0","true"
"82","0.49778660983293005","0","true"
"83","0.315318807213491","0","true"
"84","0.384174798017613","0","true"
"85","0.7349056847346573","0","true"
"86","0.5079525893512009","0","true"
"87","0.45244294884237857","0","true"
"88","0.544677910060213","0","true"
"89","0.46207963878834785","0","true"
"90","0.36118615075243565","0","true"
"91","0.377120996548721","0","true"
"92","0.42514659877753597","0","true"
"93","0.33077697767562103","0","true"
"94","0.44856004517631165","0","true"
"95","0.9614571296741004","0","true"
"96","0.8936678799543658","0","true"
"97","0.7216740026882593","0","true"
"98","0.6642054456343428","0","true"
"99","0.6347519197326982","0","true"
"100","0.3844065266207464","0","true"

"""fragmentation"""
"x min","x max","y min","y max","autoplot?","current pen","legend open?","number of pens"
"0","116","0","1","true","""default""","false","1"

"pen name","pen down?","mode","interval","color","x"
"""default""","true","0","1","0","100"

"""default"""
"x","y","color","pen down?"
"0","0.556815018096488","0","true"
"1","0.6036043804432181","0","true"
"2","0.5985975714041389","0","true"
"3","0.42028061813580153","0","true"
"4","0.46804680468046805","0","true"
"5","0.6153846153846154","0","true"
"6","0.5095170506241583","0","true"
"7","0.553600379611689","0","true"
"8","0.6118078923218109","0","true"
"9","0.47606093579978237","0","true"
"10","0.413260672116258","0","true"
"11","0.3967951163677985","0","true"
"12","0.6118078923218109","0","true"
"13","0.47895997263085877","0","true"
"14","0.5750431282346176","0","true"
"15","0.5707995270518205","0","true"
"16","0.5209690023443605","0","true"
"17","0.544567786720924","0","true"
"18","0.5878894767783657","0","true"
"19","0.5079967622184386","0","true"
"20","0.5235602094240838","0","true"
"21","0.5657708628005658","0","true"
"22","0.6118078923218109","0","true"
"23","0.4697562171719127","0","true"
"24","0.49036777583187385","0","true"
"25","0.4849660523763336","0","true"
"26","0.6153846153846154","0","true"
"27","0.4710157117383844","0","true"
"28","0.5316973415132924","0","true"
"29","0.47214353163361666","0","true"
"30","0.6153846153846154","0","true"
"31","0.5779153766769866","0","true"
"32","0.556527269836222","0","true"
"33","0.4666666666666667","0","true"
"34","0.48053820278712156","0","true"
"35","0.5233449216851707","0","true"
"36","0.5953062392673154","0","true"
"37","0.6153846153846154","0","true"
"38","0.6153846153846154","0","true"
"39","0.5419634561783834","0","true"
"40","0.6153846153846154","0","true"
"41","0.556792873051225","0","true"
"42","0.6153846153846154","0","true"
"43","0.47444760742849396","0","true"
"44","0.5750431282346176","0","true"
"45","0.5090723973673685","0","true"
"46","0.5460431374078553","0","true"
"47","0.48034035545186304","0","true"
"48","0.5239611462657692","0","true"
"49","0.5945303210463734","0","true"
"50","0.6118078923218109","0","true"
"51","0.6153846153846154","0","true"
"52","0.5138557533492384","0","true"
"53","0.47619047619047616","0","true"
"54","0.40031321209561765","0","true"
"55","0.48036951501154734","0","true"
"56","0.6153846153846154","0","true"
"57","0.5427408412483039","0","true"
"58","0.48462255358807077","0","true"
"59","0.48053820278712156","0","true"
"60","0.48156301596037426","0","true"
"61","0.5489119780435209","0","true"
"62","0.6153846153846154","0","true"
"63","0.6114872242847783","0","true"
"64","0.6153846153846154","0","true"
"65","0.4484525921545437","0","true"
"66","0.5813953488372093","0","true"
"67","0.47619047619047616","0","true"
"68","0.4742102575326475","0","true"
"69","0.47619047619047616","0","true"
"70","0.47505318246479505","0","true"
"71","0.42448979591836733","0","true"
"72","0.48291233283803864","0","true"
"73","0.6153846153846154","0","true"
"74","0.3953049930061424","0","true"
"75","0.6085430076067876","0","true"
"76","0.6153846153846154","0","true"
"77","0.6153846153846154","0","true"
"78","0.5782017924255565","0","true"
"79","0.6153846153846154","0","true"
"80","0.5235602094240838","0","true"
"81","0.473677087562593","0","true"
"82","0.5332473886992573","0","true"
"83","0.5145021767399784","0","true"
"84","0.49599659888046477","0","true"
"85","0.4086444007858546","0","true"
"86","0.496581229229535","0","true"
"87","0.5261773217574323","0","true"
"88","0.5057803468208093","0","true"
"89","0.47464062923786277","0","true"
"90","0.4727174500270124","0","true"
"91","0.6114872242847783","0","true"
"92","0.6118078923218109","0","true"
"93","0.6153846153846154","0","true"
"94","0.5635843967634153","0","true"
"95","0.4783544606553456","0","true"
"96","0.6118078923218109","0","true"
"97","0.6153846153846154","0","true"
"98","0.6153846153846154","0","true"
"99","0.5945303210463734","0","true"
"100","0.6153846153846154","0","true"

"EXTENSIONS"

